decam/transmission_system/n29/r_decam_sdss_c0002_6415.0_1480.0/2012-09-12T00:00:00.ecsv
# %ECSV 1.0
# ---
# datatype:
# - {name: wavelength, unit: Angstrom, datatype: float64}
# - {name: throughput, datatype: float64}
# meta: !!omap
# - {MODE: DETECTOR}
# - {TYPE: transmission_system}
# - {CALIBDATE: '2012-09-12T00:00:00'}
# - {INSTRUME: DECam}
# - {OBSTYPE: transmission_system}
# - {CALIBCLS: lsst.ip.isr.IntermediateSystemTransmissionCurve}
# - {DETECTOR: 60}
# - {DETECTOR_NAME: N29}
# - {SOURCE: r_band_per_detector_throughput.fits}
# - {FILTER: r DECam SDSS c0002 6415.0 1480.0}
# - {CALIB_CREATION_DATE: '2012-09-12'}
# - {CALIB_CREATION_TIME: '00:00:00'}
# schema: astropy-2.0
wavelength throughput
5350.0 0.0
5360.0 0.0
5370.0 0.0
5380.0 0.0
5390.0 0.0
5400.0 0.0
5410.0 0.003978813998401165
5420.0 0.004440534394234419
5430.0 0.0050824363715946674
5440.0 0.005724338348954916
5450.0 0.0064769028685987
5460.0 0.0072294785641133785
5470.0 0.007956226356327534
5480.0 0.008682984858751297
5490.0 0.009655037894845009
5500.0 0.010627102106809616
5510.0 0.011733477003872395
5520.0 0.01283986121416092
5530.0 0.014176037162542343
5540.0 0.015512222424149513
5550.0 0.017206579446792603
5560.0 0.018900925293564796
5570.0 0.020967131480574608
5580.0 0.02303333580493927
5590.0 0.026118429377675056
5600.0 0.029203513637185097
5610.0 0.036430373787879944
5620.0 0.04365723580121994
5630.0 0.07109404355287552
5640.0 0.0985308513045311
5650.0 0.19805248081684113
5660.0 0.29757413268089294
5670.0 0.4689302444458008
5680.0 0.640286386013031
5690.0 0.7175011038780212
5700.0 0.7947158217430115
5710.0 0.8030813336372375
5720.0 0.8114467859268188
5730.0 0.8156862854957581
5740.0 0.8199257254600525
5750.0 0.8231556415557861
5760.0 0.8263856172561646
5770.0 0.8286101222038269
5780.0 0.830834686756134
5790.0 0.8326072096824646
5800.0 0.8343797922134399
5810.0 0.839293360710144
5820.0 0.8442068696022034
5830.0 0.8466846346855164
5840.0 0.8491622805595398
5850.0 0.8478705286979675
5860.0 0.8465786576271057
5870.0 0.8440664410591125
5880.0 0.8415542244911194
5890.0 0.8421005606651306
5900.0 0.8426468372344971
5910.0 0.8467674255371094
5920.0 0.8508880734443665
5930.0 0.853037416934967
5940.0 0.8551867008209229
5950.0 0.8547179102897644
5960.0 0.8542491793632507
5970.0 0.8548911809921265
5980.0 0.855533242225647
5990.0 0.8576194643974304
6000.0 0.8597057461738586
6010.0 0.8634706139564514
6020.0 0.8672354817390442
6030.0 0.8647666573524475
6040.0 0.872649610042572
6050.0 0.8733443021774292
6060.0 0.8740389347076416
6070.0 0.8736419081687927
6080.0 0.8732448220252991
6090.0 0.8740851283073425
6100.0 0.874925434589386
6110.0 0.8779256939888
6120.0 0.8809258937835693
6130.0 0.8841645121574402
6140.0 0.887403130531311
6150.0 0.8894045948982239
6160.0 0.8914061188697815
6170.0 0.8925468921661377
6180.0 0.8936876058578491
6190.0 0.8934098482131958
6200.0 0.893132209777832
6210.0 0.8939952850341797
6220.0 0.8948583602905273
6230.0 0.8951299786567688
6240.0 0.8954014778137207
6250.0 0.8963585495948792
6260.0 0.897315502166748
6270.0 0.8994525671005249
6280.0 0.901589572429657
6290.0 0.9032571315765381
6300.0 0.9049248099327087
6310.0 0.9059141278266907
6320.0 0.9069035053253174
6330.0 0.9079713225364685
6340.0 0.9090391397476196
6350.0 0.9105870723724365
6360.0 0.9121350646018982
6370.0 0.9139164686203003
6380.0 0.9156978130340576
6390.0 0.9159703254699707
6400.0 0.9162428975105286
6410.0 0.9166508316993713
6420.0 0.9170587658882141
6430.0 0.9172971248626709
6440.0 0.9175354242324829
6450.0 0.9177060723304749
6460.0 0.9178767800331116
6470.0 0.9180494546890259
6480.0 0.9182220697402954
6490.0 0.9184775948524475
6500.0 0.9187331199645996
6510.0 0.9199305176734924
6520.0 0.9211278557777405
6530.0 0.9230571985244751
6540.0 0.9249864816665649
6550.0 0.9271580576896667
6560.0 0.9293296337127686
6570.0 0.9305650591850281
6580.0 0.931800365447998
6590.0 0.9315824508666992
6600.0 0.9313645362854004
6610.0 0.930903434753418
6620.0 0.9304423332214355
6630.0 0.9293274879455566
6640.0 0.928212583065033
6650.0 0.9290460348129272
6660.0 0.929879367351532
6670.0 0.932228147983551
6680.0 0.9345768690109253
6690.0 0.9363760948181152
6700.0 0.9381752014160156
6710.0 0.9391383528709412
6720.0 0.9401015043258667
6730.0 0.9396134614944458
6740.0 0.9391252994537354
6750.0 0.9383852481842041
6760.0 0.9376451373100281
6770.0 0.9379616975784302
6780.0 0.9382782578468323
6790.0 0.9390687346458435
6800.0 0.9398592114448547
6810.0 0.9404474496841431
6820.0 0.9410357475280762
6830.0 0.9415179491043091
6840.0 0.9420000910758972
6850.0 0.9422459006309509
6860.0 0.9424917101860046
6870.0 0.9418469071388245
6880.0 0.9412021636962891
6890.0 0.9405437707901001
6900.0 0.9398854970932007
6910.0 0.939240574836731
6920.0 0.9385956525802612
6930.0 0.9379034042358398
6940.0 0.9372110366821289
6950.0 0.9368523359298706
6960.0 0.9364936351776123
6970.0 0.9371691346168518
6980.0 0.9378446936607361
6990.0 0.938283383846283
7000.0 0.9387220740318298
7010.0 0.9384258985519409
7020.0 0.938129723072052
7030.0 0.9343258142471313
7040.0 0.9305220246315002
7050.0 0.9218394160270691
7060.0 0.9131568670272827
7070.0 0.9003000259399414
7080.0 0.8874431848526001
7090.0 0.8767737746238708
7100.0 0.8661044239997864
7110.0 0.8231600522994995
7120.0 0.7802157402038574
7130.0 0.6648207902908325
7140.0 0.5494258403778076
7150.0 0.3944012224674225
7160.0 0.23937664926052094
7170.0 0.15345971286296844
7180.0 0.06754277646541595
7190.0 0.04431511089205742
7200.0 0.021087441593408585
7210.0 0.013955976814031601
7220.0 0.0068245017901062965
7230.0 0.005467369686812162
7240.0 0.004110237117856741
7250.0 0.0029996156226843596
7260.0 0.00188898341730237
7270.0 0.0014343350194394588
7280.0 0.0009796867379918694
7290.0 0.0007866592495702207
7300.0 0.0005936318193562329
7310.0 0.0005465251160785556
7320.0 0.0004994184128008783
7330.0 0.0004468179540708661
7340.0 0.0003942279436159879
7350.0 0.0
7360.0 0.0
7370.0 0.0
7380.0 0.0
7390.0 0.0
7400.0 0.0
