decam/transmission_system/n6/g_decam_sdss_c0001_4720.0_1520.0/2012-09-12T00:00:00.ecsv
# %ECSV 1.0
# ---
# datatype:
# - {name: wavelength, unit: Angstrom, datatype: float64}
# - {name: throughput, datatype: float64}
# meta: !!omap
# - {MODE: DETECTOR}
# - {TYPE: transmission_system}
# - {CALIBDATE: '2012-09-12T00:00:00'}
# - {INSTRUME: DECam}
# - {OBSTYPE: transmission_system}
# - {CALIBCLS: lsst.ip.isr.IntermediateSystemTransmissionCurve}
# - {DETECTOR: 37}
# - {DETECTOR_NAME: N6}
# - {SOURCE: g_band_per_detector_throughput.fits}
# - {FILTER: g DECam SDSS c0001 4720.0 1520.0}
# - {CALIB_CREATION_DATE: '2012-09-12'}
# - {CALIB_CREATION_TIME: '00:00:00'}
# schema: astropy-2.0
wavelength throughput
3750.0 0.0
3760.0 0.0
3770.0 0.0
3780.0 0.0
3790.0 0.0
3800.0 0.0
3810.0 0.0009595811716280878
3820.0 0.0009857931872829795
3830.0 0.0011763281654566526
3840.0 0.0013645576545968652
3850.0 0.0015780230751261115
3860.0 0.0017914882628247142
3870.0 0.0020864869002252817
3880.0 0.0023814851883798838
3890.0 0.0029316763393580914
3900.0 0.003481867490336299
3910.0 0.003391600213944912
3920.0 0.006641008425503969
3930.0 0.014619147405028343
3940.0 0.02259729616343975
3950.0 0.023236943408846855
3960.0 0.1393715888261795
3970.0 0.24016441404819489
3980.0 0.34095725417137146
3990.0 0.3400294780731201
4000.0 0.3681727349758148
4010.0 0.38404783606529236
4020.0 0.3999229669570923
4030.0 0.40472057461738586
4040.0 0.4079550504684448
4050.0 0.40869462490081787
4060.0 0.4174558222293854
4070.0 0.4213300943374634
4080.0 0.43294283747673035
4090.0 0.4337923228740692
4100.0 0.4389083981513977
4110.0 0.44345301389694214
4120.0 0.4479976296424866
4130.0 0.4508512616157532
4140.0 0.456055611371994
4150.0 0.45858830213546753
4160.0 0.4713154137134552
4170.0 0.4777533710002899
4180.0 0.48419132828712463
4190.0 0.4857141673564911
4200.0 0.48564374446868896
4210.0 0.48672711849212646
4220.0 0.4928576648235321
4230.0 0.4934590756893158
4240.0 0.5097599029541016
4250.0 0.514755368232727
4260.0 0.5197508335113525
4270.0 0.5233156681060791
4280.0 0.5326165556907654
4290.0 0.5328226089477539
4300.0 0.5426965355873108
4310.0 0.5463212132453918
4320.0 0.5499458312988281
4330.0 0.5546525716781616
4340.0 0.5593593120574951
4350.0 0.5651890635490417
4360.0 0.5710188746452332
4370.0 0.5757328271865845
4380.0 0.5804468393325806
4390.0 0.5870612859725952
4400.0 0.5936757922172546
4410.0 0.5971951484680176
4420.0 0.6007145047187805
4430.0 0.6039991974830627
4440.0 0.607283890247345
4450.0 0.6105011105537415
4460.0 0.6137182712554932
4470.0 0.6162526607513428
4480.0 0.6187869310379028
4490.0 0.6220015287399292
4500.0 0.6252160668373108
4510.0 0.6284162998199463
4520.0 0.631616473197937
4530.0 0.6360874772071838
4540.0 0.6405583620071411
4550.0 0.6425979733467102
4560.0 0.6446376442909241
4570.0 0.6455017328262329
4580.0 0.6463658809661865
4590.0 0.6504733562469482
4600.0 0.6545808911323547
4610.0 0.6582828760147095
4620.0 0.6619849801063538
4630.0 0.664949893951416
4640.0 0.6679147481918335
4650.0 0.6701151728630066
4660.0 0.6723155975341797
4670.0 0.6722114682197571
4680.0 0.6721073389053345
4690.0 0.6735770106315613
4700.0 0.6750466823577881
4710.0 0.6775268316268921
4720.0 0.6800069212913513
4730.0 0.6836137175559998
4740.0 0.687220573425293
4750.0 0.6912825107574463
4760.0 0.6953445076942444
4770.0 0.6960234045982361
4780.0 0.6967023015022278
4790.0 0.6973006129264832
4800.0 0.6978990435600281
4810.0 0.7008115649223328
4820.0 0.7037241458892822
4830.0 0.7045885920524597
4840.0 0.7054530382156372
4850.0 0.7049354910850525
4860.0 0.7044179439544678
4870.0 0.7072204947471619
4880.0 0.7100231051445007
4890.0 0.7137027382850647
4900.0 0.7173824310302734
4910.0 0.7185378074645996
4920.0 0.7196931838989258
4930.0 0.7187150120735168
4940.0 0.7177368402481079
4950.0 0.7191309928894043
4960.0 0.7205250859260559
4970.0 0.7247799634933472
4980.0 0.7290347814559937
4990.0 0.7311179041862488
5000.0 0.7332010865211487
5010.0 0.7358804941177368
5020.0 0.738559901714325
5030.0 0.739711344242096
5040.0 0.7408628463745117
5050.0 0.7423688173294067
5060.0 0.743874728679657
5070.0 0.7468129992485046
5080.0 0.7497512698173523
5090.0 0.7510343194007874
5100.0 0.7523173689842224
5110.0 0.750895619392395
5120.0 0.7494738101959229
5130.0 0.7512868642807007
5140.0 0.7530999183654785
5150.0 0.7571709752082825
5160.0 0.7612420320510864
5170.0 0.7621752619743347
5180.0 0.7631084322929382
5190.0 0.764711856842041
5200.0 0.7663152813911438
5210.0 0.7703889012336731
5220.0 0.7744625210762024
5230.0 0.7779377698898315
5240.0 0.7814130187034607
5250.0 0.7830086350440979
5260.0 0.7846042513847351
5270.0 0.784826934337616
5280.0 0.7850496768951416
5290.0 0.7859062552452087
5300.0 0.7867628931999207
5310.0 0.7890341877937317
5320.0 0.791305422782898
5330.0 0.7931954860687256
5340.0 0.795085608959198
5350.0 0.797296941280365
5360.0 0.7995082139968872
5370.0 0.7964449524879456
5380.0 0.7933816313743591
5390.0 0.7880509495735168
5400.0 0.7827202677726746
5410.0 0.7849324345588684
5420.0 0.7871445417404175
5430.0 0.7935053110122681
5440.0 0.7998660802841187
5450.0 0.7362927794456482
5460.0 0.6727194786071777
5470.0 0.4687388241291046
5480.0 0.2647581696510315
5490.0 0.1569969356060028
5500.0 0.04923569783568382
5510.0 0.030293501913547516
5520.0 0.011351295746862888
5530.0 0.006996821612119675
5540.0 0.002642348175868392
5550.0 0.001834845868870616
5560.0 0.0010273439111188054
5570.0 0.0008223942713811994
5580.0 0.000617444806266576
5590.0 0.0005495679215528071
5600.0 0.0004816910659428686
5610.0 0.000436734058894217
5620.0 0.00039177705184556544
5630.0 0.00036006103619001806
5640.0 0.0003283449914306402
5650.0 0.0
5660.0 0.0
5670.0 0.0
5680.0 0.0
5690.0 0.0
5700.0 0.0
