decam/transmission_system/n24/r_decam_sdss_c0002_6415.0_1480.0/2012-09-12T00:00:00.ecsv
# %ECSV 1.0
# ---
# datatype:
# - {name: wavelength, unit: Angstrom, datatype: float64}
# - {name: throughput, datatype: float64}
# meta: !!omap
# - {MODE: DETECTOR}
# - {TYPE: transmission_system}
# - {CALIBDATE: '2012-09-12T00:00:00'}
# - {INSTRUME: DECam}
# - {OBSTYPE: transmission_system}
# - {CALIBCLS: lsst.ip.isr.IntermediateSystemTransmissionCurve}
# - {DETECTOR: 55}
# - {DETECTOR_NAME: N24}
# - {SOURCE: r_band_per_detector_throughput.fits}
# - {FILTER: r DECam SDSS c0002 6415.0 1480.0}
# - {CALIB_CREATION_DATE: '2012-09-12'}
# - {CALIB_CREATION_TIME: '00:00:00'}
# schema: astropy-2.0
wavelength throughput
5350.0 0.0
5360.0 0.0
5370.0 0.0
5380.0 0.0
5390.0 0.0
5400.0 0.0
5410.0 0.003416618099436164
5420.0 0.0038021330256015062
5430.0 0.004350184462964535
5440.0 0.004898225888609886
5450.0 0.005540698766708374
5460.0 0.006183160934597254
5470.0 0.006831127684563398
5480.0 0.007479093968868256
5490.0 0.008430181071162224
5500.0 0.009381266310811043
5510.0 0.010410490445792675
5520.0 0.011439723894000053
5530.0 0.01264076866209507
5540.0 0.013841823674738407
5550.0 0.015469975769519806
5560.0 0.017098138108849525
5570.0 0.019232913851737976
5580.0 0.02136768214404583
5590.0 0.024583546444773674
5600.0 0.027799399569630623
5610.0 0.03468230739235878
5620.0 0.04156521335244179
5630.0 0.06594473868608475
5640.0 0.09032425284385681
5650.0 0.1817876547574997
5660.0 0.2732510566711426
5670.0 0.44289007782936096
5680.0 0.6125290989875793
5690.0 0.7013980150222778
5700.0 0.7902669310569763
5710.0 0.8037752509117126
5720.0 0.8172835111618042
5730.0 0.8219513893127441
5740.0 0.8266192674636841
5750.0 0.8306028842926025
5760.0 0.8345866203308105
5770.0 0.8366389274597168
5780.0 0.8386912941932678
5790.0 0.8404620885848999
5800.0 0.8422328233718872
5810.0 0.8469305038452148
5820.0 0.8516280651092529
5830.0 0.8535000085830688
5840.0 0.85537189245224
5850.0 0.8537981510162354
5860.0 0.8522244691848755
5870.0 0.849428653717041
5880.0 0.8466328382492065
5890.0 0.8474037051200867
5900.0 0.8481746315956116
5910.0 0.8526891469955444
5920.0 0.8572037220001221
5930.0 0.859703540802002
5940.0 0.8622034192085266
5950.0 0.8615686893463135
5960.0 0.8609339594841003
5970.0 0.861575722694397
5980.0 0.8622174263000488
5990.0 0.8645152449607849
6000.0 0.866813063621521
6010.0 0.8694790005683899
6020.0 0.8721449971199036
6030.0 0.8729540109634399
6040.0 0.8774318099021912
6050.0 0.8779429197311401
6060.0 0.8784539699554443
6070.0 0.8773740530014038
6080.0 0.8762940764427185
6090.0 0.8771368861198425
6100.0 0.8779796361923218
6110.0 0.8810012936592102
6120.0 0.8840230107307434
6130.0 0.8869838118553162
6140.0 0.8899446129798889
6150.0 0.8915278315544128
6160.0 0.8931110501289368
6170.0 0.8946250677108765
6180.0 0.8961391448974609
6190.0 0.8960994482040405
6200.0 0.8960596323013306
6210.0 0.8966037631034851
6220.0 0.8971478939056396
6230.0 0.8977335691452026
6240.0 0.8983193039894104
6250.0 0.8988097906112671
6260.0 0.899300217628479
6270.0 0.9009168744087219
6280.0 0.9025334119796753
6290.0 0.9042193293571472
6300.0 0.9059051871299744
6310.0 0.9062461853027344
6320.0 0.9065872430801392
6330.0 0.9069912433624268
6340.0 0.9073953032493591
6350.0 0.9091925024986267
6360.0 0.9109897017478943
6370.0 0.9127774834632874
6380.0 0.9145652651786804
6390.0 0.9149296879768372
6400.0 0.9152941107749939
6410.0 0.9155920743942261
6420.0 0.9158899784088135
6430.0 0.9153429865837097
6440.0 0.9147959351539612
6450.0 0.9144510626792908
6460.0 0.9141062498092651
6470.0 0.914603590965271
6480.0 0.9151009321212769
6490.0 0.9153798818588257
6500.0 0.9156588315963745
6510.0 0.9160577058792114
6520.0 0.9164566397666931
6530.0 0.9184779524803162
6540.0 0.9204992651939392
6550.0 0.9226192235946655
6560.0 0.9247391223907471
6570.0 0.9256054759025574
6580.0 0.9264718294143677
6590.0 0.9266617298126221
6600.0 0.9268516898155212
6610.0 0.9259763360023499
6620.0 0.9251009821891785
6630.0 0.9238159656524658
6640.0 0.922531008720398
6650.0 0.922774612903595
6660.0 0.9230182766914368
6670.0 0.9253422617912292
6680.0 0.927666187286377
6690.0 0.9296301007270813
6700.0 0.9315939545631409
6710.0 0.9320945739746094
6720.0 0.9325953125953674
6730.0 0.93181973695755
6740.0 0.9310442209243774
6750.0 0.9297068119049072
6760.0 0.928369402885437
6770.0 0.9280397891998291
6780.0 0.9277101755142212
6790.0 0.9286367297172546
6800.0 0.9295632243156433
6810.0 0.9300109148025513
6820.0 0.9304586052894592
6830.0 0.9307985901832581
6840.0 0.9311385154724121
6850.0 0.9313063621520996
6860.0 0.9314742088317871
6870.0 0.9308335781097412
6880.0 0.9301929473876953
6890.0 0.9295164346694946
6900.0 0.9288398623466492
6910.0 0.9274731874465942
6920.0 0.9261065125465393
6930.0 0.9252905249595642
6940.0 0.9244745373725891
6950.0 0.9234852194786072
6960.0 0.92249596118927
6970.0 0.9219604730606079
6980.0 0.921424925327301
6990.0 0.9220492839813232
7000.0 0.9226736426353455
7010.0 0.9226585030555725
7020.0 0.9226433634757996
7030.0 0.9193170666694641
7040.0 0.9159908890724182
7050.0 0.9104328155517578
7060.0 0.904874861240387
7070.0 0.8909362554550171
7080.0 0.8769975900650024
7090.0 0.8637190461158752
7100.0 0.8504404425621033
7110.0 0.8329715728759766
7120.0 0.8155027627944946
7130.0 0.719099223613739
7140.0 0.6226957440376282
7150.0 0.4589042067527771
7160.0 0.295112669467926
7170.0 0.19191160798072815
7180.0 0.08871056139469147
7190.0 0.05757574364542961
7200.0 0.02644091658294201
7210.0 0.017326142638921738
7220.0 0.008211366832256317
7230.0 0.00653782207518816
7240.0 0.0048642875626683235
7250.0 0.0034923043567687273
7260.0 0.002120331861078739
7270.0 0.0016134256729856133
7280.0 0.0011065196013078094
7290.0 0.0008833754691295326
7300.0 0.0006602313369512558
7310.0 0.0005876188515685499
7320.0 0.0005150064243935049
7330.0 0.00046606152318418026
7340.0 0.00041710626101121306
7350.0 0.0
7360.0 0.0
7370.0 0.0
7380.0 0.0
7390.0 0.0
7400.0 0.0
