decam/transmission_system/s2/i_decam_sdss_c0003_7835.0_1470.0/2012-09-12T00:00:00.ecsv
# %ECSV 1.0
# ---
# datatype:
# - {name: wavelength, unit: Angstrom, datatype: float64}
# - {name: throughput, datatype: float64}
# meta: !!omap
# - {MODE: DETECTOR}
# - {TYPE: transmission_system}
# - {CALIBDATE: '2012-09-12T00:00:00'}
# - {INSTRUME: DECam}
# - {OBSTYPE: transmission_system}
# - {CALIBCLS: lsst.ip.isr.IntermediateSystemTransmissionCurve}
# - {DETECTOR: 26}
# - {DETECTOR_NAME: S2}
# - {SOURCE: i_band_per_detector_throughput.fits}
# - {FILTER: i DECam SDSS c0003 7835.0 1470.0}
# - {CALIB_CREATION_DATE: '2012-09-12'}
# - {CALIB_CREATION_TIME: '00:00:00'}
# schema: astropy-2.0
wavelength throughput
6700.0 0.0
6710.0 0.0
6720.0 0.0
6730.0 0.0
6740.0 0.0
6750.0 0.0
6760.0 0.0008171394583769143
6770.0 0.000934999727178365
6780.0 0.0010528599377721548
6790.0 0.0011640010634437203
6800.0 0.0012751421891152859
6810.0 0.0014138348633423448
6820.0 0.0015525172930210829
6830.0 0.0017376727191731334
6840.0 0.001922818017192185
6850.0 0.002197638154029846
6860.0 0.0024724688846617937
6870.0 0.002847889671102166
6880.0 0.003223310224711895
6890.0 0.0037158119957894087
6900.0 0.00420831423252821
6910.0 0.004911290481686592
6920.0 0.0056142560206353664
6930.0 0.006858627777546644
6940.0 0.00810299813747406
6950.0 0.010488368570804596
6960.0 0.012873737141489983
6970.0 0.01836855337023735
6980.0 0.023863371461629868
6990.0 0.03666647896170616
7000.0 0.049469590187072754
7010.0 0.07653585821390152
7020.0 0.10360213369131088
7030.0 0.15240336954593658
7040.0 0.2012045979499817
7050.0 0.2758420705795288
7060.0 0.35047951340675354
7070.0 0.4431622326374054
7080.0 0.5358449220657349
7090.0 0.6261858344078064
7100.0 0.7165267467498779
7110.0 0.7861955761909485
7120.0 0.855864405632019
7130.0 0.8976756930351257
7140.0 0.9394870400428772
7150.0 0.9583985209465027
7160.0 0.9773100018501282
7170.0 0.9845533967018127
7180.0 0.9917967319488525
7190.0 0.992085337638855
7200.0 0.9923739433288574
7210.0 0.9919500946998596
7220.0 0.9915263056755066
7230.0 0.9933373332023621
7240.0 0.9951484799385071
7250.0 0.9991350769996643
7260.0 1.0031216144561768
7270.0 1.0075819492340088
7280.0 1.0120422840118408
7290.0 1.0134819746017456
7300.0 1.0149216651916504
7310.0 1.012892723083496
7320.0 1.0108639001846313
7330.0 1.0069094896316528
7340.0 1.0029550790786743
7350.0 1.0006300210952759
7360.0 0.9983049631118774
7370.0 0.9995023012161255
7380.0 1.0006996393203735
7390.0 1.0049703121185303
7400.0 1.009240984916687
7410.0 1.012588381767273
7420.0 1.0159356594085693
7430.0 1.016694188117981
7440.0 1.0174527168273926
7450.0 1.0159800052642822
7460.0 1.0145072937011719
7470.0 1.0127567052841187
7480.0 1.0110059976577759
7490.0 1.0110541582107544
7500.0 1.0111021995544434
7510.0 1.012082815170288
7520.0 1.0130633115768433
7530.0 1.0138856172561646
7540.0 1.0147078037261963
7550.0 1.0131638050079346
7560.0 1.0116196870803833
7570.0 1.0085258483886719
7580.0 1.0054320096969604
7590.0 0.9951270222663879
7600.0 0.9848220944404602
7610.0 0.9864321351051331
7620.0 0.9880421757698059
7630.0 0.9897267818450928
7640.0 0.9914113879203796
7650.0 0.9952235817909241
7660.0 0.999035656452179
7670.0 1.0007346868515015
7680.0 1.0024335384368896
7690.0 1.0020850896835327
7700.0 1.0017365217208862
7710.0 1.001844048500061
7720.0 1.0019514560699463
7730.0 1.0027992725372314
7740.0 1.0036470890045166
7750.0 1.0071587562561035
7760.0 1.0106703042984009
7770.0 1.012325406074524
7780.0 1.0139806270599365
7790.0 1.0142146348953247
7800.0 1.0144487619400024
7810.0 1.012929081916809
7820.0 1.0114092826843262
7830.0 1.0097687244415283
7840.0 1.008128046989441
7850.0 1.0083990097045898
7860.0 1.0086699724197388
7870.0 1.0091780424118042
7880.0 1.0096862316131592
7890.0 1.007710337638855
7900.0 1.0057345628738403
7910.0 1.0012054443359375
7920.0 0.9966763257980347
7930.0 0.9905889630317688
7940.0 0.9845016002655029
7950.0 0.9781808853149414
7960.0 0.9718602299690247
7970.0 0.969693124294281
7980.0 0.9675260186195374
7990.0 0.9716863632202148
8000.0 0.9758467674255371
8010.0 0.981534481048584
8020.0 0.9872221350669861
8030.0 0.9909043312072754
8040.0 0.9945865273475647
8050.0 0.994888424873352
8060.0 0.9951902627944946
8070.0 0.9949175119400024
8080.0 0.9946448802947998
8090.0 0.9896336197853088
8100.0 0.9846224188804626
8110.0 0.9732749462127686
8120.0 0.9793688654899597
8130.0 0.9791736006736755
8140.0 0.9789782762527466
8150.0 0.9815622568130493
8160.0 0.9841461181640625
8170.0 0.9932922720909119
8180.0 0.9908395409584045
8190.0 0.9859067797660828
8200.0 0.9809809923171997
8210.0 0.9760552048683167
8220.0 0.9700770974159241
8230.0 0.9640990495681763
8240.0 0.9615762233734131
8250.0 0.9590533375740051
8260.0 0.9611040353775024
8270.0 0.9631547331809998
8280.0 0.9680551290512085
8290.0 0.9729556441307068
8300.0 0.9778560400009155
8310.0 0.9931102395057678
8320.0 0.9956803321838379
8330.0 0.998250424861908
8340.0 1.000820517539978
8350.0 0.9961097240447998
8360.0 0.9923887252807617
8370.0 0.9886676669120789
8380.0 0.9849466681480408
8390.0 0.9818215370178223
8400.0 0.9755842685699463
8410.0 0.975776195526123
8420.0 0.9759681224822998
8430.0 0.9755392670631409
8440.0 0.9816444516181946
8450.0 0.9810524582862854
8460.0 0.980460524559021
8470.0 0.9872781038284302
8480.0 0.9940956234931946
8490.0 0.9984740018844604
8500.0 1.0028523206710815
8510.0 0.9900208115577698
8520.0 0.9771892428398132
8530.0 0.9165092706680298
8540.0 0.8558292388916016
8550.0 0.724487841129303
8560.0 0.5931465029716492
8570.0 0.3078957200050354
8580.0 0.3133310079574585
8590.0 0.12300943583250046
8600.0 0.12328356504440308
8610.0 0.04330584779381752
8620.0 0.04416463151574135
8630.0 0.015524248592555523
8640.0 0.01612534560263157
8650.0 0.006546410266309977
8660.0 0.006234006490558386
8670.0 0.0029598302207887173
8680.0 0.0024551362730562687
8690.0 0.0019504423253238201
8700.0 0.0
8710.0 0.0
8720.0 0.0
8730.0 0.0
8740.0 0.0
8750.0 0.0
