decam/transmission_system/s30/r_decam_sdss_c0002_6415.0_1480.0/2012-09-12T00:00:00.ecsv
# %ECSV 1.0
# ---
# datatype:
# - {name: wavelength, unit: Angstrom, datatype: float64}
# - {name: throughput, datatype: float64}
# meta: !!omap
# - {MODE: DETECTOR}
# - {TYPE: transmission_system}
# - {CALIBDATE: '2012-09-12T00:00:00'}
# - {INSTRUME: DECam}
# - {OBSTYPE: transmission_system}
# - {CALIBCLS: lsst.ip.isr.IntermediateSystemTransmissionCurve}
# - {DETECTOR: 2}
# - {DETECTOR_NAME: S30}
# - {SOURCE: r_band_per_detector_throughput.fits}
# - {FILTER: r DECam SDSS c0002 6415.0 1480.0}
# - {CALIB_CREATION_DATE: '2012-09-12'}
# - {CALIB_CREATION_TIME: '00:00:00'}
# schema: astropy-2.0
wavelength throughput
5350.0 0.0
5360.0 0.0
5370.0 0.0
5380.0 0.0
5390.0 0.0
5400.0 0.0
5410.0 0.003989318385720253
5420.0 0.00445193238556385
5430.0 0.005099644418805838
5440.0 0.0057473513297736645
5450.0 0.006523947697132826
5460.0 0.00730054872110486
5470.0 0.008037479594349861
5480.0 0.008774409070611
5490.0 0.009765582159161568
5500.0 0.010756755247712135
5510.0 0.011867817491292953
5520.0 0.012978881597518921
5530.0 0.014305486343801022
5540.0 0.01563209295272827
5550.0 0.017316941171884537
5560.0 0.01900179125368595
5570.0 0.02108873426914215
5580.0 0.02317567728459835
5590.0 0.026408692821860313
5600.0 0.02964170277118683
5610.0 0.037535712122917175
5620.0 0.04542972147464752
5630.0 0.07489742338657379
5640.0 0.10436512529850006
5650.0 0.20643454790115356
5660.0 0.30850398540496826
5670.0 0.4773114323616028
5680.0 0.6461188793182373
5690.0 0.7231192588806152
5700.0 0.8001197576522827
5710.0 0.8101805448532104
5720.0 0.8202413320541382
5730.0 0.8235949277877808
5740.0 0.8269484043121338
5750.0 0.828502357006073
5760.0 0.8300563097000122
5770.0 0.8310171365737915
5780.0 0.831977903842926
5790.0 0.8326170444488525
5800.0 0.833256185054779
5810.0 0.83757483959198
5820.0 0.8418934345245361
5830.0 0.8447040319442749
5840.0 0.8475146293640137
5850.0 0.8467754125595093
5860.0 0.8460361957550049
5870.0 0.8441736698150635
5880.0 0.8423111438751221
5890.0 0.8430566787719727
5900.0 0.8438023328781128
5910.0 0.8479142189025879
5920.0 0.8520259857177734
5930.0 0.8552322387695312
5940.0 0.8584383726119995
5950.0 0.8589913845062256
5960.0 0.8595443964004517
5970.0 0.8604238629341125
5980.0 0.8613033890724182
5990.0 0.8631081581115723
6000.0 0.8649128675460815
6010.0 0.8673768043518066
6020.0 0.8698407411575317
6030.0 0.8690176606178284
6040.0 0.8728793859481812
6050.0 0.872895359992981
6060.0 0.8729113340377808
6070.0 0.872619092464447
6080.0 0.8723267912864685
6090.0 0.8732457160949707
6100.0 0.8741647005081177
6110.0 0.877051591873169
6120.0 0.8799384832382202
6130.0 0.8832703232765198
6140.0 0.8866021633148193
6150.0 0.8884036540985107
6160.0 0.8902050852775574
6170.0 0.8912180662155151
6180.0 0.8922311067581177
6190.0 0.8922669887542725
6200.0 0.8923028707504272
6210.0 0.8929545879364014
6220.0 0.8936063051223755
6230.0 0.8940076231956482
6240.0 0.8944090008735657
6250.0 0.8956530094146729
6260.0 0.8968970775604248
6270.0 0.8984975814819336
6280.0 0.9000980854034424
6290.0 0.9013681411743164
6300.0 0.9026381969451904
6310.0 0.9039124250411987
6320.0 0.9051865935325623
6330.0 0.9060733318328857
6340.0 0.9069599509239197
6350.0 0.9082391262054443
6360.0 0.9095183610916138
6370.0 0.9113900661468506
6380.0 0.9132617712020874
6390.0 0.9135692119598389
6400.0 0.9138765931129456
6410.0 0.9142388105392456
6420.0 0.9146010875701904
6430.0 0.9148770570755005
6440.0 0.9151531457901001
6450.0 0.9151381254196167
6460.0 0.9151231050491333
6470.0 0.9153928756713867
6480.0 0.9156626462936401
6490.0 0.9163438081741333
6500.0 0.917025089263916
6510.0 0.9180229306221008
6520.0 0.9190208315849304
6530.0 0.9205372333526611
6540.0 0.9220534563064575
6550.0 0.9239895939826965
6560.0 0.9259257316589355
6570.0 0.9269400835037231
6580.0 0.927954375743866
6590.0 0.9278428554534912
6600.0 0.9277313351631165
6610.0 0.9275745153427124
6620.0 0.9274177551269531
6630.0 0.9266222715377808
6640.0 0.9258267879486084
6650.0 0.926038384437561
6660.0 0.9262500405311584
6670.0 0.928146481513977
6680.0 0.9300428628921509
6690.0 0.9318842887878418
6700.0 0.9337258338928223
6710.0 0.9346711039543152
6720.0 0.9356163144111633
6730.0 0.9350825548171997
6740.0 0.9345488548278809
6750.0 0.9337098598480225
6760.0 0.9328709840774536
6770.0 0.9330219030380249
6780.0 0.9331727623939514
6790.0 0.9339502453804016
6800.0 0.9347277879714966
6810.0 0.9353847503662109
6820.0 0.9360418319702148
6830.0 0.9366335868835449
6840.0 0.937225341796875
6850.0 0.9374793767929077
6860.0 0.9377334117889404
6870.0 0.9373027086257935
6880.0 0.9368720054626465
6890.0 0.9365139007568359
6900.0 0.9361557960510254
6910.0 0.9355266094207764
6920.0 0.9348973035812378
6930.0 0.9342287182807922
6940.0 0.9335601329803467
6950.0 0.9330679774284363
6960.0 0.9325758814811707
6970.0 0.9328198432922363
6980.0 0.933063805103302
6990.0 0.9330452680587769
7000.0 0.9330267310142517
7010.0 0.9328457117080688
7020.0 0.9326647520065308
7030.0 0.9296478629112244
7040.0 0.926630973815918
7050.0 0.9190117120742798
7060.0 0.9113924503326416
7070.0 0.8995200395584106
7080.0 0.8876476287841797
7090.0 0.8765959143638611
7100.0 0.8655441999435425
7110.0 0.8307823538780212
7120.0 0.7960205078125
7130.0 0.7019315361976624
7140.0 0.6078425645828247
7150.0 0.45652318000793457
7160.0 0.3052038252353668
7170.0 0.1979866921901703
7180.0 0.09076954424381256
7190.0 0.058913711458444595
7200.0 0.02705787867307663
7210.0 0.01781485415995121
7220.0 0.008571822196245193
7230.0 0.00678703747689724
7240.0 0.005002248100936413
7250.0 0.003575883572921157
7260.0 0.0021495241671800613
7270.0 0.0016141630476340652
7280.0 0.0010788070503622293
7290.0 0.0008744494989514351
7300.0 0.0006700868252664804
7310.0 0.0005900697433389723
7320.0 0.0005100631387904286
7330.0 0.0004572601756080985
7340.0 0.00040445724152959883
7350.0 0.0
7360.0 0.0
7370.0 0.0
7380.0 0.0
7390.0 0.0
7400.0 0.0
