decam/transmission_system/s28/y_decam_c0005_10095.0_1130.0/2012-09-12T00:00:00.ecsv
# %ECSV 1.0
# ---
# datatype:
# - {name: wavelength, unit: Angstrom, datatype: float64}
# - {name: throughput, datatype: float64}
# meta: !!omap
# - {MODE: DETECTOR}
# - {TYPE: transmission_system}
# - {CALIBDATE: '2012-09-12T00:00:00'}
# - {INSTRUME: DECam}
# - {OBSTYPE: transmission_system}
# - {CALIBCLS: lsst.ip.isr.IntermediateSystemTransmissionCurve}
# - {DETECTOR: 7}
# - {DETECTOR_NAME: S28}
# - {SOURCE: Y_band_per_detector_throughput.fits}
# - {FILTER: Y DECam c0005 10095.0 1130.0}
# - {CALIB_CREATION_DATE: '2012-09-12'}
# - {CALIB_CREATION_TIME: '00:00:00'}
# schema: astropy-2.0
wavelength throughput
9250.0 0.0
9260.0 0.0
9270.0 0.0
9280.0 0.0
9290.0 0.0
9300.0 0.0
9310.0 0.007793606724590063
9320.0 0.008670875802636147
9330.0 0.009548144415020943
9340.0 0.010640821419656277
9350.0 0.011733507737517357
9360.0 0.013122854754328728
9370.0 0.014512201771140099
9380.0 0.016818083822727203
9390.0 0.019123954698443413
9400.0 0.023227930068969727
9410.0 0.027331914752721786
9420.0 0.035829029977321625
9430.0 0.04432616010308266
9440.0 0.06302584707736969
9450.0 0.08172551542520523
9460.0 0.08680945634841919
9470.0 0.1659998595714569
9480.0 0.16874006390571594
9490.0 0.3101385235786438
9500.0 0.31136468052864075
9510.0 0.4997295141220093
9520.0 0.599540114402771
9530.0 0.6993506550788879
9540.0 0.7698104381561279
9550.0 0.8402701616287231
9560.0 0.8656841516494751
9570.0 0.8910982012748718
9580.0 0.891495943069458
9590.0 0.8918936848640442
9600.0 0.8892057538032532
9610.0 0.8865178823471069
9620.0 0.8844002485275269
9630.0 0.8822826147079468
9640.0 0.8806535601615906
9650.0 0.8790243864059448
9660.0 0.8762847781181335
9670.0 0.8735451102256775
9680.0 0.8690048456192017
9690.0 0.8644645810127258
9700.0 0.8614349961280823
9710.0 0.858405351638794
9720.0 0.8492773771286011
9730.0 0.8401493430137634
9740.0 0.8345322012901306
9750.0 0.8289149403572083
9760.0 0.8230366110801697
9770.0 0.8171584010124207
9780.0 0.8109119534492493
9790.0 0.8046655058860779
9800.0 0.7985402941703796
9810.0 0.7924151420593262
9820.0 0.7858048677444458
9830.0 0.7791945338249207
9840.0 0.7709141373634338
9850.0 0.762633740901947
9860.0 0.7547507286071777
9870.0 0.7468677163124084
9880.0 0.736633837223053
9890.0 0.7264000177383423
9900.0 0.7170278429985046
9910.0 0.7076556086540222
9920.0 0.6971899271011353
9930.0 0.6867242455482483
9940.0 0.6780178546905518
9950.0 0.6693114638328552
9960.0 0.6587052345275879
9970.0 0.6480990052223206
9980.0 0.6377043128013611
9990.0 0.6273095011711121
10000.0 0.6157881617546082
10010.0 0.6042667031288147
10020.0 0.592194139957428
10030.0 0.5801215767860413
10040.0 0.5673656463623047
10050.0 0.5546097159385681
10060.0 0.5428263545036316
10070.0 0.5310429930686951
10080.0 0.5182290077209473
10090.0 0.5054150819778442
10100.0 0.49204856157302856
10110.0 0.4786820411682129
10120.0 0.46862733364105225
10130.0 0.4585726261138916
10140.0 0.4457927346229553
10150.0 0.43301281332969666
10160.0 0.420788437128067
10170.0 0.40856412053108215
10180.0 0.3954199552536011
10190.0 0.38227578997612
10200.0 0.3700137436389923
10210.0 0.35775166749954224
10220.0 0.3453793525695801
10230.0 0.33300697803497314
10240.0 0.3206731677055359
10250.0 0.30833935737609863
10260.0 0.29700767993927
10270.0 0.285675972700119
10280.0 0.27543824911117554
10290.0 0.26520052552223206
10300.0 0.2539304196834564
10310.0 0.2426602840423584
10320.0 0.2315925806760788
10330.0 0.220524862408638
10340.0 0.20792840421199799
10350.0 0.19533193111419678
10360.0 0.18231049180030823
10370.0 0.16928906738758087
10380.0 0.16207179427146912
10390.0 0.15485455095767975
10400.0 0.14994409680366516
10410.0 0.14503364264965057
10420.0 0.1405198723077774
10430.0 0.13600607216358185
10440.0 0.1313275396823883
10450.0 0.12664902210235596
10460.0 0.12213865667581558
10470.0 0.11762828379869461
10480.0 0.11352961510419846
10490.0 0.1094309538602829
10500.0 0.10506922751665115
10510.0 0.1007075235247612
10520.0 0.09759659320116043
10530.0 0.09448568522930145
10540.0 0.09227947890758514
10550.0 0.09007325768470764
10560.0 0.08825356513261795
10570.0 0.08643386512994766
10580.0 0.08308529108762741
10590.0 0.07973670959472656
10600.0 0.0721190869808197
10610.0 0.06450147926807404
10620.0 0.052571382373571396
10630.0 0.04064127802848816
10640.0 0.030080387368798256
10650.0 0.019519491121172905
10660.0 0.01370452344417572
10670.0 0.007889564149081707
10680.0 0.005398682784289122
10690.0 0.0029078011866658926
10700.0 0.0
10710.0 0.0
10720.0 0.0
10730.0 0.0
10740.0 0.0
10750.0 0.0
