decam/transmission_system/s23/g_decam_sdss_c0001_4720.0_1520.0/2012-09-12T00:00:00.ecsv
# %ECSV 1.0
# ---
# datatype:
# - {name: wavelength, unit: Angstrom, datatype: float64}
# - {name: throughput, datatype: float64}
# meta: !!omap
# - {MODE: DETECTOR}
# - {TYPE: transmission_system}
# - {CALIBDATE: '2012-09-12T00:00:00'}
# - {INSTRUME: DECam}
# - {OBSTYPE: transmission_system}
# - {CALIBCLS: lsst.ip.isr.IntermediateSystemTransmissionCurve}
# - {DETECTOR: 11}
# - {DETECTOR_NAME: S23}
# - {SOURCE: g_band_per_detector_throughput.fits}
# - {FILTER: g DECam SDSS c0001 4720.0 1520.0}
# - {CALIB_CREATION_DATE: '2012-09-12'}
# - {CALIB_CREATION_TIME: '00:00:00'}
# schema: astropy-2.0
wavelength throughput
3750.0 0.0
3760.0 0.0
3770.0 0.0
3780.0 0.0
3790.0 0.0
3800.0 0.0
3810.0 0.0007045444799587131
3820.0 0.0007923918310552835
3830.0 0.0008197668939828873
3840.0 0.0009692808380350471
3850.0 0.0011770862620323896
3860.0 0.0013848812086507678
3870.0 0.0017193431267514825
3880.0 0.0020538049284368753
3890.0 0.0025776904076337814
3900.0 0.0031015658751130104
3910.0 0.0030734743922948837
3920.0 0.005734629463404417
3930.0 0.01159475278109312
3940.0 0.017454875633120537
3950.0 0.017674043774604797
3960.0 0.09903639554977417
3970.0 0.19420702755451202
3980.0 0.2893776595592499
3990.0 0.2893073260784149
4000.0 0.3262976408004761
4010.0 0.34327659010887146
4020.0 0.3602555990219116
4030.0 0.3646078109741211
4040.0 0.3723948001861572
4050.0 0.37127503752708435
4060.0 0.3814544975757599
4070.0 0.3842361271381378
4080.0 0.3987272381782532
4090.0 0.398113876581192
4100.0 0.4070087969303131
4110.0 0.4115810990333557
4120.0 0.4161534011363983
4130.0 0.4172760248184204
4140.0 0.42678722739219666
4150.0 0.42794615030288696
4160.0 0.4415988028049469
4170.0 0.44990274310112
4180.0 0.4582066535949707
4190.0 0.4574050009250641
4200.0 0.46095719933509827
4210.0 0.4634600281715393
4220.0 0.4695868194103241
4230.0 0.4683307409286499
4240.0 0.4866901636123657
4250.0 0.49266961216926575
4260.0 0.4986490309238434
4270.0 0.4996165931224823
4280.0 0.5137917995452881
4290.0 0.5113400816917419
4300.0 0.5251775979995728
4310.0 0.5298884510993958
4320.0 0.534599244594574
4330.0 0.5395147204399109
4340.0 0.5444302558898926
4350.0 0.5512410402297974
4360.0 0.5580517649650574
4370.0 0.5633469820022583
4380.0 0.5686421990394592
4390.0 0.5756023526191711
4400.0 0.5825625061988831
4410.0 0.5874468684196472
4420.0 0.5923311710357666
4430.0 0.5961723327636719
4440.0 0.6000133752822876
4450.0 0.6041204929351807
4460.0 0.6082276701927185
4470.0 0.6113850474357605
4480.0 0.6145424842834473
4490.0 0.6172438859939575
4500.0 0.6199453473091125
4510.0 0.62337726354599
4520.0 0.6268091797828674
4530.0 0.6319791674613953
4540.0 0.6371492147445679
4550.0 0.6401325464248657
4560.0 0.6431158781051636
4570.0 0.6446548104286194
4580.0 0.64619380235672
4590.0 0.6502448320388794
4600.0 0.6542959213256836
4610.0 0.65859055519104
4620.0 0.6628850698471069
4630.0 0.6660695672035217
4640.0 0.669253945350647
4650.0 0.6723535060882568
4660.0 0.6754530072212219
4670.0 0.6761681437492371
4680.0 0.6768832802772522
4690.0 0.6782839894294739
4700.0 0.6796846389770508
4710.0 0.6826074719429016
4720.0 0.6855303049087524
4730.0 0.6891370415687561
4740.0 0.6927436590194702
4750.0 0.6973772644996643
4760.0 0.7020109295845032
4770.0 0.7037298679351807
4780.0 0.7054488062858582
4790.0 0.7059404850006104
4800.0 0.7064322233200073
4810.0 0.7093620896339417
4820.0 0.712291955947876
4830.0 0.7140324115753174
4840.0 0.7157728672027588
4850.0 0.7150876522064209
4860.0 0.7144023776054382
4870.0 0.7170943021774292
4880.0 0.7197862267494202
4890.0 0.7240738272666931
4900.0 0.7283614873886108
4910.0 0.7305483222007751
4920.0 0.7327350378036499
4930.0 0.7324588894844055
4940.0 0.7321828007698059
4950.0 0.7326027750968933
4960.0 0.7330227494239807
4970.0 0.7388830184936523
4980.0 0.7447431683540344
4990.0 0.7475845217704773
5000.0 0.7504258155822754
5010.0 0.7533825635910034
5020.0 0.7563392519950867
5030.0 0.757950484752655
5040.0 0.7595617175102234
5050.0 0.7615228891372681
5060.0 0.763484001159668
5070.0 0.7663764357566833
5080.0 0.7692689299583435
5090.0 0.7710147500038147
5100.0 0.7727605700492859
5110.0 0.771589457988739
5120.0 0.7704184055328369
5130.0 0.7712095379829407
5140.0 0.7720006704330444
5150.0 0.7765876054763794
5160.0 0.7811744809150696
5170.0 0.7831899523735046
5180.0 0.7852054238319397
5190.0 0.7866133451461792
5200.0 0.7880212068557739
5210.0 0.7921186089515686
5220.0 0.7962160706520081
5230.0 0.8002057075500488
5240.0 0.8041954040527344
5250.0 0.806542694568634
5260.0 0.8088899254798889
5270.0 0.8092519044876099
5280.0 0.8096138834953308
5290.0 0.81002277135849
5300.0 0.8104315996170044
5310.0 0.813183069229126
5320.0 0.815934419631958
5330.0 0.8181143403053284
5340.0 0.8202942609786987
5350.0 0.8229779601097107
5360.0 0.8256615400314331
5370.0 0.8242732882499695
5380.0 0.8228849172592163
5390.0 0.8165558576583862
5400.0 0.8102267384529114
5410.0 0.8079981803894043
5420.0 0.805769681930542
5430.0 0.8111269474029541
5440.0 0.8164842128753662
5450.0 0.7793418169021606
5460.0 0.7421994209289551
5470.0 0.5598403215408325
5480.0 0.37748125195503235
5490.0 0.22738155722618103
5500.0 0.0772818773984909
5510.0 0.046883828938007355
5520.0 0.0164857916533947
5530.0 0.010101232677698135
5540.0 0.003716674167662859
5550.0 0.0025218708906322718
5560.0 0.0013270779745653272
5570.0 0.0010150271700695157
5580.0 0.0007029763073660433
5590.0 0.0006099364254623652
5600.0 0.0005168860661797225
5610.0 0.00045813771430402994
5620.0 0.0003993893333245069
5630.0 0.0003558343159966171
5640.0 0.00031228968873620033
5650.0 0.0
5660.0 0.0
5670.0 0.0
5680.0 0.0
5690.0 0.0
5700.0 0.0
