decam/transmission_system/n2/r_decam_sdss_c0002_6415.0_1480.0/2012-09-12T00:00:00.ecsv
# %ECSV 1.0
# ---
# datatype:
# - {name: wavelength, unit: Angstrom, datatype: float64}
# - {name: throughput, datatype: float64}
# meta: !!omap
# - {MODE: DETECTOR}
# - {TYPE: transmission_system}
# - {CALIBDATE: '2012-09-12T00:00:00'}
# - {INSTRUME: DECam}
# - {OBSTYPE: transmission_system}
# - {CALIBCLS: lsst.ip.isr.IntermediateSystemTransmissionCurve}
# - {DETECTOR: 33}
# - {DETECTOR_NAME: N2}
# - {SOURCE: r_band_per_detector_throughput.fits}
# - {FILTER: r DECam SDSS c0002 6415.0 1480.0}
# - {CALIB_CREATION_DATE: '2012-09-12'}
# - {CALIB_CREATION_TIME: '00:00:00'}
# schema: astropy-2.0
wavelength throughput
5350.0 0.0
5360.0 0.0
5370.0 0.0
5380.0 0.0
5390.0 0.0
5400.0 0.0
5410.0 0.002563701942563057
5420.0 0.0028592925518751144
5430.0 0.003282692050561309
5440.0 0.0037060915492475033
5450.0 0.004225096199661493
5460.0 0.004744100850075483
5470.0 0.005300408694893122
5480.0 0.005856727249920368
5490.0 0.006680326070636511
5500.0 0.007503935135900974
5510.0 0.00842742808163166
5520.0 0.009350921027362347
5530.0 0.010480143129825592
5540.0 0.011609364300966263
5550.0 0.01319886278361082
5560.0 0.0147883715108037
5570.0 0.01698518916964531
5580.0 0.019182007759809494
5590.0 0.02283707819879055
5600.0 0.026492146775126457
5610.0 0.03532695025205612
5620.0 0.044161755591630936
5630.0 0.07648830115795135
5640.0 0.10881485044956207
5650.0 0.21160966157913208
5660.0 0.3144044876098633
5670.0 0.478410929441452
5680.0 0.6424174308776855
5690.0 0.7158647775650024
5700.0 0.7893121838569641
5710.0 0.7989559769630432
5720.0 0.8085998296737671
5730.0 0.8122597336769104
5740.0 0.8159195780754089
5750.0 0.821098804473877
5760.0 0.8262779712677002
5770.0 0.829477071762085
5780.0 0.8326761722564697
5790.0 0.8351560235023499
5800.0 0.8376359343528748
5810.0 0.8432536125183105
5820.0 0.8488714098930359
5830.0 0.8501182198524475
5840.0 0.8513649106025696
5850.0 0.8503759503364563
5860.0 0.849386990070343
5870.0 0.8471173048019409
5880.0 0.8448476791381836
5890.0 0.8453691601753235
5900.0 0.8458907008171082
5910.0 0.8501071333885193
5920.0 0.8543235659599304
5930.0 0.856045126914978
5940.0 0.8577666878700256
5950.0 0.8571900129318237
5960.0 0.8566133975982666
5970.0 0.8579571843147278
5980.0 0.859300971031189
5990.0 0.8616673946380615
6000.0 0.8640338182449341
6010.0 0.8662179708480835
6020.0 0.8684021830558777
6030.0 0.8667430281639099
6040.0 0.8717952370643616
6050.0 0.8725212812423706
6060.0 0.8732472658157349
6070.0 0.871858537197113
6080.0 0.8704698085784912
6090.0 0.8713752627372742
6100.0 0.8722807765007019
6110.0 0.8767089247703552
6120.0 0.8811371326446533
6130.0 0.8837164640426636
6140.0 0.8862958550453186
6150.0 0.8872135877609253
6160.0 0.888131320476532
6170.0 0.8901508450508118
6180.0 0.8921703100204468
6190.0 0.8918025493621826
6200.0 0.8914347290992737
6210.0 0.8920882940292358
6220.0 0.892741858959198
6230.0 0.894374668598175
6240.0 0.8960074782371521
6250.0 0.8959038257598877
6260.0 0.8958001136779785
6270.0 0.8970341682434082
6280.0 0.8982682228088379
6290.0 0.9012805819511414
6300.0 0.9042930006980896
6310.0 0.9041242003440857
6320.0 0.9039553999900818
6330.0 0.9037081599235535
6340.0 0.9034608602523804
6350.0 0.9064851403236389
6360.0 0.9095094203948975
6370.0 0.9115495085716248
6380.0 0.9135895371437073
6390.0 0.9134242534637451
6400.0 0.9132590293884277
6410.0 0.9142293930053711
6420.0 0.9151998162269592
6430.0 0.9150933027267456
6440.0 0.9149867296218872
6450.0 0.9148205518722534
6460.0 0.9146543145179749
6470.0 0.9160277843475342
6480.0 0.9174013137817383
6490.0 0.9174774289131165
6500.0 0.9175536036491394
6510.0 0.9172680974006653
6520.0 0.9169824719429016
6530.0 0.919532299041748
6540.0 0.9220821261405945
6550.0 0.9247267842292786
6560.0 0.9273713827133179
6570.0 0.9279831051826477
6580.0 0.9285948872566223
6590.0 0.9290041923522949
6600.0 0.9294134378433228
6610.0 0.9293022751808167
6620.0 0.9291911721229553
6630.0 0.927172839641571
6640.0 0.9251545667648315
6650.0 0.9253790378570557
6660.0 0.9256036281585693
6670.0 0.928421676158905
6680.0 0.931239664554596
6690.0 0.933426558971405
6700.0 0.9356133341789246
6710.0 0.9362309575080872
6720.0 0.9368486404418945
6730.0 0.9366631507873535
6740.0 0.9364777207374573
6750.0 0.9355369806289673
6760.0 0.9345961213111877
6770.0 0.9345918893814087
6780.0 0.9345875978469849
6790.0 0.9359321594238281
6800.0 0.9372766613960266
6810.0 0.9377322196960449
6820.0 0.938187837600708
6830.0 0.9384261965751648
6840.0 0.9386645555496216
6850.0 0.9387962818145752
6860.0 0.9389280080795288
6870.0 0.9387418031692505
6880.0 0.9385556578636169
6890.0 0.938285768032074
6900.0 0.938015878200531
6910.0 0.9367614984512329
6920.0 0.9355071783065796
6930.0 0.9353262186050415
6940.0 0.9351451992988586
6950.0 0.9347648024559021
6960.0 0.9343845248222351
6970.0 0.9331846237182617
6980.0 0.9319847226142883
6990.0 0.9327989816665649
7000.0 0.9336133599281311
7010.0 0.9347551465034485
7020.0 0.9358969330787659
7030.0 0.932013750076294
7040.0 0.928130567073822
7050.0 0.9254600405693054
7060.0 0.922789454460144
7070.0 0.913364589214325
7080.0 0.9039397239685059
7090.0 0.8828877210617065
7100.0 0.8618356585502625
7110.0 0.8602312207221985
7120.0 0.8586267828941345
7130.0 0.8007367253303528
7140.0 0.7428466081619263
7150.0 0.5542243123054504
7160.0 0.36560192704200745
7170.0 0.23911362886428833
7180.0 0.11262533813714981
7190.0 0.07274725288152695
7200.0 0.03286917880177498
7210.0 0.021141525357961655
7220.0 0.009413865394890308
7230.0 0.007466175593435764
7240.0 0.005518484860658646
7250.0 0.003957047127187252
7260.0 0.0023956194054335356
7270.0 0.0018094441620633006
7280.0 0.001223268685862422
7290.0 0.0009752107434906065
7300.0 0.0007271631620824337
7310.0 0.0006403957959264517
7320.0 0.0005536284879781306
7330.0 0.0004870601405855268
7340.0 0.00042048140312545
7350.0 0.0
7360.0 0.0
7370.0 0.0
7380.0 0.0
7390.0 0.0
7400.0 0.0
