decam/transmission_system/n12/r_decam_sdss_c0002_6415.0_1480.0/2012-09-12T00:00:00.ecsv
# %ECSV 1.0
# ---
# datatype:
# - {name: wavelength, unit: Angstrom, datatype: float64}
# - {name: throughput, datatype: float64}
# meta: !!omap
# - {MODE: DETECTOR}
# - {TYPE: transmission_system}
# - {CALIBDATE: '2012-09-12T00:00:00'}
# - {INSTRUME: DECam}
# - {OBSTYPE: transmission_system}
# - {CALIBCLS: lsst.ip.isr.IntermediateSystemTransmissionCurve}
# - {DETECTOR: 43}
# - {DETECTOR_NAME: N12}
# - {SOURCE: r_band_per_detector_throughput.fits}
# - {FILTER: r DECam SDSS c0002 6415.0 1480.0}
# - {CALIB_CREATION_DATE: '2012-09-12'}
# - {CALIB_CREATION_TIME: '00:00:00'}
# schema: astropy-2.0
wavelength throughput
5350.0 0.0
5360.0 0.0
5370.0 0.0
5380.0 0.0
5390.0 0.0
5400.0 0.0
5410.0 0.002275952370837331
5420.0 0.002548861550167203
5430.0 0.002943930681794882
5440.0 0.00333898956887424
5450.0 0.0038209191989153624
5460.0 0.004302849527448416
5470.0 0.0048367357812821865
5480.0 0.005370622500777245
5490.0 0.006178010255098343
5500.0 0.0069853877648711205
5510.0 0.007948406971991062
5520.0 0.00891142524778843
5530.0 0.01008213497698307
5540.0 0.011252844706177711
5550.0 0.012865563854575157
5560.0 0.014478273689746857
5570.0 0.016725001856684685
5580.0 0.018971730023622513
5590.0 0.022807270288467407
5600.0 0.026642823591828346
5610.0 0.03644827753305435
5620.0 0.0462537482380867
5630.0 0.08290313929319382
5640.0 0.11955253779888153
5650.0 0.22676554322242737
5660.0 0.3339785635471344
5670.0 0.484157532453537
5680.0 0.6343364715576172
5690.0 0.7128471732139587
5700.0 0.7913578152656555
5710.0 0.8057352900505066
5720.0 0.8201128244400024
5730.0 0.8240079879760742
5740.0 0.827903151512146
5750.0 0.8324303030967712
5760.0 0.8369574546813965
5770.0 0.8404468297958374
5780.0 0.8439362645149231
5790.0 0.8456986546516418
5800.0 0.8474610447883606
5810.0 0.8522189855575562
5820.0 0.8569768667221069
5830.0 0.858170211315155
5840.0 0.8593635559082031
5850.0 0.8584809303283691
5860.0 0.8575983047485352
5870.0 0.8555927872657776
5880.0 0.8535872101783752
5890.0 0.8533754348754883
5900.0 0.8531636595726013
5910.0 0.856657862663269
5920.0 0.8601520657539368
5930.0 0.8622488975524902
5940.0 0.8643457889556885
5950.0 0.8635389804840088
5960.0 0.8627322316169739
5970.0 0.863472580909729
5980.0 0.8642128705978394
5990.0 0.866513192653656
6000.0 0.8688135147094727
6010.0 0.8705528378486633
6020.0 0.872292160987854
6030.0 0.8722561001777649
6040.0 0.8753851056098938
6050.0 0.8762608766555786
6060.0 0.8771366477012634
6070.0 0.8759708404541016
6080.0 0.8748049736022949
6090.0 0.8747668266296387
6100.0 0.8747286200523376
6110.0 0.8781304955482483
6120.0 0.8815323710441589
6130.0 0.8844054341316223
6140.0 0.8872784376144409
6150.0 0.887845516204834
6160.0 0.888412594795227
6170.0 0.8902908563613892
6180.0 0.892169177532196
6190.0 0.8925395607948303
6200.0 0.8929100632667542
6210.0 0.8929154276847839
6220.0 0.892920732498169
6230.0 0.8942497968673706
6240.0 0.8955788612365723
6250.0 0.8959394693374634
6260.0 0.896300196647644
6270.0 0.896701455116272
6280.0 0.8971027135848999
6290.0 0.8994017839431763
6300.0 0.9017009139060974
6310.0 0.9022647738456726
6320.0 0.902828574180603
6330.0 0.9022444486618042
6340.0 0.9016603827476501
6350.0 0.9038755297660828
6360.0 0.9060907363891602
6370.0 0.908365786075592
6380.0 0.9106408357620239
6390.0 0.910632312297821
6400.0 0.9106236696243286
6410.0 0.9114091396331787
6420.0 0.9121944904327393
6430.0 0.9121537208557129
6440.0 0.9121129512786865
6450.0 0.9115163087844849
6460.0 0.910919725894928
6470.0 0.9119413495063782
6480.0 0.9129629135131836
6490.0 0.9135288596153259
6500.0 0.914094865322113
6510.0 0.9135154485702515
6520.0 0.9129360318183899
6530.0 0.9146851301193237
6540.0 0.9164341688156128
6550.0 0.9190092086791992
6560.0 0.9215842485427856
6570.0 0.9222559332847595
6580.0 0.9229275584220886
6590.0 0.9233102202415466
6600.0 0.9236929416656494
6610.0 0.9237000942230225
6620.0 0.9237073063850403
6630.0 0.9225085973739624
6640.0 0.9213098287582397
6650.0 0.9210505485534668
6660.0 0.9207912087440491
6670.0 0.9230343699455261
6680.0 0.9252774715423584
6690.0 0.9274079203605652
6700.0 0.929538369178772
6710.0 0.9299554228782654
6720.0 0.9303724765777588
6730.0 0.929977536201477
6740.0 0.9295825958251953
6750.0 0.9285250306129456
6760.0 0.927467405796051
6770.0 0.927128791809082
6780.0 0.926790177822113
6790.0 0.9278529286384583
6800.0 0.9289156794548035
6810.0 0.9293829798698425
6820.0 0.9298502802848816
6830.0 0.9301677942276001
6840.0 0.9304852485656738
6850.0 0.930442214012146
6860.0 0.9303991794586182
6870.0 0.9301134943962097
6880.0 0.9298277497291565
6890.0 0.9297724962234497
6900.0 0.9297171831130981
6910.0 0.9282296895980835
6920.0 0.9267421364784241
6930.0 0.9261958599090576
6940.0 0.9256495237350464
6950.0 0.925529956817627
6960.0 0.9254104495048523
6970.0 0.9243631362915039
6980.0 0.9233158826828003
6990.0 0.9234755039215088
7000.0 0.9236351251602173
7010.0 0.9251786470413208
7020.0 0.9267222285270691
7030.0 0.924980878829956
7040.0 0.9232394695281982
7050.0 0.921286940574646
7060.0 0.919334352016449
7070.0 0.9144519567489624
7080.0 0.909569501876831
7090.0 0.8945924043655396
7100.0 0.879615306854248
7110.0 0.8757464289665222
7120.0 0.8718775510787964
7130.0 0.8322792053222656
7140.0 0.7926808595657349
7150.0 0.624943733215332
7160.0 0.457206666469574
7170.0 0.3071973919868469
7180.0 0.15718810260295868
7190.0 0.1017884686589241
7200.0 0.04638884589076042
7210.0 0.029821157455444336
7220.0 0.013253478333353996
7230.0 0.010357007384300232
7240.0 0.007460546214133501
7250.0 0.005212218500673771
7260.0 0.0029638910200446844
7270.0 0.002230943413451314
7280.0 0.0014979955740272999
7290.0 0.0011745730880647898
7300.0 0.0008511610212735832
7310.0 0.0007239749538712204
7320.0 0.0005967785255052149
7330.0 0.0005272815469652414
7340.0 0.0004577742365654558
7350.0 0.0
7360.0 0.0
7370.0 0.0
7380.0 0.0
7390.0 0.0
7400.0 0.0
