decam/transmission_system/s4/y_decam_c0005_10095.0_1130.0/2012-09-12T00:00:00.ecsv
# %ECSV 1.0
# ---
# datatype:
# - {name: wavelength, unit: Angstrom, datatype: float64}
# - {name: throughput, datatype: float64}
# meta: !!omap
# - {MODE: DETECTOR}
# - {TYPE: transmission_system}
# - {CALIBDATE: '2012-09-12T00:00:00'}
# - {INSTRUME: DECam}
# - {OBSTYPE: transmission_system}
# - {CALIBCLS: lsst.ip.isr.IntermediateSystemTransmissionCurve}
# - {DETECTOR: 28}
# - {DETECTOR_NAME: S4}
# - {SOURCE: Y_band_per_detector_throughput.fits}
# - {FILTER: Y DECam c0005 10095.0 1130.0}
# - {CALIB_CREATION_DATE: '2012-09-12'}
# - {CALIB_CREATION_TIME: '00:00:00'}
# schema: astropy-2.0
wavelength throughput
9250.0 0.0
9260.0 0.0
9270.0 0.0
9280.0 0.0
9290.0 0.0
9300.0 0.0
9310.0 0.0054400465451180935
9320.0 0.006408610846847296
9330.0 0.007377175148576498
9340.0 0.008569423109292984
9350.0 0.009761672466993332
9360.0 0.01105322316288948
9370.0 0.012344772927463055
9380.0 0.014441156759858131
9390.0 0.01653755083680153
9400.0 0.020125553011894226
9410.0 0.023713557049632072
9420.0 0.030433377251029015
9430.0 0.03715318813920021
9440.0 0.05181163176894188
9450.0 0.06647006422281265
9460.0 0.06794821470975876
9470.0 0.13820487260818481
9480.0 0.14250963926315308
9490.0 0.2970678508281708
9500.0 0.3039853572845459
9510.0 0.5451517105102539
9520.0 0.6467674374580383
9530.0 0.7483831644058228
9540.0 0.7873034477233887
9550.0 0.8262237906455994
9560.0 0.8367277383804321
9570.0 0.8472316265106201
9580.0 0.8485620021820068
9590.0 0.8498923182487488
9600.0 0.8484006524085999
9610.0 0.8469089865684509
9620.0 0.8440746665000916
9630.0 0.8412402868270874
9640.0 0.8400828838348389
9650.0 0.8389255404472351
9660.0 0.8374381065368652
9670.0 0.8359506130218506
9680.0 0.8331063389778137
9690.0 0.8302620053291321
9700.0 0.8275137543678284
9710.0 0.8247655034065247
9720.0 0.815728485584259
9730.0 0.8066915273666382
9740.0 0.8005297183990479
9750.0 0.7943679094314575
9760.0 0.7883446216583252
9770.0 0.7823212146759033
9780.0 0.776304304599762
9790.0 0.7702873945236206
9800.0 0.7651202082633972
9810.0 0.759952962398529
9820.0 0.7547624111175537
9830.0 0.7495719194412231
9840.0 0.7425999641418457
9850.0 0.735628068447113
9860.0 0.7285797595977783
9870.0 0.7215314507484436
9880.0 0.7116803526878357
9890.0 0.7018292546272278
9900.0 0.692870557308197
9910.0 0.6839119791984558
9920.0 0.67414391040802
9930.0 0.6643758416175842
9940.0 0.6566376090049744
9950.0 0.6488993167877197
9960.0 0.6395081877708435
9970.0 0.6301171183586121
9980.0 0.6208468079566956
9990.0 0.6115764379501343
10000.0 0.6009560823440552
10010.0 0.5903356671333313
10020.0 0.5790284276008606
10030.0 0.5677212476730347
10040.0 0.5557886958122253
10050.0 0.543856143951416
10060.0 0.5328235030174255
10070.0 0.5217909216880798
10080.0 0.5097702741622925
10090.0 0.4977496266365051
10100.0 0.48517048358917236
10110.0 0.4725913405418396
10120.0 0.4613719582557678
10130.0 0.45015257596969604
10140.0 0.43821781873703003
10150.0 0.426283061504364
10160.0 0.4149400591850281
10170.0 0.40359705686569214
10180.0 0.39132481813430786
10190.0 0.3790525794029236
10200.0 0.3675770163536072
10210.0 0.35610145330429077
10220.0 0.34458187222480774
10230.0 0.3330623209476471
10240.0 0.3215623199939728
10250.0 0.3100622892379761
10260.0 0.29934006929397583
10270.0 0.2886177897453308
10280.0 0.27900779247283936
10290.0 0.2693978250026703
10300.0 0.25870153307914734
10310.0 0.24800527095794678
10320.0 0.2374989241361618
10330.0 0.22699259221553802
10340.0 0.21508419513702393
10350.0 0.20317581295967102
10360.0 0.1903354674577713
10370.0 0.17749512195587158
10380.0 0.17014171183109283
10390.0 0.16278831660747528
10400.0 0.15796634554862976
10410.0 0.15314437448978424
10420.0 0.14879773557186127
10430.0 0.1444510966539383
10440.0 0.14002512395381927
10450.0 0.13559918105602264
10460.0 0.13134388625621796
10470.0 0.12708859145641327
10480.0 0.12314031273126602
10490.0 0.11919203400611877
10500.0 0.11473730951547623
10510.0 0.11028259992599487
10520.0 0.10691020637750626
10530.0 0.10353782027959824
10540.0 0.10095198452472687
10550.0 0.0983661487698555
10560.0 0.09656603634357452
10570.0 0.09476592391729355
10580.0 0.09270074218511581
10590.0 0.09063555300235748
10600.0 0.08625146001577377
10610.0 0.08186735212802887
10620.0 0.07190816849470139
10630.0 0.0619489811360836
10640.0 0.049080148339271545
10650.0 0.036211322993040085
10660.0 0.02629573456943035
10670.0 0.01638014428317547
10680.0 0.011382554657757282
10690.0 0.006384953856468201
10700.0 0.0
10710.0 0.0
10720.0 0.0
10730.0 0.0
10740.0 0.0
10750.0 0.0
