decam/transmission_system/n14/z_decam_sdss_c0004_9260.0_1520.0/2012-09-12T00:00:00.ecsv
# %ECSV 1.0
# ---
# datatype:
# - {name: wavelength, unit: Angstrom, datatype: float64}
# - {name: throughput, datatype: float64}
# meta: !!omap
# - {MODE: DETECTOR}
# - {TYPE: transmission_system}
# - {CALIBDATE: '2012-09-12T00:00:00'}
# - {INSTRUME: DECam}
# - {OBSTYPE: transmission_system}
# - {CALIBCLS: lsst.ip.isr.IntermediateSystemTransmissionCurve}
# - {DETECTOR: 45}
# - {DETECTOR_NAME: N14}
# - {SOURCE: z_band_per_detector_throughput.fits}
# - {FILTER: z DECam SDSS c0004 9260.0 1520.0}
# - {CALIB_CREATION_DATE: '2012-09-12'}
# - {CALIB_CREATION_TIME: '00:00:00'}
# schema: astropy-2.0
wavelength throughput
8200.0 0.0
8210.0 0.0
8220.0 0.0
8230.0 0.0
8240.0 0.0
8250.0 0.0
8260.0 0.005226871930062771
8270.0 0.005858720745891333
8280.0 0.008690150454640388
8290.0 0.007698126137256622
8300.0 0.006706091109663248
8310.0 0.008095864206552505
8320.0 0.009128826670348644
8330.0 0.010161788202822208
8340.0 0.011194739490747452
8350.0 0.015340711921453476
8360.0 0.01635974831879139
8370.0 0.017378773540258408
8380.0 0.018397800624370575
8390.0 0.02782653644680977
8400.0 0.0341760478913784
8410.0 0.04052554443478584
8420.0 0.04687505215406418
8430.0 0.09848983585834503
8440.0 0.09489212930202484
8450.0 0.15317317843437195
8460.0 0.21145422756671906
8470.0 0.42581719160079956
8480.0 0.42134422063827515
8490.0 0.55655837059021
8500.0 0.6917724609375
8510.0 0.7867757081985474
8520.0 0.88177889585495
8530.0 0.928223192691803
8540.0 0.974667489528656
8550.0 0.9814069867134094
8560.0 0.9881465435028076
8570.0 0.9762933254241943
8580.0 0.9876734614372253
8590.0 0.9717077612876892
8600.0 0.9725081920623779
8610.0 0.9803851842880249
8620.0 0.9864859580993652
8630.0 0.9973070025444031
8640.0 1.0079021453857422
8650.0 1.008372187614441
8660.0 1.005855679512024
8670.0 1.0126360654830933
8680.0 1.0116151571273804
8690.0 1.0105942487716675
8700.0 1.011020541191101
8710.0 1.0114469528198242
8720.0 1.0119506120681763
8730.0 1.0124543905258179
8740.0 1.0129936933517456
8750.0 1.015956163406372
8760.0 1.0175058841705322
8770.0 1.019055724143982
8780.0 1.0209236145019531
8790.0 1.0227916240692139
8800.0 1.0234861373901367
8810.0 1.0241807699203491
8820.0 1.0255411863327026
8830.0 1.0269016027450562
8840.0 1.0274053812026978
8850.0 1.0279093980789185
8860.0 1.0289764404296875
8870.0 1.0300434827804565
8880.0 1.0313541889190674
8890.0 1.0326648950576782
8900.0 1.0285520553588867
8910.0 1.0290727615356445
8920.0 1.0281212329864502
8930.0 1.0271697044372559
8940.0 1.0262181758880615
8950.0 1.0255539417266846
8960.0 1.0248897075653076
8970.0 1.0255542993545532
8980.0 1.0262188911437988
8990.0 1.0275694131851196
9000.0 1.02892005443573
9010.0 1.0307838916778564
9020.0 1.032647728919983
9030.0 1.0342060327529907
9040.0 1.035764217376709
9050.0 1.035061240196228
9060.0 1.0377339124679565
9070.0 1.0365104675292969
9080.0 1.0352870225906372
9090.0 1.0324761867523193
9100.0 1.029665231704712
9110.0 1.0273609161376953
9120.0 1.029286503791809
9130.0 1.0268478393554688
9140.0 1.0256975889205933
9150.0 1.0256754159927368
9160.0 1.0249844789505005
9170.0 1.0242937803268433
9180.0 1.0243525505065918
9190.0 1.0244114398956299
9200.0 1.0221574306488037
9210.0 1.0199034214019775
9220.0 1.0177513360977173
9230.0 1.015599012374878
9240.0 1.0094847679138184
9250.0 1.0033705234527588
9260.0 0.9992977380752563
9270.0 0.9952249526977539
9280.0 0.988105297088623
9290.0 0.9809856414794922
9300.0 0.9758807420730591
9310.0 0.9707759022712708
9320.0 0.9655395150184631
9330.0 0.9603031873703003
9340.0 0.9520884156227112
9350.0 0.9438737034797668
9360.0 0.931553065776825
9370.0 0.9192324280738831
9380.0 0.9102582931518555
9390.0 0.9012840986251831
9400.0 0.88883376121521
9410.0 0.8763834238052368
9420.0 0.8677502870559692
9430.0 0.8591170310974121
9440.0 0.8524900078773499
9450.0 0.855780303478241
9460.0 0.8563506007194519
9470.0 0.8570788502693176
9480.0 0.8583751320838928
9490.0 0.8596714735031128
9500.0 0.8598425984382629
9510.0 0.8639830946922302
9520.0 0.8649334907531738
9530.0 0.8658839464187622
9540.0 0.8666411638259888
9550.0 0.8673984408378601
9560.0 0.8681782484054565
9570.0 0.868958055973053
9580.0 0.8682437539100647
9590.0 0.8675293922424316
9600.0 0.8648204207420349
9610.0 0.8621114492416382
9620.0 0.8602870106697083
9630.0 0.8584626317024231
9640.0 0.8564650416374207
9650.0 0.8544675707817078
9660.0 0.85298752784729
9670.0 0.8515075445175171
9680.0 0.8492165207862854
9690.0 0.8469255566596985
9700.0 0.844634473323822
9710.0 0.8423434495925903
9720.0 0.8378283381462097
9730.0 0.8333132863044739
9740.0 0.8284316062927246
9750.0 0.8235499262809753
9760.0 0.8168424367904663
9770.0 0.810135006904602
9780.0 0.8016305565834045
9790.0 0.7931259870529175
9800.0 0.7858704328536987
9810.0 0.7786149978637695
9820.0 0.7691160440444946
9830.0 0.7596169710159302
9840.0 0.7490681409835815
9850.0 0.7385192513465881
9860.0 0.7265653014183044
9870.0 0.714611291885376
9880.0 0.7036039233207703
9890.0 0.692596435546875
9900.0 0.6809548735618591
9910.0 0.6693131923675537
9920.0 0.6523945927619934
9930.0 0.6354759335517883
9940.0 0.59792160987854
9950.0 0.5603671669960022
9960.0 0.5050556659698486
9970.0 0.44974416494369507
9980.0 0.37907499074935913
9990.0 0.3084057867527008
10000.0 0.2397402971982956
10010.0 0.1710747927427292
10020.0 0.12266580015420914
10030.0 0.07425680756568909
10040.0 0.05192425847053528
10050.0 0.02959170751273632
10060.0 0.020822735503315926
10070.0 0.012053772807121277
10080.0 0.009198406711220741
10090.0 0.006343039683997631
10100.0 0.004966943524777889
10110.0 0.003590848296880722
10120.0 0.002691479865461588
10130.0 0.0017921216785907745
10140.0 0.0018174821743741632
10150.0 0.0
10160.0 0.0
10170.0 0.0
10180.0 0.0
10190.0 0.0
10200.0 0.0
