decam/transmission_system/n16/g_decam_sdss_c0001_4720.0_1520.0/2012-09-12T00:00:00.ecsv
# %ECSV 1.0
# ---
# datatype:
# - {name: wavelength, unit: Angstrom, datatype: float64}
# - {name: throughput, datatype: float64}
# meta: !!omap
# - {MODE: DETECTOR}
# - {TYPE: transmission_system}
# - {CALIBDATE: '2012-09-12T00:00:00'}
# - {INSTRUME: DECam}
# - {OBSTYPE: transmission_system}
# - {CALIBCLS: lsst.ip.isr.IntermediateSystemTransmissionCurve}
# - {DETECTOR: 47}
# - {DETECTOR_NAME: N16}
# - {SOURCE: g_band_per_detector_throughput.fits}
# - {FILTER: g DECam SDSS c0001 4720.0 1520.0}
# - {CALIB_CREATION_DATE: '2012-09-12'}
# - {CALIB_CREATION_TIME: '00:00:00'}
# schema: astropy-2.0
wavelength throughput
3750.0 0.0
3760.0 0.0
3770.0 0.0
3780.0 0.0
3790.0 0.0
3800.0 0.0
3810.0 0.0006618617917411029
3820.0 0.0008359987987205386
3830.0 0.0008100880077108741
3840.0 0.00111301033757627
3850.0 0.0013341917656362057
3860.0 0.0015553835546597838
3870.0 0.001907385652884841
3880.0 0.0022593881003558636
3890.0 0.0028464356437325478
3900.0 0.0034334834199398756
3910.0 0.003472375450655818
3920.0 0.006565664429217577
3930.0 0.013714493252336979
3940.0 0.020863329991698265
3950.0 0.021826453506946564
3960.0 0.12399320304393768
3970.0 0.22883588075637817
3980.0 0.33367857336997986
3990.0 0.33398279547691345
4000.0 0.3677384853363037
4010.0 0.3836217224597931
4020.0 0.39950495958328247
4030.0 0.40340539813041687
4040.0 0.41155824065208435
4050.0 0.4113425612449646
4060.0 0.4203684628009796
4070.0 0.42392095923423767
4080.0 0.4365714490413666
4090.0 0.43687695264816284
4100.0 0.44390687346458435
4110.0 0.4479926526546478
4120.0 0.4520784318447113
4130.0 0.454558789730072
4140.0 0.4615703821182251
4150.0 0.46380922198295593
4160.0 0.4765991270542145
4170.0 0.4845862090587616
4180.0 0.4925733208656311
4190.0 0.4932444393634796
4200.0 0.494782030582428
4210.0 0.49678534269332886
4220.0 0.5011236667633057
4230.0 0.5011126399040222
4240.0 0.5167791843414307
4250.0 0.5204330682754517
4260.0 0.5240869522094727
4270.0 0.5276086330413818
4280.0 0.5368592739105225
4290.0 0.5367423892021179
4300.0 0.5470545887947083
4310.0 0.5506470203399658
4320.0 0.5542395710945129
4330.0 0.5586786866188049
4340.0 0.5631176829338074
4350.0 0.5687400102615356
4360.0 0.5743623971939087
4370.0 0.5786815285682678
4380.0 0.5830007195472717
4390.0 0.5887429714202881
4400.0 0.5944852828979492
4410.0 0.5981075763702393
4420.0 0.6017297506332397
4430.0 0.6049396991729736
4440.0 0.6081495881080627
4450.0 0.6113296151161194
4460.0 0.6145095825195312
4470.0 0.6176720261573792
4480.0 0.6208343505859375
4490.0 0.6238128542900085
4500.0 0.6267914175987244
4510.0 0.6296209096908569
4520.0 0.6324504613876343
4530.0 0.6367099285125732
4540.0 0.6409693360328674
4550.0 0.643028199672699
4560.0 0.645086944103241
4570.0 0.6460102796554565
4580.0 0.6469335556030273
4590.0 0.6502018570899963
4600.0 0.6534700989723206
4610.0 0.6574527025222778
4620.0 0.6614353060722351
4630.0 0.6645793318748474
4640.0 0.6677234172821045
4650.0 0.6701629757881165
4660.0 0.6726024746894836
4670.0 0.6733047962188721
4680.0 0.6740071177482605
4690.0 0.6750483512878418
4700.0 0.6760895848274231
4710.0 0.6780791282653809
4720.0 0.6800686120986938
4730.0 0.6831943392753601
4740.0 0.6863200068473816
4750.0 0.6902723908424377
4760.0 0.6942248344421387
4770.0 0.6951602697372437
4780.0 0.6960957646369934
4790.0 0.6963664293289185
4800.0 0.6966370940208435
4810.0 0.7002265453338623
4820.0 0.7038158774375916
4830.0 0.7054098844528198
4840.0 0.7070038914680481
4850.0 0.7057620882987976
4860.0 0.7045202851295471
4870.0 0.7069594860076904
4880.0 0.709398627281189
4890.0 0.7123852372169495
4900.0 0.7153717875480652
4910.0 0.7165758609771729
4920.0 0.7177798748016357
4930.0 0.7177495360374451
4940.0 0.7177190780639648
4950.0 0.7180185317993164
4960.0 0.718317985534668
4970.0 0.7213141918182373
4980.0 0.7243104577064514
4990.0 0.726646900177002
5000.0 0.7289832234382629
5010.0 0.7310376167297363
5020.0 0.7330920100212097
5030.0 0.7332780957221985
5040.0 0.7334641814231873
5050.0 0.7352014183998108
5060.0 0.7369387149810791
5070.0 0.7409051060676575
5080.0 0.7448714375495911
5090.0 0.747035801410675
5100.0 0.749200165271759
5110.0 0.7478724122047424
5120.0 0.7465446591377258
5130.0 0.7467440366744995
5140.0 0.746943473815918
5150.0 0.7489008903503418
5160.0 0.7508582472801208
5170.0 0.7508939504623413
5180.0 0.7509295344352722
5190.0 0.7526931166648865
5200.0 0.7544567584991455
5210.0 0.7580633759498596
5220.0 0.761669933795929
5230.0 0.7639899253845215
5240.0 0.7663098573684692
5250.0 0.767422080039978
5260.0 0.7685343027114868
5270.0 0.7686933875083923
5280.0 0.7688524723052979
5290.0 0.7694258689880371
5300.0 0.7699993252754211
5310.0 0.7723257541656494
5320.0 0.7746523022651672
5330.0 0.7769418358802795
5340.0 0.7792313694953918
5350.0 0.7829654812812805
5360.0 0.7866995334625244
5370.0 0.7888723611831665
5380.0 0.7910451889038086
5390.0 0.7927325367927551
5400.0 0.7944198846817017
5410.0 0.8039419651031494
5420.0 0.8134639859199524
5430.0 0.8443480730056763
5440.0 0.8752321600914001
5450.0 0.8529361486434937
5460.0 0.8306401371955872
5470.0 0.6051536202430725
5480.0 0.37966716289520264
5490.0 0.2275395691394806
5500.0 0.07541196048259735
5510.0 0.04629608616232872
5520.0 0.01718021184206009
5530.0 0.010494671761989594
5540.0 0.003809122135862708
5550.0 0.00258177169598639
5560.0 0.0013544114772230387
5570.0 0.0010597971267998219
5580.0 0.0007651828927919269
5590.0 0.0006576558225788176
5600.0 0.0005501287523657084
5610.0 0.0004843288625124842
5620.0 0.00041852903086692095
5630.0 0.00037962652277201414
5640.0 0.0003407240437809378
5650.0 0.0
5660.0 0.0
5670.0 0.0
5680.0 0.0
5690.0 0.0
5700.0 0.0
