decam/transmission_system/n3/i_decam_sdss_c0003_7835.0_1470.0/2012-09-12T00:00:00.ecsv
# %ECSV 1.0
# ---
# datatype:
# - {name: wavelength, unit: Angstrom, datatype: float64}
# - {name: throughput, datatype: float64}
# meta: !!omap
# - {MODE: DETECTOR}
# - {TYPE: transmission_system}
# - {CALIBDATE: '2012-09-12T00:00:00'}
# - {INSTRUME: DECam}
# - {OBSTYPE: transmission_system}
# - {CALIBCLS: lsst.ip.isr.IntermediateSystemTransmissionCurve}
# - {DETECTOR: 34}
# - {DETECTOR_NAME: N3}
# - {SOURCE: i_band_per_detector_throughput.fits}
# - {FILTER: i DECam SDSS c0003 7835.0 1470.0}
# - {CALIB_CREATION_DATE: '2012-09-12'}
# - {CALIB_CREATION_TIME: '00:00:00'}
# schema: astropy-2.0
wavelength throughput
6700.0 0.0
6710.0 0.0
6720.0 0.0
6730.0 0.0
6740.0 0.0
6750.0 0.0
6760.0 0.0006548934034071863
6770.0 0.0007566048880107701
6780.0 0.000858316314406693
6790.0 0.0009449590579606593
6800.0 0.0010316018015146255
6810.0 0.0011586631881073117
6820.0 0.0012857246911153197
6830.0 0.0014470152091234922
6840.0 0.001608316320925951
6850.0 0.0018582538468763232
6860.0 0.00210820185020566
6870.0 0.002465625060722232
6880.0 0.002823048271238804
6890.0 0.0033263403456658125
6900.0 0.003829632420092821
6910.0 0.00466378265991807
6920.0 0.005497922655194998
6930.0 0.007259086240082979
6940.0 0.009020250290632248
6950.0 0.013350142166018486
6960.0 0.017680034041404724
6970.0 0.029411235824227333
6980.0 0.04114244878292084
6990.0 0.07037496566772461
7000.0 0.09960749745368958
7010.0 0.15723009407520294
7020.0 0.2148527055978775
7030.0 0.3037363290786743
7040.0 0.39261990785598755
7050.0 0.49900272488594055
7060.0 0.6053855419158936
7070.0 0.6992927193641663
7080.0 0.7931997776031494
7090.0 0.8504091501235962
7100.0 0.9076185822486877
7110.0 0.9329470992088318
7120.0 0.9582754969596863
7130.0 0.9680188894271851
7140.0 0.9777622222900391
7150.0 0.9835588932037354
7160.0 0.9893555045127869
7170.0 0.994793713092804
7180.0 1.0002319812774658
7190.0 1.0022969245910645
7200.0 1.0043619871139526
7210.0 1.0045524835586548
7220.0 1.004742980003357
7230.0 1.0048187971115112
7240.0 1.0048946142196655
7250.0 1.006188154220581
7260.0 1.007481575012207
7270.0 1.0101652145385742
7280.0 1.0128488540649414
7290.0 1.0134397745132446
7300.0 1.0140308141708374
7310.0 1.0122991800308228
7320.0 1.010567545890808
7330.0 1.0080509185791016
7340.0 1.005534291267395
7350.0 1.0052902698516846
7360.0 1.0050462484359741
7370.0 1.0075185298919678
7380.0 1.0099906921386719
7390.0 1.0131863355636597
7400.0 1.016381859779358
7410.0 1.0167274475097656
7420.0 1.0170729160308838
7430.0 1.01557195186615
7440.0 1.014070987701416
7450.0 1.0126359462738037
7460.0 1.0112009048461914
7470.0 1.0113929510116577
7480.0 1.0115851163864136
7490.0 1.013073205947876
7500.0 1.0145615339279175
7510.0 1.0148584842681885
7520.0 1.0151554346084595
7530.0 1.0140618085861206
7540.0 1.0129683017730713
7550.0 1.0103280544281006
7560.0 1.0076876878738403
7570.0 1.0055910348892212
7580.0 1.0034945011138916
7590.0 0.9956728219985962
7600.0 0.9878512024879456
7610.0 0.9915738701820374
7620.0 0.9952965378761292
7630.0 0.9976710677146912
7640.0 1.000045657157898
7650.0 1.003150224685669
7660.0 1.00625479221344
7670.0 1.00640869140625
7680.0 1.0065627098083496
7690.0 1.0051015615463257
7700.0 1.0036404132843018
7710.0 1.0031843185424805
7720.0 1.0027282238006592
7730.0 1.0028027296066284
7740.0 1.0028772354125977
7750.0 1.0051032304763794
7760.0 1.0073291063308716
7770.0 1.0080749988555908
7780.0 1.0088207721710205
7790.0 1.009042501449585
7800.0 1.0092641115188599
7810.0 1.0086336135864258
7820.0 1.0080032348632812
7830.0 1.0070782899856567
7840.0 1.0061532258987427
7850.0 1.0056554079055786
7860.0 1.0051575899124146
7870.0 1.0036606788635254
7880.0 1.0021637678146362
7890.0 0.9985548853874207
7900.0 0.9949460029602051
7910.0 0.9908424019813538
7920.0 0.9867388010025024
7930.0 0.9837917685508728
7940.0 0.9808446168899536
7950.0 0.9784895181655884
7960.0 0.9761343598365784
7970.0 0.9762555360794067
7980.0 0.9763766527175903
7990.0 0.9795881509780884
8000.0 0.9827997088432312
8010.0 0.9831127524375916
8020.0 0.9834258556365967
8030.0 0.9837526679039001
8040.0 0.9840794205665588
8050.0 0.9825283885002136
8060.0 0.9809774160385132
8070.0 0.9822394847869873
8080.0 0.9835015535354614
8090.0 0.9821433424949646
8100.0 0.9807852506637573
8110.0 0.974428117275238
8120.0 0.9801657199859619
8130.0 0.9790126085281372
8140.0 0.9778594970703125
8150.0 0.9758607745170593
8160.0 0.9738620519638062
8170.0 0.972496509552002
8180.0 0.9708894491195679
8190.0 0.9619241952896118
8200.0 0.9597157835960388
8210.0 0.9575074315071106
8220.0 0.9569640159606934
8230.0 0.9564206004142761
8240.0 0.9585623741149902
8250.0 0.9607040882110596
8260.0 0.9632183313369751
8270.0 0.9657326340675354
8280.0 0.9683231711387634
8290.0 0.9709136486053467
8300.0 0.9735041856765747
8310.0 0.9784941077232361
8320.0 0.9792566299438477
8330.0 0.9800191521644592
8340.0 0.980781614780426
8350.0 0.979623019695282
8360.0 0.9787898659706116
8370.0 0.9779568314552307
8380.0 0.9771237373352051
8390.0 0.9813629388809204
8400.0 0.9762909412384033
8410.0 0.9785828590393066
8420.0 0.9808748960494995
8430.0 0.983020544052124
8440.0 0.9881020784378052
8450.0 0.9899378418922424
8460.0 0.9917736053466797
8470.0 1.0053179264068604
8480.0 1.0188621282577515
8490.0 1.0331530570983887
8500.0 1.0474438667297363
8510.0 1.0351717472076416
8520.0 1.0228996276855469
8530.0 0.93697190284729
8540.0 0.851044237613678
8550.0 0.686967670917511
8560.0 0.5228911638259888
8570.0 0.23367716372013092
8580.0 0.23689383268356323
8590.0 0.08700966089963913
8600.0 0.08764182031154633
8610.0 0.031785979866981506
8620.0 0.03207989037036896
8630.0 0.012162868864834309
8640.0 0.012303637340664864
8650.0 0.005154280457645655
8660.0 0.005206195637583733
8670.0 0.0025136873591691256
8680.0 0.002106935018673539
8690.0 0.0017001826781779528
8700.0 0.0
8710.0 0.0
8720.0 0.0
8730.0 0.0
8740.0 0.0
8750.0 0.0
