decam/transmission_system/n2/z_decam_sdss_c0004_9260.0_1520.0/2012-09-12T00:00:00.ecsv
# %ECSV 1.0
# ---
# datatype:
# - {name: wavelength, unit: Angstrom, datatype: float64}
# - {name: throughput, datatype: float64}
# meta: !!omap
# - {MODE: DETECTOR}
# - {TYPE: transmission_system}
# - {CALIBDATE: '2012-09-12T00:00:00'}
# - {INSTRUME: DECam}
# - {OBSTYPE: transmission_system}
# - {CALIBCLS: lsst.ip.isr.IntermediateSystemTransmissionCurve}
# - {DETECTOR: 33}
# - {DETECTOR_NAME: N2}
# - {SOURCE: z_band_per_detector_throughput.fits}
# - {FILTER: z DECam SDSS c0004 9260.0 1520.0}
# - {CALIB_CREATION_DATE: '2012-09-12'}
# - {CALIB_CREATION_TIME: '00:00:00'}
# schema: astropy-2.0
wavelength throughput
8200.0 0.0
8210.0 0.0
8220.0 0.0
8230.0 0.0
8240.0 0.0
8250.0 0.0
8260.0 0.004249615594744682
8270.0 0.004808488301932812
8280.0 0.007043253164738417
8290.0 0.0062370700761675835
8300.0 0.00543088698759675
8310.0 0.006302755791693926
8320.0 0.007236883044242859
8330.0 0.00817101076245308
8340.0 0.009105127304792404
8350.0 0.013029160909354687
8360.0 0.013710067607462406
8370.0 0.01439098734408617
8380.0 0.015071905218064785
8390.0 0.022318072617053986
8400.0 0.02686026692390442
8410.0 0.03140245005488396
8420.0 0.03594464436173439
8430.0 0.07180493324995041
8440.0 0.06828539818525314
8450.0 0.10948166251182556
8460.0 0.15067793428897858
8470.0 0.3289235532283783
8480.0 0.3252237141132355
8490.0 0.45966726541519165
8500.0 0.5941108465194702
8510.0 0.704822838306427
8520.0 0.8155348896980286
8530.0 0.8833133578300476
8540.0 0.9510918855667114
8550.0 0.9711245894432068
8560.0 0.9911571741104126
8570.0 0.9842694401741028
8580.0 0.9948233366012573
8590.0 0.974683403968811
8600.0 0.9743293523788452
8610.0 0.9791619777679443
8620.0 0.9845296740531921
8630.0 0.995908796787262
8640.0 1.0054805278778076
8650.0 1.007813572883606
8660.0 1.0044182538986206
8670.0 1.0108660459518433
8680.0 1.0093531608581543
8690.0 1.0078403949737549
8700.0 1.0077236890792847
8710.0 1.0076072216033936
8720.0 1.0083543062210083
8730.0 1.009101390838623
8740.0 1.009286880493164
8750.0 1.0135533809661865
8760.0 1.015710473060608
8770.0 1.0178674459457397
8780.0 1.0201127529144287
8790.0 1.0223580598831177
8800.0 1.0232634544372559
8810.0 1.024168848991394
8820.0 1.0253239870071411
8830.0 1.0264791250228882
8840.0 1.0267986059188843
8850.0 1.02711820602417
8860.0 1.028041124343872
8870.0 1.0289640426635742
8880.0 1.0300859212875366
8890.0 1.0312079191207886
8900.0 1.0280262231826782
8910.0 1.0276257991790771
8920.0 1.0266857147216797
8930.0 1.0257457494735718
8940.0 1.0248056650161743
8950.0 1.0239026546478271
8960.0 1.0229995250701904
8970.0 1.0235049724578857
8980.0 1.024010419845581
8990.0 1.0253475904464722
9000.0 1.0266846418380737
9010.0 1.0289478302001953
9020.0 1.031211018562317
9030.0 1.0331531763076782
9040.0 1.0350953340530396
9050.0 1.0345878601074219
9060.0 1.0375763177871704
9070.0 1.0361977815628052
9080.0 1.0348193645477295
9090.0 1.0316864252090454
9100.0 1.0285536050796509
9110.0 1.0253968238830566
9120.0 1.0275728702545166
9130.0 1.0246098041534424
9140.0 1.023821473121643
9150.0 1.0245918035507202
9160.0 1.0245071649551392
9170.0 1.024422526359558
9180.0 1.0250324010849
9190.0 1.0256423950195312
9200.0 1.0239574909210205
9210.0 1.0222725868225098
9220.0 1.0199471712112427
9230.0 1.017621636390686
9240.0 1.0111916065216064
9250.0 1.0047615766525269
9260.0 1.000145673751831
9270.0 0.9955297112464905
9280.0 0.9880188703536987
9290.0 0.9805079698562622
9300.0 0.9752134084701538
9310.0 0.969918966293335
9320.0 0.9651408195495605
9330.0 0.9603627324104309
9340.0 0.9524699449539185
9350.0 0.944577157497406
9360.0 0.9328117370605469
9370.0 0.9210464358329773
9380.0 0.9121809005737305
9390.0 0.9033153057098389
9400.0 0.8908963799476624
9410.0 0.8784775137901306
9420.0 0.8695793151855469
9430.0 0.8606809973716736
9440.0 0.8549728393554688
9450.0 0.8569105267524719
9460.0 0.8578215837478638
9470.0 0.8580918908119202
9480.0 0.85939621925354
9490.0 0.8607004880905151
9500.0 0.861803412437439
9510.0 0.8661250472068787
9520.0 0.867679238319397
9530.0 0.8692333698272705
9540.0 0.8704705238342285
9550.0 0.8717076778411865
9560.0 0.8724925518035889
9570.0 0.873277485370636
9580.0 0.8720632195472717
9590.0 0.8708488941192627
9600.0 0.8676284551620483
9610.0 0.8644078969955444
9620.0 0.8622649312019348
9630.0 0.86012202501297
9640.0 0.8582190275192261
9650.0 0.8563161492347717
9660.0 0.8554466366767883
9670.0 0.8545771241188049
9680.0 0.852972686290741
9690.0 0.8513681292533875
9700.0 0.8497636318206787
9710.0 0.8481591939926147
9720.0 0.8440402746200562
9730.0 0.8399213552474976
9740.0 0.8353278636932373
9750.0 0.830734372138977
9760.0 0.824288010597229
9770.0 0.817841649055481
9780.0 0.8102179169654846
9790.0 0.8025941848754883
9800.0 0.7959093451499939
9810.0 0.7892244458198547
9820.0 0.7810930609703064
9830.0 0.7729617357254028
9840.0 0.7635375261306763
9850.0 0.7541133165359497
9860.0 0.7429961562156677
9870.0 0.7318789958953857
9880.0 0.7225126624107361
9890.0 0.7131462693214417
9900.0 0.7060114145278931
9910.0 0.698876678943634
9920.0 0.6900634765625
9930.0 0.681250274181366
9940.0 0.6455998420715332
9950.0 0.6099494695663452
9960.0 0.5332627892494202
9970.0 0.45657601952552795
9980.0 0.35934194922447205
9990.0 0.26210787892341614
10000.0 0.1909809112548828
10010.0 0.11985396593809128
10020.0 0.08352901041507721
10030.0 0.047204043716192245
10040.0 0.03334623575210571
10050.0 0.01948842965066433
10060.0 0.014027819968760014
10070.0 0.008567211218178272
10080.0 0.00684077525511384
10090.0 0.005114339292049408
10100.0 0.004170564468950033
10110.0 0.003226789180189371
10120.0 0.0024934986140578985
10130.0 0.0017601980362087488
10140.0 0.0018176690209656954
10150.0 0.0
10160.0 0.0
10170.0 0.0
10180.0 0.0
10190.0 0.0
10200.0 0.0
