decam/transmission_system/n18/i_decam_sdss_c0003_7835.0_1470.0/2012-09-12T00:00:00.ecsv
# %ECSV 1.0
# ---
# datatype:
# - {name: wavelength, unit: Angstrom, datatype: float64}
# - {name: throughput, datatype: float64}
# meta: !!omap
# - {MODE: DETECTOR}
# - {TYPE: transmission_system}
# - {CALIBDATE: '2012-09-12T00:00:00'}
# - {INSTRUME: DECam}
# - {OBSTYPE: transmission_system}
# - {CALIBCLS: lsst.ip.isr.IntermediateSystemTransmissionCurve}
# - {DETECTOR: 49}
# - {DETECTOR_NAME: N18}
# - {SOURCE: i_band_per_detector_throughput.fits}
# - {FILTER: i DECam SDSS c0003 7835.0 1470.0}
# - {CALIB_CREATION_DATE: '2012-09-12'}
# - {CALIB_CREATION_TIME: '00:00:00'}
# schema: astropy-2.0
wavelength throughput
6700.0 0.0
6710.0 0.0
6720.0 0.0
6730.0 0.0
6740.0 0.0
6750.0 0.0
6760.0 0.0007856622687540948
6770.0 0.0008967722533270717
6780.0 0.0010078821796923876
6790.0 0.0011223673354834318
6800.0 0.0012368523748591542
6810.0 0.001375877414830029
6820.0 0.0015149128157645464
6830.0 0.0017124785808846354
6840.0 0.0019100443460047245
6850.0 0.0021809597965329885
6860.0 0.002451865002512932
6870.0 0.002821781439706683
6880.0 0.003191698109731078
6890.0 0.0036775325424969196
6900.0 0.004163377918303013
6910.0 0.00489230640232563
6920.0 0.0056212348863482475
6930.0 0.006948801223188639
6940.0 0.00827636756002903
6950.0 0.011031652800738811
6960.0 0.013786928728222847
6970.0 0.02036457695066929
6980.0 0.026942213997244835
6990.0 0.042327314615249634
7000.0 0.057712409645318985
7010.0 0.08934751898050308
7020.0 0.12098262459039688
7030.0 0.17561118304729462
7040.0 0.23023976385593414
7050.0 0.3096194267272949
7060.0 0.3889991044998169
7070.0 0.48180142045021057
7080.0 0.5746037364006042
7090.0 0.6587206721305847
7100.0 0.74283766746521
7110.0 0.8046455383300781
7120.0 0.8664534687995911
7130.0 0.9028950333595276
7140.0 0.9393366575241089
7150.0 0.9553830027580261
7160.0 0.9714292883872986
7170.0 0.9786196351051331
7180.0 0.9858100414276123
7190.0 0.9879369735717773
7200.0 0.9900639057159424
7210.0 0.9915410280227661
7220.0 0.9930182099342346
7230.0 0.9949946403503418
7240.0 0.9969711303710938
7250.0 0.9995471835136414
7260.0 1.002123236656189
7270.0 1.004725456237793
7280.0 1.007327675819397
7290.0 1.0085278749465942
7300.0 1.0097278356552124
7310.0 1.0095090866088867
7320.0 1.009290337562561
7330.0 1.00763738155365
7340.0 1.0059843063354492
7350.0 1.004738211631775
7360.0 1.0034921169281006
7370.0 1.0040844678878784
7380.0 1.0046768188476562
7390.0 1.007489800453186
7400.0 1.0103026628494263
7410.0 1.012268304824829
7420.0 1.0142338275909424
7430.0 1.0147862434387207
7440.0 1.015338659286499
7450.0 1.014327883720398
7460.0 1.0133169889450073
7470.0 1.0119980573654175
7480.0 1.0106791257858276
7490.0 1.0106185674667358
7500.0 1.0105578899383545
7510.0 1.010922908782959
7520.0 1.0112879276275635
7530.0 1.0118613243103027
7540.0 1.012434720993042
7550.0 1.0113880634307861
7560.0 1.0103412866592407
7570.0 1.0083211660385132
7580.0 1.0063010454177856
7590.0 0.9969939589500427
7600.0 0.9876868724822998
7610.0 0.989621639251709
7620.0 0.9915563464164734
7630.0 0.993206799030304
7640.0 0.9948572516441345
7650.0 0.9985921382904053
7660.0 1.0023270845413208
7670.0 1.0038645267486572
7680.0 1.0054019689559937
7690.0 1.0047460794448853
7700.0 1.0040901899337769
7710.0 1.003643274307251
7720.0 1.003196358680725
7730.0 1.0029888153076172
7740.0 1.0027811527252197
7750.0 1.005102276802063
7760.0 1.0074234008789062
7770.0 1.008490800857544
7780.0 1.0095582008361816
7790.0 1.0101628303527832
7800.0 1.0107675790786743
7810.0 1.0101234912872314
7820.0 1.0094794034957886
7830.0 1.0082533359527588
7840.0 1.0070273876190186
7850.0 1.0064988136291504
7860.0 1.0059702396392822
7870.0 1.0050991773605347
7880.0 1.0042282342910767
7890.0 1.0015894174575806
7900.0 0.998950719833374
7910.0 0.9955117702484131
7920.0 0.9920728802680969
7930.0 0.9886413216590881
7940.0 0.9852097630500793
7950.0 0.9814541339874268
7960.0 0.9776984453201294
7970.0 0.9762564301490784
7980.0 0.9748144745826721
7990.0 0.977405309677124
8000.0 0.9799960851669312
8010.0 0.9826101064682007
8020.0 0.9852241277694702
8030.0 0.9867475628852844
8040.0 0.9882709383964539
8050.0 0.9878670573234558
8060.0 0.9874631762504578
8070.0 0.9887810349464417
8080.0 0.990098774433136
8090.0 0.9878344535827637
8100.0 0.9855700135231018
8110.0 0.9775788187980652
8120.0 0.982687771320343
8130.0 0.9814476370811462
8140.0 0.9802074432373047
8150.0 0.9795302152633667
8160.0 0.9788530468940735
8170.0 0.9816474914550781
8180.0 0.9808037281036377
8190.0 0.9746698141098022
8200.0 0.9724836945533752
8210.0 0.9702975749969482
8220.0 0.9684137105941772
8230.0 0.9665298461914062
8240.0 0.9669023752212524
8250.0 0.9672749638557434
8260.0 0.968993604183197
8270.0 0.9707122445106506
8280.0 0.9736762642860413
8290.0 0.9766402840614319
8300.0 0.9796043038368225
8310.0 0.9877271056175232
8320.0 0.9896969199180603
8330.0 0.9916667342185974
8340.0 0.9936365485191345
8350.0 0.9928082227706909
8360.0 0.9911686182022095
8370.0 0.989529013633728
8380.0 0.9878894090652466
8390.0 0.9886264801025391
8400.0 0.9834839701652527
8410.0 0.9839333891868591
8420.0 0.9843828082084656
8430.0 0.9818382263183594
8440.0 0.9877967834472656
8450.0 0.9853097796440125
8460.0 0.9828227758407593
8470.0 0.9873738288879395
8480.0 0.9919249415397644
8490.0 0.9941683411598206
8500.0 0.9964118003845215
8510.0 0.9823524951934814
8520.0 0.9682931303977966
8530.0 0.9048468470573425
8540.0 0.8414005637168884
8550.0 0.7042492628097534
8560.0 0.567098081111908
8570.0 0.2855558395385742
8580.0 0.283559650182724
8590.0 0.11011695861816406
8600.0 0.1077786237001419
8610.0 0.03951418399810791
8620.0 0.03865811973810196
8630.0 0.014742190018296242
8640.0 0.014971439726650715
8650.0 0.006286659277975559
8660.0 0.00651317834854126
8670.0 0.003005026141181588
8680.0 0.0025209879968315363
8690.0 0.002036950085312128
8700.0 0.0
8710.0 0.0
8720.0 0.0
8730.0 0.0
8740.0 0.0
8750.0 0.0
