decam/transmission_system/n30/r_decam_sdss_c0002_6415.0_1480.0/2012-09-12T00:00:00.ecsv
# %ECSV 1.0
# ---
# datatype:
# - {name: wavelength, unit: Angstrom, datatype: float64}
# - {name: throughput, datatype: float64}
# meta: !!omap
# - {MODE: DETECTOR}
# - {TYPE: transmission_system}
# - {CALIBDATE: '2012-09-12T00:00:00'}
# - {INSTRUME: DECam}
# - {OBSTYPE: transmission_system}
# - {CALIBCLS: lsst.ip.isr.IntermediateSystemTransmissionCurve}
# - {DETECTOR: 61}
# - {DETECTOR_NAME: N30}
# - {SOURCE: r_band_per_detector_throughput.fits}
# - {FILTER: r DECam SDSS c0002 6415.0 1480.0}
# - {CALIB_CREATION_DATE: '2012-09-12'}
# - {CALIB_CREATION_TIME: '00:00:00'}
# schema: astropy-2.0
wavelength throughput
5350.0 0.0
5360.0 0.0
5370.0 0.0
5380.0 0.0
5390.0 0.0
5400.0 0.0
5410.0 0.0037261659745126963
5420.0 0.004158600699156523
5430.0 0.0047677066177129745
5440.0 0.00537682231515646
5450.0 0.006095344666391611
5460.0 0.006813878193497658
5470.0 0.007511807139962912
5480.0 0.008209725841879845
5490.0 0.009173492901027203
5500.0 0.010137259028851986
5510.0 0.01118314079940319
5520.0 0.012229031883180141
5530.0 0.013492189347743988
5540.0 0.014755346812307835
5550.0 0.016444137319922447
5560.0 0.018132928758859634
5570.0 0.02026049606502056
5580.0 0.022388067096471786
5590.0 0.02560003660619259
5600.0 0.02881200797855854
5610.0 0.03612380847334862
5620.0 0.04343561828136444
5630.0 0.07086353749036789
5640.0 0.09829143434762955
5650.0 0.19874191284179688
5660.0 0.2991923689842224
5670.0 0.47217634320259094
5680.0 0.6451603174209595
5690.0 0.7236186861991882
5700.0 0.802077054977417
5710.0 0.8104553818702698
5720.0 0.8188336491584778
5730.0 0.8232621550559998
5740.0 0.8276906609535217
5750.0 0.8311576843261719
5760.0 0.8346245884895325
5770.0 0.8369854092597961
5780.0 0.839346170425415
5790.0 0.8415740728378296
5800.0 0.8438019752502441
5810.0 0.8482823967933655
5820.0 0.8527628779411316
5830.0 0.8550097942352295
5840.0 0.8572566509246826
5850.0 0.8557600975036621
5860.0 0.8542635440826416
5870.0 0.8515668511390686
5880.0 0.8488701581954956
5890.0 0.8497430682182312
5900.0 0.8506160974502563
5910.0 0.8543413877487183
5920.0 0.8580666780471802
5930.0 0.8600674271583557
5940.0 0.862068235874176
5950.0 0.8612730503082275
5960.0 0.8604779243469238
5970.0 0.8608658313751221
5980.0 0.8612537384033203
5990.0 0.8635340332984924
6000.0 0.865814208984375
6010.0 0.8688226342201233
6020.0 0.8718310594558716
6030.0 0.872459888458252
6040.0 0.8774659633636475
6050.0 0.8779861330986023
6060.0 0.8785063624382019
6070.0 0.8777928948402405
6080.0 0.8770794868469238
6090.0 0.8780947327613831
6100.0 0.8791099190711975
6110.0 0.8816715478897095
6120.0 0.8842331767082214
6130.0 0.8871979713439941
6140.0 0.8901627659797668
6150.0 0.8919205665588379
6160.0 0.8936782479286194
6170.0 0.8946794271469116
6180.0 0.8956806063652039
6190.0 0.8955432176589966
6200.0 0.8954058289527893
6210.0 0.8959158062934875
6220.0 0.8964259028434753
6230.0 0.8965765237808228
6240.0 0.8967272043228149
6250.0 0.8973828554153442
6260.0 0.8980384469032288
6270.0 0.8999043703079224
6280.0 0.9017702341079712
6290.0 0.9031365513801575
6300.0 0.904502809047699
6310.0 0.9051411151885986
6320.0 0.9057794213294983
6330.0 0.9065164923667908
6340.0 0.907253623008728
6350.0 0.9086231589317322
6360.0 0.9099927544593811
6370.0 0.911594033241272
6380.0 0.9131953120231628
6390.0 0.9136939644813538
6400.0 0.9141926765441895
6410.0 0.9145588278770447
6420.0 0.9149249792098999
6430.0 0.9147064089775085
6440.0 0.9144878387451172
6450.0 0.9143615961074829
6460.0 0.9142352938652039
6470.0 0.9142466187477112
6480.0 0.9142578840255737
6490.0 0.914491593837738
6500.0 0.9147253632545471
6510.0 0.9153735041618347
6520.0 0.9160216450691223
6530.0 0.9178124666213989
6540.0 0.9196032881736755
6550.0 0.9215319156646729
6560.0 0.9234605431556702
6570.0 0.9244657754898071
6580.0 0.9254710078239441
6590.0 0.9254632592201233
6600.0 0.9254554510116577
6610.0 0.9244256615638733
6620.0 0.9233959317207336
6630.0 0.9224516749382019
6640.0 0.9215075373649597
6650.0 0.9219152927398682
6660.0 0.9223229885101318
6670.0 0.9244704842567444
6680.0 0.9266179800033569
6690.0 0.9284244179725647
6700.0 0.9302307963371277
6710.0 0.9308116436004639
6720.0 0.9313924908638
6730.0 0.9307208061218262
6740.0 0.9300490021705627
6750.0 0.9288918972015381
6760.0 0.9277347922325134
6770.0 0.9276707768440247
6780.0 0.9276067614555359
6790.0 0.9284014105796814
6800.0 0.9291960000991821
6810.0 0.9294438362121582
6820.0 0.9296916723251343
6830.0 0.9300248622894287
6840.0 0.9303579926490784
6850.0 0.9304261207580566
6860.0 0.9304943084716797
6870.0 0.9296836256980896
6880.0 0.9288730025291443
6890.0 0.9281467795372009
6900.0 0.9274205565452576
6910.0 0.9261936545372009
6920.0 0.9249667525291443
6930.0 0.92401522397995
6940.0 0.9230636954307556
6950.0 0.9222215414047241
6960.0 0.9213793277740479
6970.0 0.9214380383491516
6980.0 0.9214967489242554
6990.0 0.922080934047699
7000.0 0.922664999961853
7010.0 0.9220731854438782
7020.0 0.9214813709259033
7030.0 0.9181918501853943
7040.0 0.91490238904953
7050.0 0.9078431725502014
7060.0 0.9007840752601624
7070.0 0.8865441083908081
7080.0 0.8723042011260986
7090.0 0.8624135851860046
7100.0 0.8525229692459106
7110.0 0.8226814270019531
7120.0 0.7928400039672852
7130.0 0.6895313262939453
7140.0 0.5862225890159607
7150.0 0.43754205107688904
7160.0 0.2888615131378174
7170.0 0.18780426681041718
7180.0 0.08674700558185577
7190.0 0.056284092366695404
7200.0 0.025821177288889885
7210.0 0.016965040937066078
7220.0 0.00810891855508089
7230.0 0.0064757089130580425
7240.0 0.004842499271035194
7250.0 0.0034756052773445845
7260.0 0.0021087108179926872
7270.0 0.0015843682922422886
7280.0 0.0010600256500765681
7290.0 0.0008528848993591964
7300.0 0.0006457441486418247
7310.0 0.000568084535188973
7320.0 0.0004904249217361212
7330.0 0.0004352801770437509
7340.0 0.00038013540324755013
7350.0 0.0
7360.0 0.0
7370.0 0.0
7380.0 0.0
7390.0 0.0
7400.0 0.0
