decam/transmission_system/s22/z_decam_sdss_c0004_9260.0_1520.0/2012-09-12T00:00:00.ecsv
# %ECSV 1.0
# ---
# datatype:
# - {name: wavelength, unit: Angstrom, datatype: float64}
# - {name: throughput, datatype: float64}
# meta: !!omap
# - {MODE: DETECTOR}
# - {TYPE: transmission_system}
# - {CALIBDATE: '2012-09-12T00:00:00'}
# - {INSTRUME: DECam}
# - {OBSTYPE: transmission_system}
# - {CALIBCLS: lsst.ip.isr.IntermediateSystemTransmissionCurve}
# - {DETECTOR: 10}
# - {DETECTOR_NAME: S22}
# - {SOURCE: z_band_per_detector_throughput.fits}
# - {FILTER: z DECam SDSS c0004 9260.0 1520.0}
# - {CALIB_CREATION_DATE: '2012-09-12'}
# - {CALIB_CREATION_TIME: '00:00:00'}
# schema: astropy-2.0
wavelength throughput
8200.0 0.0
8210.0 0.0
8220.0 0.0
8230.0 0.0
8240.0 0.0
8250.0 0.0
8260.0 0.004580691922456026
8270.0 0.005211481358855963
8280.0 0.006040480919182301
8290.0 0.005970932077616453
8300.0 0.005901393014937639
8310.0 0.006468522362411022
8320.0 0.0075053065083920956
8330.0 0.008542089723050594
8340.0 0.009578874334692955
8350.0 0.013818074017763138
8360.0 0.01470665168017149
8370.0 0.01559521909803152
8380.0 0.016483798623085022
8390.0 0.02502596005797386
8400.0 0.030425412580370903
8410.0 0.035824861377477646
8420.0 0.04122430458664894
8430.0 0.08303534239530563
8440.0 0.07799537479877472
8450.0 0.12478514015674591
8460.0 0.1715748906135559
8470.0 0.3697504997253418
8480.0 0.36348235607147217
8490.0 0.5025478005409241
8500.0 0.641613245010376
8510.0 0.7457557916641235
8520.0 0.8498983383178711
8530.0 0.9102611541748047
8540.0 0.9706239104270935
8550.0 0.9857274889945984
8560.0 1.000831127166748
8570.0 0.9899708032608032
8580.0 1.0012242794036865
8590.0 0.981760561466217
8600.0 0.981675922870636
8610.0 0.9871422648429871
8620.0 0.9925844073295593
8630.0 1.0032609701156616
8640.0 1.012551188468933
8650.0 1.012235403060913
8660.0 1.0101183652877808
8670.0 1.014122486114502
8680.0 1.0126004219055176
8690.0 1.0110783576965332
8700.0 1.011437177658081
8710.0 1.0117957592010498
8720.0 1.0128084421157837
8730.0 1.0138211250305176
8740.0 1.013550043106079
8750.0 1.0169546604156494
8760.0 1.0184510946273804
8770.0 1.0199476480484009
8780.0 1.0212360620498657
8790.0 1.0225245952606201
8800.0 1.0229027271270752
8810.0 1.0232809782028198
8820.0 1.0241303443908691
8830.0 1.0249797105789185
8840.0 1.0257761478424072
8850.0 1.026572585105896
8860.0 1.0280237197875977
8870.0 1.0294747352600098
8880.0 1.0313199758529663
8890.0 1.0331650972366333
8900.0 1.029326319694519
8910.0 1.0302693843841553
8920.0 1.0294582843780518
8930.0 1.0286473035812378
8940.0 1.0278362035751343
8950.0 1.0271049737930298
8960.0 1.0263736248016357
8970.0 1.0266709327697754
8980.0 1.026968240737915
8990.0 1.0280884504318237
9000.0 1.0292086601257324
9010.0 1.031062364578247
9020.0 1.0329161882400513
9030.0 1.0345871448516846
9040.0 1.036258339881897
9050.0 1.0358864068984985
9060.0 1.0386011600494385
9070.0 1.0373843908309937
9080.0 1.0361676216125488
9090.0 1.0335232019424438
9100.0 1.0308786630630493
9110.0 1.0279492139816284
9120.0 1.0298712253570557
9130.0 1.0266326665878296
9140.0 1.0258708000183105
9150.0 1.0261354446411133
9160.0 1.0252132415771484
9170.0 1.024290919303894
9180.0 1.023949384689331
9190.0 1.0236080884933472
9200.0 1.0213549137115479
9210.0 1.0191017389297485
9220.0 1.0169376134872437
9230.0 1.0147734880447388
9240.0 1.0088584423065186
9250.0 1.002943515777588
9260.0 0.9993418455123901
9270.0 0.9957401752471924
9280.0 0.9889561533927917
9290.0 0.9821720719337463
9300.0 0.9773823022842407
9310.0 0.9725925326347351
9320.0 0.9676881432533264
9330.0 0.9627837538719177
9340.0 0.9538506865501404
9350.0 0.944917619228363
9360.0 0.9323854446411133
9370.0 0.9198532700538635
9380.0 0.9103191494941711
9390.0 0.9007850289344788
9400.0 0.8880244493484497
9410.0 0.8752639293670654
9420.0 0.8665912747383118
9430.0 0.8579185009002686
9440.0 0.852013111114502
9450.0 0.8554375767707825
9460.0 0.855908215045929
9470.0 0.856838583946228
9480.0 0.8582940697669983
9490.0 0.8597496747970581
9500.0 0.8595075607299805
9510.0 0.8629719018936157
9520.0 0.8632177710533142
9530.0 0.8634636402130127
9540.0 0.8633202314376831
9550.0 0.8631768822669983
9560.0 0.8630502820014954
9570.0 0.8629236817359924
9580.0 0.861515462398529
9590.0 0.8601072430610657
9600.0 0.8571400046348572
9610.0 0.8541727066040039
9620.0 0.8526211977005005
9630.0 0.8510696291923523
9640.0 0.8494889140129089
9650.0 0.8479081988334656
9660.0 0.8471518158912659
9670.0 0.8463954329490662
9680.0 0.8436334729194641
9690.0 0.8408714532852173
9700.0 0.83810955286026
9710.0 0.835347592830658
9720.0 0.8306636810302734
9730.0 0.8259797096252441
9740.0 0.821483314037323
9750.0 0.8169869184494019
9760.0 0.8112549185752869
9770.0 0.8055229187011719
9780.0 0.7995001673698425
9790.0 0.793477475643158
9800.0 0.7863735556602478
9810.0 0.7792697548866272
9820.0 0.7710225582122803
9830.0 0.7627753019332886
9840.0 0.7537149786949158
9850.0 0.744654655456543
9860.0 0.7348103523254395
9870.0 0.7249660491943359
9880.0 0.7175743579864502
9890.0 0.7101826071739197
9900.0 0.7049564719200134
9910.0 0.6997303366661072
9920.0 0.6939858794212341
9930.0 0.6882414817810059
9940.0 0.661225438117981
9950.0 0.634209394454956
9960.0 0.5715954303741455
9970.0 0.508981466293335
9980.0 0.4140130877494812
9990.0 0.31904470920562744
10000.0 0.2373223900794983
10010.0 0.15560007095336914
10020.0 0.10973384231328964
10030.0 0.06386761367321014
10040.0 0.04490328207612038
10050.0 0.025938954204320908
10060.0 0.01848834566771984
10070.0 0.011037727817893028
10080.0 0.008457908406853676
10090.0 0.005878078751266003
10100.0 0.0046442486345767975
10110.0 0.003410418052226305
10120.0 0.002590588992461562
10130.0 0.001770749338902533
10140.0 0.0018351887119933963
10150.0 0.0
10160.0 0.0
10170.0 0.0
10180.0 0.0
10190.0 0.0
10200.0 0.0
