decam/transmission_system/s19/g_decam_sdss_c0001_4720.0_1520.0/2012-09-12T00:00:00.ecsv
# %ECSV 1.0
# ---
# datatype:
# - {name: wavelength, unit: Angstrom, datatype: float64}
# - {name: throughput, datatype: float64}
# meta: !!omap
# - {MODE: DETECTOR}
# - {TYPE: transmission_system}
# - {CALIBDATE: '2012-09-12T00:00:00'}
# - {INSTRUME: DECam}
# - {OBSTYPE: transmission_system}
# - {CALIBCLS: lsst.ip.isr.IntermediateSystemTransmissionCurve}
# - {DETECTOR: 18}
# - {DETECTOR_NAME: S19}
# - {SOURCE: g_band_per_detector_throughput.fits}
# - {FILTER: g DECam SDSS c0001 4720.0 1520.0}
# - {CALIB_CREATION_DATE: '2012-09-12'}
# - {CALIB_CREATION_TIME: '00:00:00'}
# schema: astropy-2.0
wavelength throughput
3750.0 0.0
3760.0 0.0
3770.0 0.0
3780.0 0.0
3790.0 0.0
3800.0 0.0
3810.0 0.0007070265128277242
3820.0 0.0009649398853071034
3830.0 0.0008708822424523532
3840.0 0.0012103392509743571
3850.0 0.0014308457029983401
3860.0 0.0016513520386070013
3870.0 0.0018928570207208395
3880.0 0.0021343620028346777
3890.0 0.0027655877638608217
3900.0 0.0033968137577176094
3910.0 0.003132212208583951
3920.0 0.006073422264307737
3930.0 0.013278569094836712
3940.0 0.0204837154597044
3950.0 0.020335957407951355
3960.0 0.1337079107761383
3970.0 0.23484072089195251
3980.0 0.3359735310077667
3990.0 0.3313046395778656
4000.0 0.36224043369293213
4010.0 0.3785862326622009
4020.0 0.3949320614337921
4030.0 0.39862310886383057
4040.0 0.4029817283153534
4050.0 0.40355342626571655
4060.0 0.41471660137176514
4070.0 0.4200228154659271
4080.0 0.4310937225818634
4090.0 0.4335366189479828
4100.0 0.4397285282611847
4110.0 0.4444153308868408
4120.0 0.44910210371017456
4130.0 0.4528983533382416
4140.0 0.4573430120944977
4150.0 0.46123889088630676
4160.0 0.47475236654281616
4170.0 0.4820074141025543
4180.0 0.4892624318599701
4190.0 0.49189141392707825
4200.0 0.4905455708503723
4210.0 0.4923788607120514
4220.0 0.5002424716949463
4230.0 0.5014076232910156
4240.0 0.516846239566803
4250.0 0.5224740505218506
4260.0 0.5281018018722534
4270.0 0.5319193601608276
4280.0 0.5418571829795837
4290.0 0.5425086617469788
4300.0 0.552375078201294
4310.0 0.5561345815658569
4320.0 0.5598941445350647
4330.0 0.5647005438804626
4340.0 0.5695069432258606
4350.0 0.5749900341033936
4360.0 0.5804731249809265
4370.0 0.5852283835411072
4380.0 0.5899837017059326
4390.0 0.5969419479370117
4400.0 0.6039002537727356
4410.0 0.6076158881187439
4420.0 0.6113315224647522
4430.0 0.614472508430481
4440.0 0.6176134347915649
4450.0 0.621002197265625
4460.0 0.6243909597396851
4470.0 0.6260624527931213
4480.0 0.6277339458465576
4490.0 0.6312413811683655
4500.0 0.6347488164901733
4510.0 0.6378934979438782
4520.0 0.6410382390022278
4530.0 0.6449705958366394
4540.0 0.648902952671051
4550.0 0.6510604023933411
4560.0 0.6532178521156311
4570.0 0.6536777019500732
4580.0 0.6541375517845154
4590.0 0.6581512093544006
4600.0 0.6621648669242859
4610.0 0.665560245513916
4620.0 0.6689556241035461
4630.0 0.6713113188743591
4640.0 0.6736670732498169
4650.0 0.6757188439369202
4660.0 0.677770733833313
4670.0 0.6772667765617371
4680.0 0.6767628788948059
4690.0 0.6776420474052429
4700.0 0.6785212159156799
4710.0 0.6807271838188171
4720.0 0.6829331517219543
4730.0 0.686621904373169
4740.0 0.6903105974197388
4750.0 0.6936913132667542
4760.0 0.6970720291137695
4770.0 0.6970282793045044
4780.0 0.696984589099884
4790.0 0.6976857781410217
4800.0 0.6983869075775146
4810.0 0.7001558542251587
4820.0 0.7019246816635132
4830.0 0.7017691731452942
4840.0 0.7016137838363647
4850.0 0.7017670273780823
4860.0 0.7019202709197998
4870.0 0.7046801447868347
4880.0 0.7074400186538696
4890.0 0.7107452750205994
4900.0 0.7140504717826843
4910.0 0.7154644131660461
4920.0 0.7168782949447632
4930.0 0.7147717475891113
4940.0 0.712665319442749
4950.0 0.7130614519119263
4960.0 0.7134575843811035
4970.0 0.7190384864807129
4980.0 0.724619448184967
4990.0 0.7268132567405701
5000.0 0.7290070056915283
5010.0 0.7305983901023865
5020.0 0.7321897745132446
5030.0 0.7334285378456116
5040.0 0.7346673607826233
5050.0 0.7360244989395142
5060.0 0.7373816967010498
5070.0 0.7392001748085022
5080.0 0.7410185933113098
5090.0 0.7424843311309814
5100.0 0.7439500093460083
5110.0 0.7434214949607849
5120.0 0.7428929805755615
5130.0 0.7434954047203064
5140.0 0.7440977692604065
5150.0 0.7472844123840332
5160.0 0.7504710555076599
5170.0 0.7526057958602905
5180.0 0.7547405362129211
5190.0 0.7569565176963806
5200.0 0.7591724991798401
5210.0 0.7620154619216919
5220.0 0.7648585438728333
5230.0 0.7680891156196594
5240.0 0.771319568157196
5250.0 0.7738742232322693
5260.0 0.7764288187026978
5270.0 0.7769596576690674
5280.0 0.777490496635437
5290.0 0.7782409191131592
5300.0 0.7789914011955261
5310.0 0.7812647223472595
5320.0 0.7835380434989929
5330.0 0.7850373983383179
5340.0 0.7865367531776428
5350.0 0.7876545190811157
5360.0 0.7887724041938782
5370.0 0.7842041254043579
5380.0 0.7796357870101929
5390.0 0.7737977504730225
5400.0 0.7679597735404968
5410.0 0.7707985639572144
5420.0 0.7736374139785767
5430.0 0.7747998833656311
5440.0 0.7759624719619751
5450.0 0.6921865940093994
5460.0 0.608410656452179
5470.0 0.4126240313053131
5480.0 0.21683739125728607
5490.0 0.12644612789154053
5500.0 0.03605486452579498
5510.0 0.021960068494081497
5520.0 0.00786527432501316
5530.0 0.004867402836680412
5540.0 0.0018695320468395948
5550.0 0.0013209923636168242
5560.0 0.0007724524475634098
5570.0 0.0006169463158585131
5580.0 0.0004614297940861434
5590.0 0.00040901629836298525
5600.0 0.00035660280263982713
5610.0 0.00032373404246754944
5620.0 0.00029087564325891435
5630.0 0.0002687969827093184
5640.0 0.000246718293055892
5650.0 0.0
5660.0 0.0
5670.0 0.0
5680.0 0.0
5690.0 0.0
5700.0 0.0
