decam/transmission_system/s24/i_decam_sdss_c0003_7835.0_1470.0/2012-09-12T00:00:00.ecsv
# %ECSV 1.0
# ---
# datatype:
# - {name: wavelength, unit: Angstrom, datatype: float64}
# - {name: throughput, datatype: float64}
# meta: !!omap
# - {MODE: DETECTOR}
# - {TYPE: transmission_system}
# - {CALIBDATE: '2012-09-12T00:00:00'}
# - {INSTRUME: DECam}
# - {OBSTYPE: transmission_system}
# - {CALIBCLS: lsst.ip.isr.IntermediateSystemTransmissionCurve}
# - {DETECTOR: 12}
# - {DETECTOR_NAME: S24}
# - {SOURCE: i_band_per_detector_throughput.fits}
# - {FILTER: i DECam SDSS c0003 7835.0 1470.0}
# - {CALIB_CREATION_DATE: '2012-09-12'}
# - {CALIB_CREATION_TIME: '00:00:00'}
# schema: astropy-2.0
wavelength throughput
6700.0 0.0
6710.0 0.0
6720.0 0.0
6730.0 0.0
6740.0 0.0
6750.0 0.0
6760.0 0.0009922318859025836
6770.0 0.0011609583161771297
6780.0 0.0013296845136210322
6790.0 0.0014980682171881199
6800.0 0.0016664622817188501
6810.0 0.0018689401913434267
6820.0 0.0020714285783469677
6830.0 0.002354847500100732
6840.0 0.002638277132064104
6850.0 0.002984411781653762
6860.0 0.0033305464312434196
6870.0 0.0037572276778519154
6880.0 0.004183919169008732
6890.0 0.00469320360571146
6900.0 0.005202488042414188
6910.0 0.005826464854180813
6920.0 0.0064504314213991165
6930.0 0.007377414032816887
6940.0 0.008304386399686337
6950.0 0.0096564507111907
6960.0 0.011008504778146744
6970.0 0.013483871705830097
6980.0 0.0159592367708683
6990.0 0.021531537175178528
7000.0 0.027103839442133904
7010.0 0.03992230445146561
7020.0 0.05274076387286186
7030.0 0.07894185930490494
7040.0 0.10514295846223831
7050.0 0.1508965790271759
7060.0 0.19665022194385529
7070.0 0.26398271322250366
7080.0 0.33131518959999084
7090.0 0.41600897908210754
7100.0 0.5007027387619019
7110.0 0.5890432000160217
7120.0 0.6773836016654968
7130.0 0.7513482570648193
7140.0 0.8253129720687866
7150.0 0.8731917142868042
7160.0 0.9210704565048218
7170.0 0.9439220428466797
7180.0 0.9667736887931824
7190.0 0.9703094959259033
7200.0 0.9738452434539795
7210.0 0.9714809656143188
7220.0 0.9691166877746582
7230.0 0.9699110984802246
7240.0 0.9707054495811462
7250.0 0.9770293235778809
7260.0 0.9833532571792603
7270.0 0.9918853640556335
7280.0 1.0004174709320068
7290.0 1.0043450593948364
7300.0 1.008272647857666
7310.0 1.0056122541427612
7320.0 1.002951741218567
7330.0 0.997111439704895
7340.0 0.9912711381912231
7350.0 0.9882895946502686
7360.0 0.985308051109314
7370.0 0.9872335195541382
7380.0 0.9891590476036072
7390.0 0.9946655631065369
7400.0 1.0001721382141113
7410.0 1.004373550415039
7420.0 1.0085749626159668
7430.0 1.0099648237228394
7440.0 1.0113545656204224
7450.0 1.010527491569519
7460.0 1.0097002983093262
7470.0 1.0084576606750488
7480.0 1.0072150230407715
7490.0 1.0076059103012085
7500.0 1.0079967975616455
7510.0 1.008948564529419
7520.0 1.0099005699157715
7530.0 1.010842204093933
7540.0 1.0117838382720947
7550.0 1.0106444358825684
7560.0 1.0095049142837524
7570.0 1.0067155361175537
7580.0 1.0039262771606445
7590.0 0.9936022758483887
7600.0 0.983278214931488
7610.0 0.9841126799583435
7620.0 0.9849470853805542
7630.0 0.9855650067329407
7640.0 0.9861829280853271
7650.0 0.989410400390625
7660.0 0.9926378130912781
7670.0 0.9941190481185913
7680.0 0.9956003427505493
7690.0 0.9958677887916565
7700.0 0.9961352944374084
7710.0 0.9977567195892334
7720.0 0.9993782043457031
7730.0 1.0020297765731812
7740.0 1.0046814680099487
7750.0 1.0097144842147827
7760.0 1.0147473812103271
7770.0 1.0171140432357788
7780.0 1.0194807052612305
7790.0 1.0194504261016846
7800.0 1.0194201469421387
7810.0 1.0171147584915161
7820.0 1.014809250831604
7830.0 1.0130037069320679
7840.0 1.0111981630325317
7850.0 1.012392282485962
7860.0 1.013586401939392
7870.0 1.0161678791046143
7880.0 1.0187493562698364
7890.0 1.0186389684677124
7900.0 1.0185284614562988
7910.0 1.0140814781188965
7920.0 1.0096343755722046
7930.0 1.0014618635177612
7940.0 0.9932892322540283
7950.0 0.983799934387207
7960.0 0.9743106961250305
7970.0 0.9700261950492859
7980.0 0.9657418131828308
7990.0 0.9702605605125427
8000.0 0.9747793078422546
8010.0 0.9832460284233093
8020.0 0.9917128086090088
8030.0 0.9980754256248474
8040.0 1.004438042640686
8050.0 1.0067548751831055
8060.0 1.009071707725525
8070.0 1.008188247680664
8080.0 1.0073047876358032
8090.0 0.9996612071990967
8100.0 0.9920176863670349
8110.0 0.9761005640029907
8120.0 0.9822132587432861
8130.0 0.9819844365119934
8140.0 0.9817554950714111
8150.0 0.9872323870658875
8160.0 0.9927092790603638
8170.0 1.0094916820526123
8180.0 1.0087178945541382
8190.0 1.0086679458618164
8200.0 1.003230094909668
8210.0 0.9977921843528748
8220.0 0.9884628653526306
8230.0 0.9791334867477417
8240.0 0.9733545780181885
8250.0 0.9675756692886353
8260.0 0.9684126377105713
8270.0 0.9692496061325073
8280.0 0.9756795763969421
8290.0 0.982109546661377
8300.0 0.9885395169258118
8310.0 1.0113403797149658
8320.0 1.0162323713302612
8330.0 1.0211244821548462
8340.0 1.0260164737701416
8350.0 1.0216091871261597
8360.0 1.0159084796905518
8370.0 1.0102077722549438
8380.0 1.004507064819336
8390.0 0.9950133562088013
8400.0 0.988771378993988
8410.0 0.987566351890564
8420.0 0.9863613247871399
8430.0 0.9875547885894775
8440.0 0.9940026998519897
8450.0 0.9951112866401672
8460.0 0.9962198734283447
8470.0 1.0045453310012817
8480.0 1.0128707885742188
8490.0 1.01869535446167
8500.0 1.0245200395584106
8510.0 1.0146310329437256
8520.0 1.00474214553833
8530.0 0.9503780007362366
8540.0 0.8960138559341431
8550.0 0.7724772691726685
8560.0 0.6489406228065491
8570.0 0.36810657382011414
8580.0 0.37036576867103577
8590.0 0.16260522603988647
8600.0 0.16071902215480804
8610.0 0.05970640107989311
8620.0 0.05992020666599274
8630.0 0.020962685346603394
8640.0 0.021029222756624222
8650.0 0.008012835867702961
8660.0 0.0075873383320868015
8670.0 0.003326984355226159
8680.0 0.0026002053637057543
8690.0 0.0018734264886006713
8700.0 0.0
8710.0 0.0
8720.0 0.0
8730.0 0.0
8740.0 0.0
8750.0 0.0
