decam/transmission_system/n1/r_decam_sdss_c0002_6415.0_1480.0/2012-09-12T00:00:00.ecsv
# %ECSV 1.0
# ---
# datatype:
# - {name: wavelength, unit: Angstrom, datatype: float64}
# - {name: throughput, datatype: float64}
# meta: !!omap
# - {MODE: DETECTOR}
# - {TYPE: transmission_system}
# - {CALIBDATE: '2012-09-12T00:00:00'}
# - {INSTRUME: DECam}
# - {OBSTYPE: transmission_system}
# - {CALIBCLS: lsst.ip.isr.IntermediateSystemTransmissionCurve}
# - {DETECTOR: 32}
# - {DETECTOR_NAME: N1}
# - {SOURCE: r_band_per_detector_throughput.fits}
# - {FILTER: r DECam SDSS c0002 6415.0 1480.0}
# - {CALIB_CREATION_DATE: '2012-09-12'}
# - {CALIB_CREATION_TIME: '00:00:00'}
# schema: astropy-2.0
wavelength throughput
5350.0 0.0
5360.0 0.0
5370.0 0.0
5380.0 0.0
5390.0 0.0
5400.0 0.0
5410.0 0.003808696288615465
5420.0 0.004252709913998842
5430.0 0.004841762129217386
5440.0 0.00543081434443593
5450.0 0.006137986201792955
5460.0 0.0068451473489403725
5470.0 0.007550055626779795
5480.0 0.008254952728748322
5490.0 0.009249957278370857
5500.0 0.010244962759315968
5510.0 0.01133638247847557
5520.0 0.012427802197635174
5530.0 0.013727744109928608
5540.0 0.015027685090899467
5550.0 0.01675691455602646
5560.0 0.01848614402115345
5570.0 0.020604213699698448
5580.0 0.022722281515598297
5590.0 0.025975821539759636
5600.0 0.029229363426566124
5610.0 0.03730404004454613
5620.0 0.045378729701042175
5630.0 0.07776570320129395
5640.0 0.11015269160270691
5650.0 0.227852001786232
5660.0 0.34555134177207947
5670.0 0.5190262198448181
5680.0 0.6925011873245239
5690.0 0.7511947751045227
5700.0 0.8098883032798767
5710.0 0.8159852623939514
5720.0 0.8220822215080261
5730.0 0.8248396515846252
5740.0 0.8275972008705139
5750.0 0.8298196196556091
5760.0 0.8320420980453491
5770.0 0.8340252041816711
5780.0 0.8360083699226379
5790.0 0.8381348848342896
5800.0 0.8402614593505859
5810.0 0.8449845910072327
5820.0 0.8497076630592346
5830.0 0.8515855073928833
5840.0 0.8534632921218872
5850.0 0.851640522480011
5860.0 0.8498177528381348
5870.0 0.8477645516395569
5880.0 0.8457112908363342
5890.0 0.8470921516418457
5900.0 0.8484729528427124
5910.0 0.8523997068405151
5920.0 0.8563264012336731
5930.0 0.8582510352134705
5940.0 0.8601757287979126
5950.0 0.8597806096076965
5960.0 0.8593854904174805
5970.0 0.8604063391685486
5980.0 0.8614271879196167
5990.0 0.863913357257843
6000.0 0.8663994073867798
6010.0 0.8691114187240601
6020.0 0.8718235492706299
6030.0 0.871571958065033
6040.0 0.875078558921814
6050.0 0.8749831318855286
6060.0 0.8748877048492432
6070.0 0.8745014667510986
6080.0 0.8741152286529541
6090.0 0.8755655288696289
6100.0 0.8770157098770142
6110.0 0.8802493214607239
6120.0 0.8834830522537231
6130.0 0.8865228891372681
6140.0 0.8895626664161682
6150.0 0.8909047842025757
6160.0 0.8922469615936279
6170.0 0.892775297164917
6180.0 0.8933035135269165
6190.0 0.8930993676185608
6200.0 0.8928952217102051
6210.0 0.8937011361122131
6220.0 0.8945069909095764
6230.0 0.8951200246810913
6240.0 0.8957331776618958
6250.0 0.8966560363769531
6260.0 0.8975788950920105
6270.0 0.8991472721099854
6280.0 0.9007155299186707
6290.0 0.9018682241439819
6300.0 0.903020977973938
6310.0 0.9038045406341553
6320.0 0.9045881032943726
6330.0 0.9052205085754395
6340.0 0.9058528542518616
6350.0 0.9072996377944946
6360.0 0.9087464213371277
6370.0 0.9106742739677429
6380.0 0.9126021265983582
6390.0 0.9129719734191895
6400.0 0.9133418202400208
6410.0 0.9137430191040039
6420.0 0.9141442179679871
6430.0 0.9141656756401062
6440.0 0.9141870141029358
6450.0 0.914055585861206
6460.0 0.9139242172241211
6470.0 0.9141506552696228
6480.0 0.9143770933151245
6490.0 0.9149335622787476
6500.0 0.9154901504516602
6510.0 0.9163069128990173
6520.0 0.9171237349510193
6530.0 0.9187632203102112
6540.0 0.9204027056694031
6550.0 0.9223400354385376
6560.0 0.9242774248123169
6570.0 0.9251636266708374
6580.0 0.9260498285293579
6590.0 0.9258183836936951
6600.0 0.9255869388580322
6610.0 0.9249093532562256
6620.0 0.924231767654419
6630.0 0.9232831001281738
6640.0 0.9223343729972839
6650.0 0.9227163791656494
6660.0 0.9230984449386597
6670.0 0.9251880645751953
6680.0 0.9272777438163757
6690.0 0.9291611313819885
6700.0 0.9310445189476013
6710.0 0.9318123459815979
6720.0 0.9325800538063049
6730.0 0.9319550395011902
6740.0 0.931330144405365
6750.0 0.930527925491333
6760.0 0.9297256469726562
6770.0 0.9299394488334656
6780.0 0.9301532506942749
6790.0 0.9309988617897034
6800.0 0.9318442940711975
6810.0 0.9320995211601257
6820.0 0.932354748249054
6830.0 0.9326106309890747
6840.0 0.9328665137290955
6850.0 0.9328922033309937
6860.0 0.9329178929328918
6870.0 0.9322333931922913
6880.0 0.9315487742424011
6890.0 0.9310512542724609
6900.0 0.9305537939071655
6910.0 0.929719090461731
6920.0 0.9288843870162964
6930.0 0.9282246232032776
6940.0 0.9275648593902588
6950.0 0.9269444942474365
6960.0 0.926324188709259
6970.0 0.9264495968818665
6980.0 0.9265750050544739
6990.0 0.9269129633903503
7000.0 0.927250862121582
7010.0 0.926611602306366
7020.0 0.9259723424911499
7030.0 0.9227092266082764
7040.0 0.9194461703300476
7050.0 0.9123205542564392
7060.0 0.9051949977874756
7070.0 0.8922600150108337
7080.0 0.8793250918388367
7090.0 0.8692619800567627
7100.0 0.859198808670044
7110.0 0.829235315322876
7120.0 0.799271821975708
7130.0 0.6994616985321045
7140.0 0.5996514558792114
7150.0 0.4448959231376648
7160.0 0.29014042019844055
7170.0 0.18740591406822205
7180.0 0.08467143774032593
7190.0 0.05500758811831474
7200.0 0.025343723595142365
7210.0 0.016635483130812645
7220.0 0.00792724173516035
7230.0 0.006280033383518457
7240.0 0.004632824566215277
7250.0 0.0033370889723300934
7260.0 0.0020413531456142664
7270.0 0.0015327335568144917
7280.0 0.001024114084430039
7290.0 0.0008272753329947591
7300.0 0.0006304469425231218
7310.0 0.0005662256153300405
7320.0 0.0005020147073082626
7330.0 0.00044544716365635395
7340.0 0.00038887964910827577
7350.0 0.0
7360.0 0.0
7370.0 0.0
7380.0 0.0
7390.0 0.0
7400.0 0.0
