decam/transmission_system/n1/i_decam_sdss_c0003_7835.0_1470.0/2012-09-12T00:00:00.ecsv
# %ECSV 1.0
# ---
# datatype:
# - {name: wavelength, unit: Angstrom, datatype: float64}
# - {name: throughput, datatype: float64}
# meta: !!omap
# - {MODE: DETECTOR}
# - {TYPE: transmission_system}
# - {CALIBDATE: '2012-09-12T00:00:00'}
# - {INSTRUME: DECam}
# - {OBSTYPE: transmission_system}
# - {CALIBCLS: lsst.ip.isr.IntermediateSystemTransmissionCurve}
# - {DETECTOR: 32}
# - {DETECTOR_NAME: N1}
# - {SOURCE: i_band_per_detector_throughput.fits}
# - {FILTER: i DECam SDSS c0003 7835.0 1470.0}
# - {CALIB_CREATION_DATE: '2012-09-12'}
# - {CALIB_CREATION_TIME: '00:00:00'}
# schema: astropy-2.0
wavelength throughput
6700.0 0.0
6710.0 0.0
6720.0 0.0
6730.0 0.0
6740.0 0.0
6750.0 0.0
6760.0 0.0012656294275075197
6770.0 0.0014667052309960127
6780.0 0.00166779151186347
6790.0 0.00186940748244524
6800.0 0.0020710339304059744
6810.0 0.002332706470042467
6820.0 0.002594389719888568
6830.0 0.002897187601774931
6840.0 0.0031999852508306503
6850.0 0.003566765459254384
6860.0 0.003933535423129797
6870.0 0.004386532120406628
6880.0 0.004839539993554354
6890.0 0.005364962387830019
6900.0 0.005890385247766972
6910.0 0.006511319428682327
6920.0 0.007132242899388075
6930.0 0.00799699779599905
6940.0 0.008861753158271313
6950.0 0.0100553622469306
6960.0 0.011248971335589886
6970.0 0.013248825445771217
6980.0 0.015248670242726803
6990.0 0.019648421555757523
7000.0 0.02404816448688507
7010.0 0.03443809226155281
7020.0 0.04482802003622055
7030.0 0.0674578920006752
7040.0 0.09008776396512985
7050.0 0.13281075656414032
7060.0 0.17553375661373138
7070.0 0.24341250956058502
7080.0 0.31129124760627747
7090.0 0.40243735909461975
7100.0 0.49358347058296204
7110.0 0.5910221934318542
7120.0 0.6884608864784241
7130.0 0.7680569291114807
7140.0 0.8476528525352478
7150.0 0.894636869430542
7160.0 0.9416208267211914
7170.0 0.9597401022911072
7180.0 0.977859377861023
7190.0 0.9774503111839294
7200.0 0.9770411849021912
7210.0 0.9738158583641052
7220.0 0.9705905318260193
7230.0 0.9726724624633789
7240.0 0.9747543334960938
7250.0 0.9822401404380798
7260.0 0.9897259473800659
7270.0 0.9979014992713928
7280.0 1.0060769319534302
7290.0 1.0080353021621704
7300.0 1.0099936723709106
7310.0 1.0056710243225098
7320.0 1.0013484954833984
7330.0 0.9955042600631714
7340.0 0.9896600246429443
7350.0 0.9876798391342163
7360.0 0.9856996536254883
7370.0 0.9886438250541687
7380.0 0.9915879964828491
7390.0 0.997184157371521
7400.0 1.0027803182601929
7410.0 1.0062952041625977
7420.0 1.009809970855713
7430.0 1.0105873346328735
7440.0 1.0113646984100342
7450.0 1.010474681854248
7460.0 1.009584665298462
7470.0 1.0088077783584595
7480.0 1.0080307722091675
7490.0 1.0086978673934937
7500.0 1.0093650817871094
7510.0 1.0103119611740112
7520.0 1.0112587213516235
7530.0 1.0118229389190674
7540.0 1.0123871564865112
7550.0 1.0108505487442017
7560.0 1.009313941001892
7570.0 1.0064555406570435
7580.0 1.0035971403121948
7590.0 0.9933390617370605
7600.0 0.983081042766571
7610.0 0.9839432835578918
7620.0 0.9848055839538574
7630.0 0.9853460788726807
7640.0 0.9858866333961487
7650.0 0.98890620470047
7660.0 0.9919257164001465
7670.0 0.9934127330780029
7680.0 0.9948997497558594
7690.0 0.9957376718521118
7700.0 0.9965755939483643
7710.0 0.9987843036651611
7720.0 1.000993013381958
7730.0 1.0041345357894897
7740.0 1.0072760581970215
7750.0 1.0121177434921265
7760.0 1.016959547996521
7770.0 1.0187435150146484
7780.0 1.0205276012420654
7790.0 1.019905924797058
7800.0 1.0192841291427612
7810.0 1.017013669013977
7820.0 1.0147430896759033
7830.0 1.0135633945465088
7840.0 1.0123836994171143
7850.0 1.0143635272979736
7860.0 1.016343355178833
7870.0 1.0187963247299194
7880.0 1.0212494134902954
7890.0 1.0197761058807373
7900.0 1.0183030366897583
7910.0 1.0121265649795532
7920.0 1.0059500932693481
7930.0 0.9969382286071777
7940.0 0.9879264235496521
7950.0 0.9794837832450867
7960.0 0.9710411429405212
7970.0 0.9689745306968689
7980.0 0.9669080376625061
7990.0 0.9736089706420898
8000.0 0.9803100228309631
8010.0 0.9890090823173523
8020.0 0.9977080225944519
8030.0 1.0035661458969116
8040.0 1.0094242095947266
8050.0 1.0099306106567383
8060.0 1.0104368925094604
8070.0 1.0080307722091675
8080.0 1.0056246519088745
8090.0 0.997738242149353
8100.0 0.9898518919944763
8110.0 0.9770796298980713
8120.0 0.9833099246025085
8130.0 0.9852428436279297
8140.0 0.9871757626533508
8150.0 0.9932534098625183
8160.0 0.999330997467041
8170.0 1.0147327184677124
8180.0 1.0124852657318115
8190.0 1.0076746940612793
8200.0 0.9999028444290161
8210.0 0.9921309947967529
8220.0 0.9826350808143616
8230.0 0.9731391668319702
8240.0 0.9696906805038452
8250.0 0.9662421345710754
8260.0 0.9701773524284363
8270.0 0.9741125106811523
8280.0 0.9815395474433899
8290.0 0.9889665842056274
8300.0 0.9963935613632202
8310.0 1.0178468227386475
8320.0 1.020229697227478
8330.0 1.0226128101348877
8340.0 1.0249956846237183
8350.0 1.0135685205459595
8360.0 1.0067849159240723
8370.0 1.0000011920928955
8380.0 0.9932176470756531
8390.0 0.9849756360054016
8400.0 0.9789131879806519
8410.0 0.9791209101676941
8420.0 0.9793286323547363
8430.0 0.9822388887405396
8440.0 0.9885324835777283
8450.0 0.9904626607894897
8460.0 0.9923928380012512
8470.0 1.0022109746932983
8480.0 1.0120291709899902
8490.0 1.0178617238998413
8500.0 1.023694396018982
8510.0 1.0063005685806274
8520.0 0.9889066219329834
8530.0 0.9171364903450012
8540.0 0.845366358757019
8550.0 0.7093462944030762
8560.0 0.5733262300491333
8570.0 0.2983197867870331
8580.0 0.30485257506370544
8590.0 0.12174343317747116
8600.0 0.12287869304418564
8610.0 0.0431557334959507
8620.0 0.04406656697392464
8630.0 0.015100318938493729
8640.0 0.01561656128615141
8650.0 0.0061048888601362705
8660.0 0.005665776785463095
8670.0 0.0026036843191832304
8680.0 0.0020904436241835356
8690.0 0.0015772024635225534
8700.0 0.0
8710.0 0.0
8720.0 0.0
8730.0 0.0
8740.0 0.0
8750.0 0.0
