decam/transmission_system/s25/i_decam_sdss_c0003_7835.0_1470.0/2012-09-12T00:00:00.ecsv
# %ECSV 1.0
# ---
# datatype:
# - {name: wavelength, unit: Angstrom, datatype: float64}
# - {name: throughput, datatype: float64}
# meta: !!omap
# - {MODE: DETECTOR}
# - {TYPE: transmission_system}
# - {CALIBDATE: '2012-09-12T00:00:00'}
# - {INSTRUME: DECam}
# - {OBSTYPE: transmission_system}
# - {CALIBCLS: lsst.ip.isr.IntermediateSystemTransmissionCurve}
# - {DETECTOR: 4}
# - {DETECTOR_NAME: S25}
# - {SOURCE: i_band_per_detector_throughput.fits}
# - {FILTER: i DECam SDSS c0003 7835.0 1470.0}
# - {CALIB_CREATION_DATE: '2012-09-12'}
# - {CALIB_CREATION_TIME: '00:00:00'}
# schema: astropy-2.0
wavelength throughput
6700.0 0.0
6710.0 0.0
6720.0 0.0
6730.0 0.0
6740.0 0.0
6750.0 0.0
6760.0 0.0011283905478194356
6770.0 0.0012939703883603215
6780.0 0.0014595499960705638
6790.0 0.0016389626543968916
6800.0 0.001818385673686862
6810.0 0.0020662671886384487
6820.0 0.002314148470759392
6830.0 0.002596082631498575
6840.0 0.0028780167922377586
6850.0 0.0032176398672163486
6860.0 0.003557273419573903
6870.0 0.003996666055172682
6880.0 0.004436058923602104
6890.0 0.0049546584486961365
6900.0 0.005473258439451456
6910.0 0.006137830670922995
6920.0 0.006802412681281567
6930.0 0.007725074887275696
6940.0 0.008647726848721504
6950.0 0.010049774311482906
6960.0 0.011451822705566883
6970.0 0.014007383026182652
6980.0 0.016562942415475845
6990.0 0.022401485592126846
7000.0 0.028240017592906952
7010.0 0.041516777127981186
7020.0 0.05479354038834572
7030.0 0.08172845840454102
7040.0 0.10866337269544601
7050.0 0.15565022826194763
7060.0 0.20263707637786865
7070.0 0.2723710238933563
7080.0 0.3421050012111664
7090.0 0.4310641288757324
7100.0 0.5200232863426208
7110.0 0.6125348210334778
7120.0 0.7050462961196899
7130.0 0.7795618772506714
7140.0 0.8540774583816528
7150.0 0.8983210325241089
7160.0 0.9425646066665649
7170.0 0.9600046277046204
7180.0 0.977444589138031
7190.0 0.977868378162384
7200.0 0.9782921671867371
7210.0 0.9763470888137817
7220.0 0.9744020700454712
7230.0 0.9767179489135742
7240.0 0.9790338277816772
7250.0 0.9854260683059692
7260.0 0.9918182492256165
7270.0 0.9987294673919678
7280.0 1.0056406259536743
7290.0 1.0068671703338623
7300.0 1.0080937147140503
7310.0 1.0042507648468018
7320.0 1.0004079341888428
7330.0 0.9957874417304993
7340.0 0.9911670684814453
7350.0 0.9901515245437622
7360.0 0.9891360402107239
7370.0 0.9920285940170288
7380.0 0.9949211478233337
7390.0 0.9996922016143799
7400.0 1.0044631958007812
7410.0 1.0070370435714722
7420.0 1.0096110105514526
7430.0 1.0100311040878296
7440.0 1.010451316833496
7450.0 1.0097737312316895
7460.0 1.0090961456298828
7470.0 1.0087093114852905
7480.0 1.0083224773406982
7490.0 1.009049892425537
7500.0 1.0097771883010864
7510.0 1.0102932453155518
7520.0 1.010809302330017
7530.0 1.0109690427780151
7540.0 1.0111289024353027
7550.0 1.0096701383590698
7560.0 1.008211374282837
7570.0 1.0058925151824951
7580.0 1.0035735368728638
7590.0 0.9941726326942444
7600.0 0.9847716093063354
7610.0 0.9862704873085022
7620.0 0.987769365310669
7630.0 0.9885796904563904
7640.0 0.9893901348114014
7650.0 0.9924315214157104
7660.0 0.9954728484153748
7670.0 0.9969584941864014
7680.0 0.9984441995620728
7690.0 0.9992455840110779
7700.0 1.0000468492507935
7710.0 1.0020896196365356
7720.0 1.0041322708129883
7730.0 1.0065186023712158
7740.0 1.0089048147201538
7750.0 1.013088583946228
7760.0 1.0172724723815918
7770.0 1.018569827079773
7780.0 1.0198673009872437
7790.0 1.0193332433700562
7800.0 1.0187991857528687
7810.0 1.016983151435852
7820.0 1.0151671171188354
7830.0 1.0142749547958374
7840.0 1.013382911682129
7850.0 1.0149601697921753
7860.0 1.0165375471115112
7870.0 1.01799738407135
7880.0 1.019457221031189
7890.0 1.0173559188842773
7900.0 1.0152544975280762
7910.0 1.009594440460205
7920.0 1.003934383392334
7930.0 0.9964808821678162
7940.0 0.9890273809432983
7950.0 0.9823765158653259
7960.0 0.9757257103919983
7970.0 0.9747770428657532
7980.0 0.9738284349441528
7990.0 0.980150580406189
8000.0 0.9864726662635803
8010.0 0.9942640662193298
8020.0 1.0020554065704346
8030.0 1.006119966506958
8040.0 1.0101845264434814
8050.0 1.0094622373580933
8060.0 1.008739948272705
8070.0 1.0062596797943115
8080.0 1.0037795305252075
8090.0 0.9969752430915833
8100.0 0.9901710152626038
8110.0 0.9776563048362732
8120.0 0.9853132367134094
8130.0 0.9864853024482727
8140.0 0.9876572489738464
8150.0 0.9924032688140869
8160.0 0.9971492886543274
8170.0 1.0089911222457886
8180.0 1.0073274374008179
8190.0 1.00169038772583
8200.0 0.9952692985534668
8210.0 0.9888481497764587
8220.0 0.9819052219390869
8230.0 0.9749622941017151
8240.0 0.9730320572853088
8250.0 0.9711019396781921
8260.0 0.9750297665596008
8270.0 0.9789576530456543
8280.0 0.9854041337966919
8290.0 0.9918505549430847
8300.0 0.9982970952987671
8310.0 1.015273094177246
8320.0 1.0171327590942383
8330.0 1.01899254322052
8340.0 1.0208522081375122
8350.0 1.0114381313323975
8360.0 1.0061441659927368
8370.0 1.0008500814437866
8380.0 0.9955560564994812
8390.0 0.9910354018211365
8400.0 0.9842422604560852
8410.0 0.9849739670753479
8420.0 0.9857057332992554
8430.0 0.9868929982185364
8440.0 0.9941214919090271
8450.0 0.9945237040519714
8460.0 0.994925856590271
8470.0 1.0027509927749634
8480.0 1.0105761289596558
8490.0 1.0142749547958374
8500.0 1.017973780632019
8510.0 0.9962260723114014
8520.0 0.9744783639907837
8530.0 0.8955520391464233
8540.0 0.816625714302063
8550.0 0.6748774647712708
8560.0 0.5331292152404785
8570.0 0.2628239691257477
8580.0 0.27244171500205994
8590.0 0.10332322865724564
8600.0 0.10593688488006592
8610.0 0.036151494830846786
8620.0 0.03807302191853523
8630.0 0.013090847991406918
8640.0 0.013571011833846569
8650.0 0.00535246916115284
8660.0 0.005107599776238203
8670.0 0.002369418041780591
8680.0 0.0019713162910193205
8690.0 0.0015732146566733718
8700.0 0.0
8710.0 0.0
8720.0 0.0
8730.0 0.0
8740.0 0.0
8750.0 0.0
