decam/transmission_system/n12/g_decam_sdss_c0001_4720.0_1520.0/2012-09-12T00:00:00.ecsv
# %ECSV 1.0
# ---
# datatype:
# - {name: wavelength, unit: Angstrom, datatype: float64}
# - {name: throughput, datatype: float64}
# meta: !!omap
# - {MODE: DETECTOR}
# - {TYPE: transmission_system}
# - {CALIBDATE: '2012-09-12T00:00:00'}
# - {INSTRUME: DECam}
# - {OBSTYPE: transmission_system}
# - {CALIBCLS: lsst.ip.isr.IntermediateSystemTransmissionCurve}
# - {DETECTOR: 43}
# - {DETECTOR_NAME: N12}
# - {SOURCE: g_band_per_detector_throughput.fits}
# - {FILTER: g DECam SDSS c0001 4720.0 1520.0}
# - {CALIB_CREATION_DATE: '2012-09-12'}
# - {CALIB_CREATION_TIME: '00:00:00'}
# schema: astropy-2.0
wavelength throughput
3750.0 0.0
3760.0 0.0
3770.0 0.0
3780.0 0.0
3790.0 0.0
3800.0 0.0
3810.0 0.0006837742985226214
3820.0 0.0008690544636920094
3830.0 0.0008473392808809876
3840.0 0.001049162819981575
3850.0 0.0013234431389719248
3860.0 0.0015977235743775964
3870.0 0.001974712125957012
3880.0 0.0023516903165727854
3890.0 0.0029438165947794914
3900.0 0.0035359321627765894
3910.0 0.003516626311466098
3920.0 0.0067243799567222595
3930.0 0.014677844010293484
3940.0 0.022631317377090454
3950.0 0.02348311059176922
3960.0 0.1379609853029251
3970.0 0.24182629585266113
3980.0 0.34569159150123596
3990.0 0.34463438391685486
4000.0 0.37492454051971436
4010.0 0.390916109085083
4020.0 0.40690773725509644
4030.0 0.41154494881629944
4040.0 0.4165552258491516
4050.0 0.41713622212409973
4060.0 0.42563244700431824
4070.0 0.42934802174568176
4080.0 0.44179537892341614
4090.0 0.44220542907714844
4100.0 0.4489937126636505
4110.0 0.45315656065940857
4120.0 0.45731937885284424
4130.0 0.4600886404514313
4140.0 0.4661998450756073
4150.0 0.4686887860298157
4160.0 0.4808894991874695
4170.0 0.4881238639354706
4180.0 0.4953582286834717
4190.0 0.4966334104537964
4200.0 0.49823740124702454
4210.0 0.49882879853248596
4220.0 0.5042460560798645
4230.0 0.5043227672576904
4240.0 0.5207647681236267
4250.0 0.5251234769821167
4260.0 0.5294821858406067
4270.0 0.5327901840209961
4280.0 0.5420079827308655
4290.0 0.5417284369468689
4300.0 0.552337646484375
4310.0 0.5556008815765381
4320.0 0.558864176273346
4330.0 0.5632587671279907
4340.0 0.5676534175872803
4350.0 0.5733535289764404
4360.0 0.5790535807609558
4370.0 0.5834288597106934
4380.0 0.5878041982650757
4390.0 0.594025731086731
4400.0 0.600247323513031
4410.0 0.6035107374191284
4420.0 0.6067741513252258
4430.0 0.6098096966743469
4440.0 0.6128453016281128
4450.0 0.6159764528274536
4460.0 0.6191076040267944
4470.0 0.6218367218971252
4480.0 0.624565839767456
4490.0 0.6277724504470825
4500.0 0.630979061126709
4510.0 0.6336337327957153
4520.0 0.6362885236740112
4530.0 0.6405431628227234
4540.0 0.6447977423667908
4550.0 0.6466599702835083
4560.0 0.648522138595581
4570.0 0.649273157119751
4580.0 0.6500240564346313
4590.0 0.6536815762519836
4600.0 0.6573390960693359
4610.0 0.6607677936553955
4620.0 0.6641964316368103
4630.0 0.667076051235199
4640.0 0.6699556708335876
4650.0 0.6719744205474854
4660.0 0.6739931106567383
4670.0 0.6742184162139893
4680.0 0.6744436621665955
4690.0 0.6758492588996887
4700.0 0.6772549152374268
4710.0 0.6789132952690125
4720.0 0.6805716753005981
4730.0 0.6836521029472351
4740.0 0.6867324113845825
4750.0 0.690650224685669
4760.0 0.6945679783821106
4770.0 0.6949869394302368
4780.0 0.6954058408737183
4790.0 0.695837676525116
4800.0 0.6962695121765137
4810.0 0.6990143656730652
4820.0 0.7017593383789062
4830.0 0.7026230096817017
4840.0 0.7034867405891418
4850.0 0.7024474740028381
4860.0 0.7014082670211792
4870.0 0.7038065195083618
4880.0 0.7062047719955444
4890.0 0.7094181776046753
4900.0 0.7126315832138062
4910.0 0.7133579850196838
4920.0 0.7140843272209167
4930.0 0.7133958339691162
4940.0 0.7127074003219604
4950.0 0.713379979133606
4960.0 0.7140526175498962
4970.0 0.7171245813369751
4980.0 0.720196545124054
4990.0 0.722322404384613
5000.0 0.7244482636451721
5010.0 0.7264552116394043
5020.0 0.7284621596336365
5030.0 0.728846549987793
5040.0 0.7292309999465942
5050.0 0.7305079698562622
5060.0 0.7317848801612854
5070.0 0.7346740365028381
5080.0 0.7375631928443909
5090.0 0.7389640808105469
5100.0 0.7403650879859924
5110.0 0.7386823296546936
5120.0 0.7369996309280396
5130.0 0.7380890846252441
5140.0 0.7391785979270935
5150.0 0.7421708703041077
5160.0 0.7451632618904114
5170.0 0.7454238533973694
5180.0 0.7456843852996826
5190.0 0.7472575902938843
5200.0 0.7488308548927307
5210.0 0.7521066665649414
5220.0 0.7553825378417969
5230.0 0.7579920887947083
5240.0 0.7606016993522644
5250.0 0.7618388533592224
5260.0 0.7630760669708252
5270.0 0.7630890607833862
5280.0 0.763102114200592
5290.0 0.763761043548584
5300.0 0.7644199132919312
5310.0 0.7660274505615234
5320.0 0.7676349878311157
5330.0 0.7694257497787476
5340.0 0.7712164521217346
5350.0 0.7735695838928223
5360.0 0.7759226560592651
5370.0 0.7742601633071899
5380.0 0.7725976705551147
5390.0 0.7694178223609924
5400.0 0.7662379741668701
5410.0 0.7705046534538269
5420.0 0.7747713923454285
5430.0 0.7886085510253906
5440.0 0.802445650100708
5450.0 0.757073163986206
5460.0 0.7117006182670593
5470.0 0.5068498253822327
5480.0 0.301999032497406
5490.0 0.18032176792621613
5500.0 0.05864451453089714
5510.0 0.036087047308683395
5520.0 0.013529586605727673
5530.0 0.008297324180603027
5540.0 0.003065051743760705
5550.0 0.002101119374856353
5560.0 0.001137186773121357
5570.0 0.0008992750663310289
5580.0 0.00066136330133304
5590.0 0.0005773584125563502
5600.0 0.0004933535237796605
5610.0 0.00043631865992210805
5620.0 0.0003792838251683861
5630.0 0.000345158448908478
5640.0 0.000311043462716043
5650.0 0.0
5660.0 0.0
5670.0 0.0
5680.0 0.0
5690.0 0.0
5700.0 0.0
