decam/transmission_system/n15/z_decam_sdss_c0004_9260.0_1520.0/2012-09-12T00:00:00.ecsv
# %ECSV 1.0
# ---
# datatype:
# - {name: wavelength, unit: Angstrom, datatype: float64}
# - {name: throughput, datatype: float64}
# meta: !!omap
# - {MODE: DETECTOR}
# - {TYPE: transmission_system}
# - {CALIBDATE: '2012-09-12T00:00:00'}
# - {INSTRUME: DECam}
# - {OBSTYPE: transmission_system}
# - {CALIBCLS: lsst.ip.isr.IntermediateSystemTransmissionCurve}
# - {DETECTOR: 46}
# - {DETECTOR_NAME: N15}
# - {SOURCE: z_band_per_detector_throughput.fits}
# - {FILTER: z DECam SDSS c0004 9260.0 1520.0}
# - {CALIB_CREATION_DATE: '2012-09-12'}
# - {CALIB_CREATION_TIME: '00:00:00'}
# schema: astropy-2.0
wavelength throughput
8200.0 0.0
8210.0 0.0
8220.0 0.0
8230.0 0.0
8240.0 0.0
8250.0 0.0
8260.0 0.004217546433210373
8270.0 0.00473016407340765
8280.0 0.006785734556615353
8290.0 0.006196952424943447
8300.0 0.005608160514384508
8310.0 0.006410885136574507
8320.0 0.007386906072497368
8330.0 0.008362936787307262
8340.0 0.00933895818889141
8350.0 0.013311468064785004
8360.0 0.014089570380747318
8370.0 0.014867672696709633
8380.0 0.015645785257220268
8390.0 0.02330208010971546
8400.0 0.02821529097855091
8410.0 0.033128514885902405
8420.0 0.038041725754737854
8430.0 0.07614430040121078
8440.0 0.07227946817874908
8450.0 0.11669228971004486
8460.0 0.16110512614250183
8470.0 0.35408392548561096
8480.0 0.35039275884628296
8490.0 0.49240797758102417
8500.0 0.6344231963157654
8510.0 0.7442535758018494
8520.0 0.8540838956832886
8530.0 0.9149780869483948
8540.0 0.975872278213501
8550.0 0.9914282560348511
8560.0 1.0069842338562012
8570.0 0.9945226907730103
8580.0 1.006674885749817
8590.0 0.9842228293418884
8600.0 0.9851740002632141
8610.0 0.9891656637191772
8620.0 0.9965328574180603
8630.0 1.0060447454452515
8640.0 1.0171723365783691
8650.0 1.0170059204101562
8660.0 1.0163294076919556
8670.0 1.020607590675354
8680.0 1.0189985036849976
8690.0 1.0173892974853516
8700.0 1.0177333354949951
8710.0 1.0180773735046387
8720.0 1.0190240144729614
8730.0 1.0199706554412842
8740.0 1.021003007888794
8750.0 1.0237029790878296
8760.0 1.0252543687820435
8770.0 1.0268056392669678
8780.0 1.0280907154083252
8790.0 1.0293755531311035
8800.0 1.0294179916381836
8810.0 1.0294604301452637
8820.0 1.030104160308838
8830.0 1.0307480096817017
8840.0 1.0310075283050537
8850.0 1.0312670469284058
8860.0 1.0324465036392212
8870.0 1.0336260795593262
8880.0 1.035110354423523
8890.0 1.0365945100784302
8900.0 1.0341379642486572
8910.0 1.0335525274276733
8920.0 1.0329020023345947
8930.0 1.0322513580322266
8940.0 1.031600832939148
8950.0 1.0307568311691284
8960.0 1.0299127101898193
8970.0 1.0301403999328613
8980.0 1.0303680896759033
8990.0 1.0312992334365845
9000.0 1.0322301387786865
9010.0 1.033859133720398
9020.0 1.0354880094528198
9030.0 1.036816954612732
9040.0 1.0381457805633545
9050.0 1.0380364656448364
9060.0 1.039013147354126
9070.0 1.038266897201538
9080.0 1.0375206470489502
9090.0 1.0344123840332031
9100.0 1.031304121017456
9110.0 1.0279899835586548
9120.0 1.0311768054962158
9130.0 1.0264232158660889
9140.0 1.0264919996261597
9150.0 1.0256855487823486
9160.0 1.0247917175292969
9170.0 1.0238978862762451
9180.0 1.0234960317611694
9190.0 1.0230942964553833
9200.0 1.0203980207443237
9210.0 1.0177017450332642
9220.0 1.0152640342712402
9230.0 1.0128264427185059
9240.0 1.0066708326339722
9250.0 1.000515341758728
9260.0 0.9966986775398254
9270.0 0.9928820133209229
9280.0 0.986201286315918
9290.0 0.9795205593109131
9300.0 0.9750205278396606
9310.0 0.970520555973053
9320.0 0.9654495120048523
9330.0 0.9603785276412964
9340.0 0.9520990252494812
9350.0 0.943819522857666
9360.0 0.9312213063240051
9370.0 0.9186230897903442
9380.0 0.9089741110801697
9390.0 0.8993250727653503
9400.0 0.8863810300827026
9410.0 0.8734368681907654
9420.0 0.864469587802887
9430.0 0.855502188205719
9440.0 0.8506335020065308
9450.0 0.8526762127876282
9460.0 0.8530220985412598
9470.0 0.8542406558990479
9480.0 0.8555258512496948
9490.0 0.856810986995697
9500.0 0.8576103448867798
9510.0 0.8606177568435669
9520.0 0.8611523509025574
9530.0 0.8616869449615479
9540.0 0.8616583347320557
9550.0 0.8616296648979187
9560.0 0.861558198928833
9570.0 0.8614867329597473
9580.0 0.8602238297462463
9590.0 0.8589608669281006
9600.0 0.856285035610199
9610.0 0.8536092638969421
9620.0 0.8523787260055542
9630.0 0.851148247718811
9640.0 0.8499330282211304
9650.0 0.8487178087234497
9660.0 0.8483043909072876
9670.0 0.847891092300415
9680.0 0.8456212878227234
9690.0 0.8433515429496765
9700.0 0.8410817980766296
9710.0 0.838811993598938
9720.0 0.8342257738113403
9730.0 0.8296396136283875
9740.0 0.8252463340759277
9750.0 0.8208529949188232
9760.0 0.8151290416717529
9770.0 0.8094050288200378
9780.0 0.8027622103691101
9790.0 0.7961193323135376
9800.0 0.7895166873931885
9810.0 0.7829139828681946
9820.0 0.7745168805122375
9830.0 0.7661198377609253
9840.0 0.7563307285308838
9850.0 0.7465416193008423
9860.0 0.7360276579856873
9870.0 0.725513756275177
9880.0 0.7178879380226135
9890.0 0.71026211977005
9900.0 0.7051253318786621
9910.0 0.6999885439872742
9920.0 0.6927297115325928
9930.0 0.6854707598686218
9940.0 0.6522175669670105
9950.0 0.6189643144607544
9960.0 0.5462431311607361
9970.0 0.4735218286514282
9980.0 0.37655970454216003
9990.0 0.27959758043289185
10000.0 0.20633693039417267
10010.0 0.1330762803554535
10020.0 0.09413957595825195
10030.0 0.05520287901163101
10040.0 0.03918343037366867
10050.0 0.02316397801041603
10060.0 0.016613133251667023
10070.0 0.01006229966878891
10080.0 0.007883364334702492
10090.0 0.005704429466277361
10100.0 0.004590962547808886
10110.0 0.0034774953965097666
10120.0 0.0026759749744087458
10130.0 0.001874454552307725
10140.0 0.0019123601960018277
10150.0 0.0
10160.0 0.0
10170.0 0.0
10180.0 0.0
10190.0 0.0
10200.0 0.0
