decam/transmission_system/s10/i_decam_sdss_c0003_7835.0_1470.0/2012-09-12T00:00:00.ecsv
# %ECSV 1.0
# ---
# datatype:
# - {name: wavelength, unit: Angstrom, datatype: float64}
# - {name: throughput, datatype: float64}
# meta: !!omap
# - {MODE: DETECTOR}
# - {TYPE: transmission_system}
# - {CALIBDATE: '2012-09-12T00:00:00'}
# - {INSTRUME: DECam}
# - {OBSTYPE: transmission_system}
# - {CALIBCLS: lsst.ip.isr.IntermediateSystemTransmissionCurve}
# - {DETECTOR: 21}
# - {DETECTOR_NAME: S10}
# - {SOURCE: i_band_per_detector_throughput.fits}
# - {FILTER: i DECam SDSS c0003 7835.0 1470.0}
# - {CALIB_CREATION_DATE: '2012-09-12'}
# - {CALIB_CREATION_TIME: '00:00:00'}
# schema: astropy-2.0
wavelength throughput
6700.0 0.0
6710.0 0.0
6720.0 0.0
6730.0 0.0
6740.0 0.0
6750.0 0.0
6760.0 0.0006763801211491227
6770.0 0.0007751318626105785
6780.0 0.0008738835458643734
6790.0 0.0009586361120454967
6800.0 0.0010433783754706383
6810.0 0.0011530551128089428
6820.0 0.0012627319665625691
6830.0 0.0014232542598620057
6840.0 0.001583765959367156
6850.0 0.0018289887811988592
6860.0 0.002074222080409527
6870.0 0.0024251751601696014
6880.0 0.0027761287055909634
6890.0 0.00325770559720695
6900.0 0.0037392822559922934
6910.0 0.004494101274758577
6920.0 0.00524891959503293
6930.0 0.006809682585299015
6940.0 0.008370435796678066
6950.0 0.012095480225980282
6960.0 0.015820523723959923
6970.0 0.025579454377293587
6980.0 0.035338375717401505
6990.0 0.05842602998018265
7000.0 0.08151369541883469
7010.0 0.12667690217494965
7020.0 0.1718401163816452
7030.0 0.24429409205913544
7040.0 0.31674811244010925
7050.0 0.4113078713417053
7060.0 0.505867600440979
7070.0 0.6010972857475281
7080.0 0.6963270306587219
7090.0 0.7689001560211182
7100.0 0.8414733409881592
7110.0 0.8837953209877014
7120.0 0.9261173009872437
7130.0 0.944631814956665
7140.0 0.9631462693214417
7150.0 0.9704589247703552
7160.0 0.9777715802192688
7170.0 0.9823815822601318
7180.0 0.9869916439056396
7190.0 0.9887421727180481
7200.0 0.990492582321167
7210.0 0.9917872548103333
7220.0 0.99308180809021
7230.0 0.9944595694541931
7240.0 0.9958372712135315
7250.0 0.9973065257072449
7260.0 0.9987757802009583
7270.0 1.0006706714630127
7280.0 1.0025653839111328
7290.0 1.0031968355178833
7300.0 1.0038282871246338
7310.0 1.0034515857696533
7320.0 1.0030747652053833
7330.0 1.0016480684280396
7340.0 1.0002212524414062
7350.0 0.9996378421783447
7360.0 0.9990544319152832
7370.0 1.0004487037658691
7380.0 1.001842975616455
7390.0 1.0048004388809204
7400.0 1.0077579021453857
7410.0 1.0091408491134644
7420.0 1.010523796081543
7430.0 1.0103223323822021
7440.0 1.0101207494735718
7450.0 1.0090453624725342
7460.0 1.0079699754714966
7470.0 1.0074313879013062
7480.0 1.0068926811218262
7490.0 1.0076582431793213
7500.0 1.0084238052368164
7510.0 1.0089541673660278
7520.0 1.0094845294952393
7530.0 1.0095372200012207
7540.0 1.0095899105072021
7550.0 1.0079585313796997
7560.0 1.0063271522521973
7570.0 1.00440514087677
7580.0 1.0024831295013428
7590.0 0.9940688014030457
7600.0 0.9856545329093933
7610.0 0.9887821078300476
7620.0 0.9919098019599915
7630.0 0.9944446086883545
7640.0 0.9969794154167175
7650.0 1.0006885528564453
7660.0 1.0043977499008179
7670.0 1.0054174661636353
7680.0 1.0064371824264526
7690.0 1.005499243736267
7700.0 1.004561185836792
7710.0 1.004189372062683
7720.0 1.0038175582885742
7730.0 1.0036882162094116
7740.0 1.0035587549209595
7750.0 1.0058170557022095
7760.0 1.0080753564834595
7770.0 1.0090255737304688
7780.0 1.0099759101867676
7790.0 1.0105247497558594
7800.0 1.0110734701156616
7810.0 1.0105901956558228
7820.0 1.0101068019866943
7830.0 1.0092443227767944
7840.0 1.008381962776184
7850.0 1.0080323219299316
7860.0 1.0076826810836792
7870.0 1.0065979957580566
7880.0 1.005513310432434
7890.0 1.0026004314422607
7900.0 0.9996875524520874
7910.0 0.9960554838180542
7920.0 0.9924235343933105
7930.0 0.9896172881126404
7940.0 0.9868109822273254
7950.0 0.9844540357589722
7960.0 0.9820970892906189
7970.0 0.9820287227630615
7980.0 0.9819604158401489
7990.0 0.9852166771888733
8000.0 0.9884729981422424
8010.0 0.9883089065551758
8020.0 0.9881448149681091
8030.0 0.9886562824249268
8040.0 0.9891677498817444
8050.0 0.9876748323440552
8060.0 0.9861818552017212
8070.0 0.987252414226532
8080.0 0.9883229732513428
8090.0 0.9865184426307678
8100.0 0.9847140312194824
8110.0 0.9786095023155212
8120.0 0.9834793210029602
8130.0 0.9825150370597839
8140.0 0.9815508127212524
8150.0 0.9803290963172913
8160.0 0.9791074395179749
8170.0 0.9807899594306946
8180.0 0.9786782264709473
8190.0 0.9719703793525696
8200.0 0.9699804186820984
8210.0 0.9679904580116272
8220.0 0.9671859741210938
8230.0 0.9663814902305603
8240.0 0.9681147336959839
8250.0 0.9698479175567627
8260.0 0.9722582697868347
8270.0 0.974668562412262
8280.0 0.9774349331855774
8290.0 0.980201244354248
8300.0 0.9829676151275635
8310.0 0.9889979958534241
8320.0 0.9901386499404907
8330.0 0.9912794232368469
8340.0 0.9924201369285583
8350.0 0.9909351468086243
8360.0 0.9900578260421753
8370.0 0.9891805648803711
8380.0 0.9883032441139221
8390.0 0.9930023550987244
8400.0 0.9874331951141357
8410.0 0.9893113374710083
8420.0 0.9911894202232361
8430.0 0.9910904169082642
8440.0 0.9962965250015259
8450.0 0.9964068531990051
8460.0 0.9965171813964844
8470.0 1.0061439275741577
8480.0 1.0157705545425415
8490.0 1.0238665342330933
8500.0 1.031962275505066
8510.0 1.015002965927124
8520.0 0.9980435371398926
8530.0 0.917046070098877
8540.0 0.8360485434532166
8550.0 0.6778331398963928
8560.0 0.5196176171302795
8570.0 0.23004043102264404
8580.0 0.2343086451292038
8590.0 0.08274930715560913
8600.0 0.08393343538045883
8610.0 0.029872354120016098
8620.0 0.03063400648534298
8630.0 0.011027229018509388
8640.0 0.011987786740064621
8650.0 0.0050796326249837875
8660.0 0.004927563946694136
8670.0 0.0024399429094046354
8680.0 0.002062164945527911
8690.0 0.001684386981651187
8700.0 0.0
8710.0 0.0
8720.0 0.0
8730.0 0.0
8740.0 0.0
8750.0 0.0
