decam/transmission_system/n8/z_decam_sdss_c0004_9260.0_1520.0/2012-09-12T00:00:00.ecsv
# %ECSV 1.0
# ---
# datatype:
# - {name: wavelength, unit: Angstrom, datatype: float64}
# - {name: throughput, datatype: float64}
# meta: !!omap
# - {MODE: DETECTOR}
# - {TYPE: transmission_system}
# - {CALIBDATE: '2012-09-12T00:00:00'}
# - {INSTRUME: DECam}
# - {OBSTYPE: transmission_system}
# - {CALIBCLS: lsst.ip.isr.IntermediateSystemTransmissionCurve}
# - {DETECTOR: 39}
# - {DETECTOR_NAME: N8}
# - {SOURCE: z_band_per_detector_throughput.fits}
# - {FILTER: z DECam SDSS c0004 9260.0 1520.0}
# - {CALIB_CREATION_DATE: '2012-09-12'}
# - {CALIB_CREATION_TIME: '00:00:00'}
# schema: astropy-2.0
wavelength throughput
8200.0 0.0
8210.0 0.0
8220.0 0.0
8230.0 0.0
8240.0 0.0
8250.0 0.0
8260.0 0.004616613499820232
8270.0 0.005178550258278847
8280.0 0.008027706295251846
8290.0 0.007062382530421019
8300.0 0.006097058765590191
8310.0 0.007360195741057396
8320.0 0.008309588767588139
8330.0 0.009258982725441456
8340.0 0.01020838599652052
8350.0 0.014434085227549076
8360.0 0.015322829596698284
8370.0 0.016211574897170067
8380.0 0.017100317403674126
8390.0 0.025674447417259216
8400.0 0.031154807657003403
8410.0 0.036635179072618484
8420.0 0.04211554303765297
8430.0 0.08587896823883057
8440.0 0.08251631259918213
8450.0 0.1337030529975891
8460.0 0.1848897933959961
8470.0 0.3872750997543335
8480.0 0.38341760635375977
8490.0 0.5181344151496887
8500.0 0.6528512835502625
8510.0 0.7540271878242493
8520.0 0.8552030920982361
8530.0 0.909525990486145
8540.0 0.963848888874054
8550.0 0.9746817350387573
8560.0 0.9855145215988159
8570.0 0.974370002746582
8580.0 0.9855813384056091
8590.0 0.9681404232978821
8600.0 0.9694982767105103
8610.0 0.9756709933280945
8620.0 0.982429563999176
8630.0 0.9937257170677185
8640.0 1.0044302940368652
8650.0 1.0055307149887085
8660.0 1.0027313232421875
8670.0 1.0098671913146973
8680.0 1.0085663795471191
8690.0 1.0072654485702515
8700.0 1.0075361728668213
8710.0 1.0078067779541016
8720.0 1.0082178115844727
8730.0 1.0086289644241333
8740.0 1.0097507238388062
8750.0 1.0127854347229004
8760.0 1.0149071216583252
8770.0 1.01702880859375
8780.0 1.0192959308624268
8790.0 1.021563172340393
8800.0 1.0227787494659424
8810.0 1.0239943265914917
8820.0 1.0256277322769165
8830.0 1.0272612571716309
8840.0 1.0278804302215576
8850.0 1.028499722480774
8860.0 1.029543161392212
8870.0 1.0305867195129395
8880.0 1.0314582586288452
8890.0 1.0323296785354614
8900.0 1.0299732685089111
8910.0 1.0282388925552368
8920.0 1.0273197889328003
8930.0 1.0264006853103638
8940.0 1.0254817008972168
8950.0 1.024705410003662
8960.0 1.0239289999008179
8970.0 1.0245420932769775
8980.0 1.0251550674438477
8990.0 1.0268166065216064
9000.0 1.0284782648086548
9010.0 1.030648112297058
9020.0 1.032818078994751
9030.0 1.0345462560653687
9040.0 1.0362744331359863
9050.0 1.0351544618606567
9060.0 1.0386186838150024
9070.0 1.0374490022659302
9080.0 1.0362794399261475
9090.0 1.0332289934158325
9100.0 1.0301785469055176
9110.0 1.0278006792068481
9120.0 1.0291153192520142
9130.0 1.0277235507965088
9140.0 1.026245355606079
9150.0 1.0268126726150513
9160.0 1.0267843008041382
9170.0 1.026755928993225
9180.0 1.0273164510726929
9190.0 1.0278769731521606
9200.0 1.0260125398635864
9210.0 1.0241481065750122
9220.0 1.0221153497695923
9230.0 1.0200825929641724
9240.0 1.013864517211914
9250.0 1.0076464414596558
9260.0 1.003150463104248
9270.0 0.9986544847488403
9280.0 0.9909952878952026
9290.0 0.9833360910415649
9300.0 0.9776853322982788
9310.0 0.9720345139503479
9320.0 0.9665611982345581
9330.0 0.9610878825187683
9340.0 0.953153669834137
9350.0 0.9452194571495056
9360.0 0.9332106113433838
9370.0 0.9212018847465515
9380.0 0.912443220615387
9390.0 0.9036844968795776
9400.0 0.8913976550102234
9410.0 0.8791107535362244
9420.0 0.8703831434249878
9430.0 0.8616555333137512
9440.0 0.8557479977607727
9450.0 0.8576206564903259
9460.0 0.858652651309967
9470.0 0.8587327599525452
9480.0 0.8595583438873291
9490.0 0.8603838086128235
9500.0 0.8619471192359924
9510.0 0.8655549883842468
9520.0 0.8669463396072388
9530.0 0.8683375716209412
9540.0 0.8694553375244141
9550.0 0.8705731630325317
9560.0 0.8716044425964355
9570.0 0.8726357817649841
9580.0 0.8719218373298645
9590.0 0.8712078928947449
9600.0 0.8681565523147583
9610.0 0.8651052713394165
9620.0 0.8628004789352417
9630.0 0.8604958057403564
9640.0 0.8581861257553101
9650.0 0.8558763861656189
9660.0 0.8540135025978088
9670.0 0.8521506190299988
9680.0 0.8505343198776245
9690.0 0.8489179015159607
9700.0 0.8473015427589417
9710.0 0.8456851840019226
9720.0 0.8413419127464294
9730.0 0.8369985818862915
9740.0 0.8322376608848572
9750.0 0.8274767398834229
9760.0 0.8205747604370117
9770.0 0.8136727213859558
9780.0 0.8036704063415527
9790.0 0.7936680912971497
9800.0 0.787377119064331
9810.0 0.7810861468315125
9820.0 0.7723063230514526
9830.0 0.7635265588760376
9840.0 0.753090500831604
9850.0 0.7426544427871704
9860.0 0.7309458255767822
9870.0 0.7192371487617493
9880.0 0.7082751393318176
9890.0 0.6973130106925964
9900.0 0.6859154105186462
9910.0 0.674517810344696
9920.0 0.6581540703773499
9930.0 0.6417903304100037
9940.0 0.6036194562911987
9950.0 0.5654485821723938
9960.0 0.505138099193573
9970.0 0.4448276162147522
9980.0 0.36716872453689575
9990.0 0.2895098626613617
10000.0 0.21880556643009186
10010.0 0.14810127019882202
10020.0 0.10410413891077042
10030.0 0.06010699272155762
10040.0 0.042027153074741364
10050.0 0.02394731342792511
10060.0 0.01696714013814926
10070.0 0.00998697616159916
10080.0 0.007787146605551243
10090.0 0.0055873277597129345
10100.0 0.0044461945071816444
10110.0 0.0033050612546503544
10120.0 0.0024984939955174923
10130.0 0.0016919266199693084
10140.0 0.001740113366395235
10150.0 0.0
10160.0 0.0
10170.0 0.0
10180.0 0.0
10190.0 0.0
10200.0 0.0
