decam/transmission_system/n19/i_decam_sdss_c0003_7835.0_1470.0/2012-09-12T00:00:00.ecsv
# %ECSV 1.0
# ---
# datatype:
# - {name: wavelength, unit: Angstrom, datatype: float64}
# - {name: throughput, datatype: float64}
# meta: !!omap
# - {MODE: DETECTOR}
# - {TYPE: transmission_system}
# - {CALIBDATE: '2012-09-12T00:00:00'}
# - {INSTRUME: DECam}
# - {OBSTYPE: transmission_system}
# - {CALIBCLS: lsst.ip.isr.IntermediateSystemTransmissionCurve}
# - {DETECTOR: 50}
# - {DETECTOR_NAME: N19}
# - {SOURCE: i_band_per_detector_throughput.fits}
# - {FILTER: i DECam SDSS c0003 7835.0 1470.0}
# - {CALIB_CREATION_DATE: '2012-09-12'}
# - {CALIB_CREATION_TIME: '00:00:00'}
# schema: astropy-2.0
wavelength throughput
6700.0 0.0
6710.0 0.0
6720.0 0.0
6730.0 0.0
6740.0 0.0
6750.0 0.0
6760.0 0.0010482489597052336
6770.0 0.001203474821522832
6780.0 0.001358710927888751
6790.0 0.0015383207937702537
6800.0 0.0017179411370307207
6810.0 0.001935010077431798
6820.0 0.002152089262381196
6830.0 0.00243499968200922
6840.0 0.0027179098688066006
6850.0 0.0030612510163336992
6860.0 0.0034045919310301542
6870.0 0.0038286459166556597
6880.0 0.004252709913998842
6890.0 0.004778329748660326
6900.0 0.005303950048983097
6910.0 0.005944211035966873
6920.0 0.006584461312741041
6930.0 0.007522649597376585
6940.0 0.008460837416350842
6950.0 0.009883842431008816
6960.0 0.01130684744566679
6970.0 0.014001774601638317
6980.0 0.01669670268893242
6990.0 0.02283620461821556
7000.0 0.028975706547498703
7010.0 0.04301154240965843
7020.0 0.05704738199710846
7030.0 0.08540406823158264
7040.0 0.11376073956489563
7050.0 0.16327911615371704
7060.0 0.21279752254486084
7070.0 0.28551769256591797
7080.0 0.3582378923892975
7090.0 0.44773563742637634
7100.0 0.5372334122657776
7110.0 0.6261937618255615
7120.0 0.7151540517807007
7130.0 0.7850878238677979
7140.0 0.855021595954895
7150.0 0.8952872157096863
7160.0 0.9355528950691223
7170.0 0.9519344568252563
7180.0 0.9683159589767456
7190.0 0.9709948301315308
7200.0 0.9736736416816711
7210.0 0.9748791456222534
7220.0 0.9760845899581909
7230.0 0.9798848032951355
7240.0 0.9836850762367249
7250.0 0.9889928102493286
7260.0 0.9943006634712219
7270.0 0.9984224438667297
7280.0 1.0025440454483032
7290.0 1.0028891563415527
7300.0 1.0032340288162231
7310.0 1.0016599893569946
7320.0 1.0000860691070557
7330.0 0.9988654255867004
7340.0 0.99764484167099
7350.0 0.9982568025588989
7360.0 0.9988687634468079
7370.0 1.0009093284606934
7380.0 1.002949833869934
7390.0 1.0055807828903198
7400.0 1.0082118511199951
7410.0 1.0094084739685059
7420.0 1.0106050968170166
7430.0 1.0109951496124268
7440.0 1.0113850831985474
7450.0 1.0113333463668823
7460.0 1.0112816095352173
7470.0 1.0109494924545288
7480.0 1.0106173753738403
7490.0 1.0106884241104126
7500.0 1.0107594728469849
7510.0 1.010541319847107
7520.0 1.0103232860565186
7530.0 1.0104202032089233
7540.0 1.0105171203613281
7550.0 1.009759545326233
7560.0 1.0090017318725586
7570.0 1.0077975988388062
7580.0 1.0065935850143433
7590.0 0.9977486729621887
7600.0 0.988903820514679
7610.0 0.9906245470046997
7620.0 0.9923452138900757
7630.0 0.9930039048194885
7640.0 0.9936625361442566
7650.0 0.9970587491989136
7660.0 1.0004550218582153
7670.0 1.002253532409668
7680.0 1.0040520429611206
7690.0 1.0045905113220215
7700.0 1.005129098892212
7710.0 1.0061122179031372
7720.0 1.007095217704773
7730.0 1.007699728012085
7740.0 1.0083041191101074
7750.0 1.0105832815170288
7760.0 1.0128625631332397
7770.0 1.0134210586547852
7780.0 1.013979434967041
7790.0 1.014163851737976
7800.0 1.0143482685089111
7810.0 1.0139626264572144
7820.0 1.013576865196228
7830.0 1.0131293535232544
7840.0 1.0126819610595703
7850.0 1.0130484104156494
7860.0 1.013414740562439
7870.0 1.0128285884857178
7880.0 1.0122425556182861
7890.0 1.0090628862380981
7900.0 1.0058830976486206
7910.0 1.0016419887542725
7920.0 0.9974007606506348
7930.0 0.9934058785438538
7940.0 0.9894109964370728
7950.0 0.9860044121742249
7960.0 0.982597827911377
7970.0 0.9824432134628296
7980.0 0.9822885394096375
7990.0 0.9863284230232239
8000.0 0.9903682470321655
8010.0 0.9945273399353027
8020.0 0.9986864924430847
8030.0 0.9999362230300903
8040.0 1.0011860132217407
8050.0 0.9996164441108704
8060.0 0.998046875
8070.0 0.9981807470321655
8080.0 0.9983147382736206
8090.0 0.9955059289932251
8100.0 0.9926971197128296
8110.0 0.9855647683143616
8120.0 0.9911749362945557
8130.0 0.9907522797584534
8140.0 0.9903296232223511
8150.0 0.9904190897941589
8160.0 0.990508496761322
8170.0 0.9935182332992554
8180.0 0.9926499724388123
8190.0 0.9854051470756531
8200.0 0.9828026294708252
8210.0 0.9802001714706421
8220.0 0.9786421656608582
8230.0 0.977084219455719
8240.0 0.978952169418335
8250.0 0.9808200597763062
8260.0 0.9843319058418274
8270.0 0.9878438115119934
8280.0 0.9916486144065857
8290.0 0.9954534769058228
8300.0 0.999258279800415
8310.0 1.0067238807678223
8320.0 1.0077086687088013
8330.0 1.0086935758590698
8340.0 1.0096782445907593
8350.0 1.0055643320083618
8360.0 1.00338613986969
8370.0 1.001207947731018
8380.0 0.9990296959877014
8390.0 1.0016525983810425
8400.0 0.9954164028167725
8410.0 0.997228741645813
8420.0 0.9990410804748535
8430.0 0.9983167052268982
8440.0 1.0049327611923218
8450.0 1.0028159618377686
8460.0 1.0006991624832153
8470.0 1.0049806833267212
8480.0 1.0092620849609375
8490.0 1.0100581645965576
8500.0 1.0108542442321777
8510.0 0.9912949204444885
8520.0 0.9717355966567993
8530.0 0.8965818881988525
8540.0 0.8214281797409058
8550.0 0.6730310916900635
8560.0 0.524634063243866
8570.0 0.24386827647686005
8580.0 0.2421458661556244
8590.0 0.08925838768482208
8600.0 0.08736872673034668
8610.0 0.031995728611946106
8620.0 0.03136894851922989
8630.0 0.012327638454735279
8640.0 0.012182692997157574
8650.0 0.00523403799161315
8660.0 0.005206600297242403
8670.0 0.0025341978762298822
8680.0 0.0021311426535248756
8690.0 0.0017280873144045472
8700.0 0.0
8710.0 0.0
8720.0 0.0
8730.0 0.0
8740.0 0.0
8750.0 0.0
