decam/transmission_system/n26/i_decam_sdss_c0003_7835.0_1470.0/2012-09-12T00:00:00.ecsv
# %ECSV 1.0
# ---
# datatype:
# - {name: wavelength, unit: Angstrom, datatype: float64}
# - {name: throughput, datatype: float64}
# meta: !!omap
# - {MODE: DETECTOR}
# - {TYPE: transmission_system}
# - {CALIBDATE: '2012-09-12T00:00:00'}
# - {INSTRUME: DECam}
# - {OBSTYPE: transmission_system}
# - {CALIBCLS: lsst.ip.isr.IntermediateSystemTransmissionCurve}
# - {DETECTOR: 57}
# - {DETECTOR_NAME: N26}
# - {SOURCE: i_band_per_detector_throughput.fits}
# - {FILTER: i DECam SDSS c0003 7835.0 1470.0}
# - {CALIB_CREATION_DATE: '2012-09-12'}
# - {CALIB_CREATION_TIME: '00:00:00'}
# schema: astropy-2.0
wavelength throughput
6700.0 0.0
6710.0 0.0
6720.0 0.0
6730.0 0.0
6740.0 0.0
6750.0 0.0
6760.0 0.0008824927499517798
6770.0 0.0010244359727948904
6780.0 0.001166379195638001
6790.0 0.001304521574638784
6800.0 0.0014426535926759243
6810.0 0.0016193139599636197
6820.0 0.0017959641991183162
6830.0 0.0020238959696143866
6840.0 0.0022518273908644915
6850.0 0.0025731835048645735
6860.0 0.0028945498634129763
6870.0 0.0033069930505007505
6880.0 0.0037194364704191685
6890.0 0.004232687875628471
6900.0 0.004745938815176487
6910.0 0.005438447464257479
6920.0 0.006130965892225504
6930.0 0.007274217437952757
6940.0 0.008417468518018723
6950.0 0.010457326658070087
6960.0 0.012497195042669773
6970.0 0.016928620636463165
6980.0 0.021360060200095177
6990.0 0.03159675374627113
7000.0 0.041833460330963135
7010.0 0.06370291113853455
7020.0 0.08557236939668655
7030.0 0.12560775876045227
7040.0 0.16564317047595978
7050.0 0.22803807258605957
7060.0 0.29043298959732056
7070.0 0.3714565336704254
7080.0 0.4524800479412079
7090.0 0.5389600396156311
7100.0 0.6254400610923767
7110.0 0.701278805732727
7120.0 0.7771175503730774
7130.0 0.8321077227592468
7140.0 0.8870978355407715
7150.0 0.9182378053665161
7160.0 0.9493777751922607
7170.0 0.9627071619033813
7180.0 0.976036548614502
7190.0 0.9772089719772339
7200.0 0.978381335735321
7210.0 0.9770777225494385
7220.0 0.9757740497589111
7230.0 0.9771325588226318
7240.0 0.9784910678863525
7250.0 0.9835396409034729
7260.0 0.9885882139205933
7270.0 0.9950629472732544
7280.0 1.0015376806259155
7290.0 1.0042316913604736
7300.0 1.0069257020950317
7310.0 1.0049619674682617
7320.0 1.0029983520507812
7330.0 0.998554527759552
7340.0 0.9941105842590332
7350.0 0.9917398691177368
7360.0 0.9893692135810852
7370.0 0.9908684492111206
7380.0 0.9923677444458008
7390.0 0.9970225691795349
7400.0 1.001677393913269
7410.0 1.0052852630615234
7420.0 1.0088932514190674
7430.0 1.0101861953735352
7440.0 1.0114792585372925
7450.0 1.0106658935546875
7460.0 1.0098525285720825
7470.0 1.0085965394973755
7480.0 1.0073405504226685
7490.0 1.0075223445892334
7500.0 1.0077040195465088
7510.0 1.0086076259613037
7520.0 1.0095113515853882
7530.0 1.0104840993881226
7540.0 1.011456847190857
7550.0 1.0104612112045288
7560.0 1.0094655752182007
7570.0 1.006949782371521
7580.0 1.0044338703155518
7590.0 0.994417130947113
7600.0 0.9844004511833191
7610.0 0.9856769442558289
7620.0 0.9869534373283386
7630.0 0.988021731376648
7640.0 0.9890901446342468
7650.0 0.9926563501358032
7660.0 0.9962224364280701
7670.0 0.9980095624923706
7680.0 0.9997965693473816
7690.0 0.9998738765716553
7700.0 0.9999511241912842
7710.0 1.0008087158203125
7720.0 1.0016663074493408
7730.0 1.0031096935272217
7740.0 1.0045530796051025
7750.0 1.0085878372192383
7760.0 1.0126227140426636
7770.0 1.0146466493606567
7780.0 1.01667058467865
7790.0 1.0171245336532593
7800.0 1.0175784826278687
7810.0 1.0161021947860718
7820.0 1.0146257877349854
7830.0 1.0130852460861206
7840.0 1.0115445852279663
7850.0 1.0120455026626587
7860.0 1.012546181678772
7870.0 1.0136319398880005
7880.0 1.014717698097229
7890.0 1.013495683670044
7900.0 1.0122737884521484
7910.0 1.0081483125686646
7920.0 1.0040227174758911
7930.0 0.9976745247840881
7940.0 0.9913262724876404
7950.0 0.984237790107727
7960.0 0.9771493673324585
7970.0 0.9741694331169128
7980.0 0.971189558506012
7990.0 0.9750848412513733
8000.0 0.9789801836013794
8010.0 0.9846733212471008
8020.0 0.990366518497467
8030.0 0.9948523640632629
8040.0 0.9993381500244141
8050.0 1.0009459257125854
8060.0 1.0025535821914673
8070.0 1.0029724836349487
8080.0 1.0033912658691406
8090.0 0.9981812834739685
8100.0 0.9929712414741516
8110.0 0.9816246032714844
8120.0 0.9862761497497559
8130.0 0.9860429167747498
8140.0 0.9858096837997437
8150.0 0.9886860251426697
8160.0 0.9915623068809509
8170.0 1.002421498298645
8180.0 1.0016977787017822
8190.0 0.9985527992248535
8200.0 0.9940245747566223
8210.0 0.9894964098930359
8220.0 0.9827224016189575
8230.0 0.9759482741355896
8240.0 0.9725434184074402
8250.0 0.9691385626792908
8260.0 0.9704079031944275
8270.0 0.9716772437095642
8280.0 0.9768660068511963
8290.0 0.9820547103881836
8300.0 0.9872434735298157
8310.0 1.0048878192901611
8320.0 1.0084079504013062
8330.0 1.0119279623031616
8340.0 1.0154480934143066
8350.0 1.0116215944290161
8360.0 1.0072304010391235
8370.0 1.002839207649231
8380.0 0.9984478950500488
8390.0 0.9919443726539612
8400.0 0.9872151017189026
8410.0 0.9865391254425049
8420.0 0.985863208770752
8430.0 0.9865142703056335
8440.0 0.9920795559883118
8450.0 0.9928415417671204
8460.0 0.9936034679412842
8470.0 1.0010582208633423
8480.0 1.0085128545761108
8490.0 1.01285982131958
8500.0 1.0172067880630493
8510.0 1.0058343410491943
8520.0 0.9944618940353394
8530.0 0.9395114183425903
8540.0 0.8845609426498413
8550.0 0.7607611417770386
8560.0 0.6369614005088806
8570.0 0.3575643301010132
8580.0 0.3587580919265747
8590.0 0.15286725759506226
8600.0 0.1518082171678543
8610.0 0.05569273233413696
8620.0 0.05528777837753296
8630.0 0.0193475354462862
8640.0 0.01997275836765766
8650.0 0.007791061885654926
8660.0 0.007547417655587196
8670.0 0.003401112975552678
8680.0 0.002737433882430196
8690.0 0.0020737440790981054
8700.0 0.0
8710.0 0.0
8720.0 0.0
8730.0 0.0
8740.0 0.0
8750.0 0.0
