decam/transmission_system/n11/z_decam_sdss_c0004_9260.0_1520.0/2012-09-12T00:00:00.ecsv
# %ECSV 1.0
# ---
# datatype:
# - {name: wavelength, unit: Angstrom, datatype: float64}
# - {name: throughput, datatype: float64}
# meta: !!omap
# - {MODE: DETECTOR}
# - {TYPE: transmission_system}
# - {CALIBDATE: '2012-09-12T00:00:00'}
# - {INSTRUME: DECam}
# - {OBSTYPE: transmission_system}
# - {CALIBCLS: lsst.ip.isr.IntermediateSystemTransmissionCurve}
# - {DETECTOR: 42}
# - {DETECTOR_NAME: N11}
# - {SOURCE: z_band_per_detector_throughput.fits}
# - {FILTER: z DECam SDSS c0004 9260.0 1520.0}
# - {CALIB_CREATION_DATE: '2012-09-12'}
# - {CALIB_CREATION_TIME: '00:00:00'}
# schema: astropy-2.0
wavelength throughput
8200.0 0.0
8210.0 0.0
8220.0 0.0
8230.0 0.0
8240.0 0.0
8250.0 0.0
8260.0 0.0044405036605894566
8270.0 0.00519981887191534
8280.0 0.0057679140008986
8290.0 0.00594019191339612
8300.0 0.0061124698258936405
8310.0 0.006522016134113073
8320.0 0.007588033564388752
8330.0 0.008654051460325718
8340.0 0.009720070287585258
8350.0 0.013822164386510849
8360.0 0.014439214952290058
8370.0 0.015056255273520947
8380.0 0.015673305839300156
8390.0 0.022054312750697136
8400.0 0.0256247129291296
8410.0 0.02919510193169117
8420.0 0.032765503972768784
8430.0 0.05824592709541321
8440.0 0.05279186740517616
8450.0 0.07802718877792358
8460.0 0.1032625287771225
8470.0 0.22177520394325256
8480.0 0.21942834556102753
8490.0 0.3346408009529114
8500.0 0.44985324144363403
8510.0 0.5815598964691162
8520.0 0.7132666110992432
8530.0 0.8104013800621033
8540.0 0.9075361490249634
8550.0 0.9491026401519775
8560.0 0.9906690716743469
8570.0 1.0077203512191772
8580.0 1.0177507400512695
8590.0 0.9995941519737244
8600.0 0.9982178211212158
8610.0 0.992595911026001
8620.0 0.9971039295196533
8630.0 1.0004686117172241
8640.0 1.0086686611175537
8650.0 1.0100733041763306
8660.0 1.0079811811447144
8670.0 1.0156289339065552
8680.0 1.015350580215454
8690.0 1.015072226524353
8700.0 1.015288233757019
8710.0 1.0155043601989746
8720.0 1.0159821510314941
8730.0 1.0164600610733032
8740.0 1.0148770809173584
8750.0 1.0184522867202759
8760.0 1.020164966583252
8770.0 1.0218777656555176
8780.0 1.023320198059082
8790.0 1.0247626304626465
8800.0 1.025408387184143
8810.0 1.0260542631149292
8820.0 1.0267232656478882
8830.0 1.0273922681808472
8840.0 1.0275547504425049
8850.0 1.0277172327041626
8860.0 1.0285283327102661
8870.0 1.0293394327163696
8880.0 1.0312191247940063
8890.0 1.0330986976623535
8900.0 1.0279711484909058
8910.0 1.0307363271713257
8920.0 1.030239462852478
8930.0 1.0297425985336304
8940.0 1.0292458534240723
8950.0 1.0287185907363892
8960.0 1.0281914472579956
8970.0 1.0279589891433716
8980.0 1.0277265310287476
8990.0 1.0280203819274902
9000.0 1.0283141136169434
9010.0 1.029626727104187
9020.0 1.0309393405914307
9030.0 1.0324569940567017
9040.0 1.0339746475219727
9050.0 1.0341465473175049
9060.0 1.037131905555725
9070.0 1.035811185836792
9080.0 1.0344903469085693
9090.0 1.0320346355438232
9100.0 1.0295789241790771
9110.0 1.0260332822799683
9120.0 1.028078556060791
9130.0 1.0230975151062012
9140.0 1.0237348079681396
9150.0 1.0236490964889526
9160.0 1.0224717855453491
9170.0 1.0212945938110352
9180.0 1.0211206674575806
9190.0 1.0209465026855469
9200.0 1.0191031694412231
9210.0 1.0172598361968994
9220.0 1.0146173238754272
9230.0 1.0119746923446655
9240.0 1.0059176683425903
9250.0 0.9998605847358704
9260.0 0.9959610104560852
9270.0 0.9920614957809448
9280.0 0.9852421283721924
9290.0 0.9784227609634399
9300.0 0.9738113880157471
9310.0 0.969200074672699
9320.0 0.9646594524383545
9330.0 0.9601187705993652
9340.0 0.9513068795204163
9350.0 0.9424949884414673
9360.0 0.9302129745483398
9370.0 0.9179309010505676
9380.0 0.9083167314529419
9390.0 0.8987025022506714
9400.0 0.8860170841217041
9410.0 0.8733317255973816
9420.0 0.8649901747703552
9430.0 0.8566486239433289
9440.0 0.8496713042259216
9450.0 0.8546513319015503
9460.0 0.8546847701072693
9470.0 0.8568499684333801
9480.0 0.8591169714927673
9490.0 0.8613839149475098
9500.0 0.8599722981452942
9510.0 0.8650803565979004
9520.0 0.8650645613670349
9530.0 0.8650487065315247
9540.0 0.8647692799568176
9550.0 0.8644898533821106
9560.0 0.8637074828147888
9570.0 0.8629249930381775
9580.0 0.8609238266944885
9590.0 0.8589226007461548
9600.0 0.8557125926017761
9610.0 0.8525026440620422
9620.0 0.8510213494300842
9630.0 0.8495400547981262
9640.0 0.8484404683113098
9650.0 0.8473409414291382
9660.0 0.8470789194107056
9670.0 0.8468169569969177
9680.0 0.8412960767745972
9690.0 0.8357751369476318
9700.0 0.8302541971206665
9710.0 0.824733316898346
9720.0 0.8205215334892273
9730.0 0.8163096904754639
9740.0 0.8123899698257446
9750.0 0.8084702491760254
9760.0 0.8036561608314514
9770.0 0.7988421320915222
9780.0 0.8000529408454895
9790.0 0.8012637495994568
9800.0 0.7888802886009216
9810.0 0.7764968276023865
9820.0 0.7677596807479858
9830.0 0.7590224742889404
9840.0 0.7519325613975525
9850.0 0.7448425889015198
9860.0 0.7388352751731873
9870.0 0.7328279614448547
9880.0 0.7331633567810059
9890.0 0.7334988117218018
9900.0 0.7409421801567078
9910.0 0.748385488986969
9920.0 0.7568302750587463
9930.0 0.7652750611305237
9940.0 0.7446188926696777
9950.0 0.723962664604187
9960.0 0.6557188630104065
9970.0 0.5874751210212708
9980.0 0.48184919357299805
9990.0 0.37622323632240295
10000.0 0.2868785262107849
10010.0 0.19753381609916687
10020.0 0.14243994653224945
10030.0 0.08734609931707382
10040.0 0.06142320856451988
10050.0 0.03550032898783684
10060.0 0.02507988177239895
10070.0 0.014659430831670761
10080.0 0.010964129120111465
10090.0 0.007268817164003849
10100.0 0.005617340561002493
10110.0 0.003965863958001137
10120.0 0.0029511069878935814
10130.0 0.0019363600295037031
10140.0 0.0019210109021514654
10150.0 0.0
10160.0 0.0
10170.0 0.0
10180.0 0.0
10190.0 0.0
10200.0 0.0
