decam/transmission_system/n12/z_decam_sdss_c0004_9260.0_1520.0/2012-09-12T00:00:00.ecsv
# %ECSV 1.0
# ---
# datatype:
# - {name: wavelength, unit: Angstrom, datatype: float64}
# - {name: throughput, datatype: float64}
# meta: !!omap
# - {MODE: DETECTOR}
# - {TYPE: transmission_system}
# - {CALIBDATE: '2012-09-12T00:00:00'}
# - {INSTRUME: DECam}
# - {OBSTYPE: transmission_system}
# - {CALIBCLS: lsst.ip.isr.IntermediateSystemTransmissionCurve}
# - {DETECTOR: 43}
# - {DETECTOR_NAME: N12}
# - {SOURCE: z_band_per_detector_throughput.fits}
# - {FILTER: z DECam SDSS c0004 9260.0 1520.0}
# - {CALIB_CREATION_DATE: '2012-09-12'}
# - {CALIB_CREATION_TIME: '00:00:00'}
# schema: astropy-2.0
wavelength throughput
8200.0 0.0
8210.0 0.0
8220.0 0.0
8230.0 0.0
8240.0 0.0
8250.0 0.0
8260.0 0.00438558729365468
8270.0 0.004972063470631838
8280.0 0.004725802689790726
8290.0 0.005211138632148504
8300.0 0.005696485284715891
8310.0 0.005898319650441408
8320.0 0.006903303787112236
8330.0 0.007908299565315247
8340.0 0.008913284167647362
8350.0 0.01315721869468689
8360.0 0.013840120285749435
8370.0 0.014523022808134556
8380.0 0.015205934643745422
8390.0 0.022467369213700294
8400.0 0.027014080435037613
8410.0 0.031560782343149185
8420.0 0.036107491701841354
8430.0 0.07180918008089066
8440.0 0.06586264818906784
8450.0 0.10608287155628204
8460.0 0.14630308747291565
8470.0 0.32308679819107056
8480.0 0.31982308626174927
8490.0 0.45742762088775635
8500.0 0.5950320959091187
8510.0 0.7089545130729675
8520.0 0.8228769302368164
8530.0 0.891166627407074
8540.0 0.9594563245773315
8550.0 0.9791948795318604
8560.0 0.9989334940910339
8570.0 0.9931982159614563
8580.0 1.003218650817871
8590.0 0.9829626679420471
8600.0 0.9816269874572754
8610.0 0.9849566221237183
8620.0 0.9891694188117981
8630.0 0.9991143941879272
8640.0 1.0073318481445312
8650.0 1.008744239807129
8660.0 1.0070263147354126
8670.0 1.0108325481414795
8680.0 1.0094810724258423
8690.0 1.0081294775009155
8700.0 1.0084078311920166
8710.0 1.0086860656738281
8720.0 1.009997844696045
8730.0 1.0113095045089722
8740.0 1.0093317031860352
8750.0 1.0142360925674438
8760.0 1.0159064531326294
8770.0 1.0175769329071045
8780.0 1.0187379121780396
8790.0 1.0198991298675537
8800.0 1.0203962326049805
8810.0 1.0208934545516968
8820.0 1.0216064453125
8830.0 1.0223193168640137
8840.0 1.0228283405303955
8850.0 1.0233373641967773
8860.0 1.024566888809204
8870.0 1.0257964134216309
8880.0 1.0278160572052002
8890.0 1.0298357009887695
8900.0 1.025046944618225
8910.0 1.0273113250732422
8920.0 1.026735544204712
8930.0 1.0261597633361816
8940.0 1.0255839824676514
8950.0 1.0251621007919312
8960.0 1.024740219116211
8970.0 1.0248184204101562
8980.0 1.024896502494812
8990.0 1.0257428884506226
9000.0 1.0265893936157227
9010.0 1.0280903577804565
9020.0 1.0295913219451904
9030.0 1.031172513961792
9040.0 1.032753825187683
9050.0 1.0327248573303223
9060.0 1.0352520942687988
9070.0 1.0338870286941528
9080.0 1.0325218439102173
9090.0 1.0299913883209229
9100.0 1.0274609327316284
9110.0 1.024548888206482
9120.0 1.0265703201293945
9130.0 1.0225286483764648
9140.0 1.0226706266403198
9150.0 1.0232657194137573
9160.0 1.0222474336624146
9170.0 1.0212291479110718
9180.0 1.0211095809936523
9190.0 1.020990014076233
9200.0 1.0189820528030396
9210.0 1.0169740915298462
9220.0 1.0145765542984009
9230.0 1.0121790170669556
9240.0 1.0064027309417725
9250.0 1.0006262063980103
9260.0 0.997135579586029
9270.0 0.9936449527740479
9280.0 0.9870030283927917
9290.0 0.9803611636161804
9300.0 0.9760804772377014
9310.0 0.9717997908592224
9320.0 0.9673885107040405
9330.0 0.9629772305488586
9340.0 0.9542564749717712
9350.0 0.9455357193946838
9360.0 0.9333297610282898
9370.0 0.921123743057251
9380.0 0.9115569591522217
9390.0 0.9019900560379028
9400.0 0.8892988562583923
9410.0 0.8766077160835266
9420.0 0.8681535124778748
9430.0 0.8596993088722229
9440.0 0.8532053232192993
9450.0 0.8576429486274719
9460.0 0.8579767942428589
9470.0 0.8594778180122375
9480.0 0.8614839911460876
9490.0 0.8634902238845825
9500.0 0.8626093864440918
9510.0 0.8668631315231323
9520.0 0.867277204990387
9530.0 0.8676913976669312
9540.0 0.8676331639289856
9550.0 0.86757493019104
9560.0 0.8672970533370972
9570.0 0.8670191764831543
9580.0 0.865504801273346
9590.0 0.8639903664588928
9600.0 0.8611745238304138
9610.0 0.8583587408065796
9620.0 0.8569821715354919
9630.0 0.8556054830551147
9640.0 0.8543922901153564
9650.0 0.8531790375709534
9660.0 0.8527140617370605
9670.0 0.852249026298523
9680.0 0.8487221002578735
9690.0 0.8451951742172241
9700.0 0.8416682481765747
9710.0 0.8381413221359253
9720.0 0.8338133096694946
9730.0 0.829485297203064
9740.0 0.8251402378082275
9750.0 0.8207951784133911
9760.0 0.8153620958328247
9770.0 0.8099290132522583
9780.0 0.8065183758735657
9790.0 0.803107738494873
9800.0 0.7946019768714905
9810.0 0.7860962748527527
9820.0 0.7787535190582275
9830.0 0.7714107632637024
9840.0 0.7641799449920654
9850.0 0.7569491267204285
9860.0 0.7500557899475098
9870.0 0.7431625723838806
9880.0 0.7406340837478638
9890.0 0.7381055951118469
9900.0 0.7391945123672485
9910.0 0.7402834892272949
9920.0 0.739213764667511
9930.0 0.738144040107727
9940.0 0.7081549167633057
9950.0 0.6781657338142395
9960.0 0.6024210453033447
9970.0 0.52667635679245
9980.0 0.4199923872947693
9990.0 0.31330838799476624
10000.0 0.2318570464849472
10010.0 0.15040570497512817
10020.0 0.10650240629911423
10030.0 0.06259910017251968
10040.0 0.04410316422581673
10050.0 0.025607222691178322
10060.0 0.018363362178206444
10070.0 0.011119500733911991
10080.0 0.00859400536864996
10090.0 0.006068510003387928
10100.0 0.004807615652680397
10110.0 0.0035467222332954407
10120.0 0.002698417054489255
10130.0 0.001850111992098391
10140.0 0.0019300770945847034
10150.0 0.0
10160.0 0.0
10170.0 0.0
10180.0 0.0
10190.0 0.0
10200.0 0.0
