decam/transmission_system/n19/r_decam_sdss_c0002_6415.0_1480.0/2012-09-12T00:00:00.ecsv
# %ECSV 1.0
# ---
# datatype:
# - {name: wavelength, unit: Angstrom, datatype: float64}
# - {name: throughput, datatype: float64}
# meta: !!omap
# - {MODE: DETECTOR}
# - {TYPE: transmission_system}
# - {CALIBDATE: '2012-09-12T00:00:00'}
# - {INSTRUME: DECam}
# - {OBSTYPE: transmission_system}
# - {CALIBCLS: lsst.ip.isr.IntermediateSystemTransmissionCurve}
# - {DETECTOR: 50}
# - {DETECTOR_NAME: N19}
# - {SOURCE: r_band_per_detector_throughput.fits}
# - {FILTER: r DECam SDSS c0002 6415.0 1480.0}
# - {CALIB_CREATION_DATE: '2012-09-12'}
# - {CALIB_CREATION_TIME: '00:00:00'}
# schema: astropy-2.0
wavelength throughput
5350.0 0.0
5360.0 0.0
5370.0 0.0
5380.0 0.0
5390.0 0.0
5400.0 0.0
5410.0 0.0036004858557134867
5420.0 0.004007144831120968
5430.0 0.004578583408147097
5440.0 0.005150033161044121
5450.0 0.00581235159188509
5460.0 0.006474670488387346
5470.0 0.007151756435632706
5480.0 0.007828842848539352
5490.0 0.008802184835076332
5500.0 0.009775536134839058
5510.0 0.010824065655469894
5520.0 0.011872595176100731
5530.0 0.013110101222991943
5540.0 0.014347609132528305
5550.0 0.01598288305103779
5560.0 0.017618149518966675
5570.0 0.019727380946278572
5580.0 0.021836599335074425
5590.0 0.024968842044472694
5600.0 0.028101086616516113
5610.0 0.03480709716677666
5620.0 0.041513100266456604
5630.0 0.06516823172569275
5640.0 0.0888233631849289
5650.0 0.1772996038198471
5660.0 0.2657758593559265
5670.0 0.43700194358825684
5680.0 0.6082280278205872
5690.0 0.703453004360199
5700.0 0.7986778616905212
5710.0 0.8124913573265076
5720.0 0.8263049721717834
5730.0 0.8307550549507141
5740.0 0.8352051377296448
5750.0 0.8383591771125793
5760.0 0.8415131568908691
5770.0 0.8428566455841064
5780.0 0.8442001938819885
5790.0 0.8456860780715942
5800.0 0.8471719622612
5810.0 0.8513529896736145
5820.0 0.8555340766906738
5830.0 0.8573127388954163
5840.0 0.8590914011001587
5850.0 0.8573567867279053
5860.0 0.8556222319602966
5870.0 0.8525382280349731
5880.0 0.8494543433189392
5890.0 0.8500927686691284
5900.0 0.8507311940193176
5910.0 0.854993999004364
5920.0 0.8592568039894104
5930.0 0.8617968559265137
5940.0 0.8643368482589722
5950.0 0.863957405090332
5960.0 0.8635780215263367
5970.0 0.8641497492790222
5980.0 0.864721417427063
5990.0 0.8667055368423462
6000.0 0.8686895966529846
6010.0 0.8709819316864014
6020.0 0.8732742071151733
6030.0 0.8748108744621277
6040.0 0.8785142302513123
6050.0 0.8788555860519409
6060.0 0.8791969418525696
6070.0 0.8780386447906494
6080.0 0.876880407333374
6090.0 0.8777098655700684
6100.0 0.8785393834114075
6110.0 0.8811764717102051
6120.0 0.8838136792182922
6130.0 0.8866370320320129
6140.0 0.8894605040550232
6150.0 0.8911206722259521
6160.0 0.8927809596061707
6170.0 0.894214928150177
6180.0 0.8956488966941833
6190.0 0.8955931067466736
6200.0 0.8955373167991638
6210.0 0.8959528207778931
6220.0 0.8963683247566223
6230.0 0.8966994881629944
6240.0 0.8970307111740112
6250.0 0.8974690437316895
6260.0 0.8979073762893677
6270.0 0.8996140956878662
6280.0 0.9013208150863647
6290.0 0.9027741551399231
6300.0 0.9042274951934814
6310.0 0.9045408368110657
6320.0 0.9048541784286499
6330.0 0.9054074287414551
6340.0 0.9059606194496155
6350.0 0.9076480865478516
6360.0 0.9093354940414429
6370.0 0.9109647870063782
6380.0 0.9125941395759583
6390.0 0.9129911661148071
6400.0 0.9133881330490112
6410.0 0.9135720133781433
6420.0 0.9137558937072754
6430.0 0.9132471084594727
6440.0 0.9127383828163147
6450.0 0.9125868678092957
6460.0 0.9124354124069214
6470.0 0.9128068089485168
6480.0 0.9131782650947571
6490.0 0.9134373664855957
6500.0 0.9136964678764343
6510.0 0.914172351360321
6520.0 0.9146482348442078
6530.0 0.9165856838226318
6540.0 0.9185230731964111
6550.0 0.9204660654067993
6560.0 0.9224091172218323
6570.0 0.9233008623123169
6580.0 0.924192488193512
6590.0 0.9242809414863586
6600.0 0.9243694543838501
6610.0 0.9234055280685425
6620.0 0.9224415421485901
6630.0 0.9214143753051758
6640.0 0.9203872680664062
6650.0 0.9207985997200012
6660.0 0.921209990978241
6670.0 0.9234921336174011
6680.0 0.9257742166519165
6690.0 0.927675187587738
6700.0 0.92957603931427
6710.0 0.9299875497817993
6720.0 0.9303990602493286
6730.0 0.9294946789741516
6740.0 0.9285901784896851
6750.0 0.9271911382675171
6760.0 0.9257919788360596
6770.0 0.9256470799446106
6780.0 0.9255021810531616
6790.0 0.9264912605285645
6800.0 0.9274804592132568
6810.0 0.9277834892272949
6820.0 0.9280865788459778
6830.0 0.928484320640564
6840.0 0.9288821220397949
6850.0 0.9290659427642822
6860.0 0.9292497038841248
6870.0 0.9286141395568848
6880.0 0.9279785752296448
6890.0 0.9273589253425598
6900.0 0.9267393350601196
6910.0 0.9255046248435974
6920.0 0.9242697954177856
6930.0 0.9234603047370911
6940.0 0.9226508140563965
6950.0 0.9216591715812683
6960.0 0.9206675291061401
6970.0 0.9204661846160889
6980.0 0.9202648997306824
6990.0 0.9209901094436646
7000.0 0.921715259552002
7010.0 0.9212933778762817
7020.0 0.9208714365959167
7030.0 0.9175211787223816
7040.0 0.9141709208488464
7050.0 0.9074857831001282
7060.0 0.9008006453514099
7070.0 0.8866521716117859
7080.0 0.8725036978721619
7090.0 0.8615276217460632
7100.0 0.8505514860153198
7110.0 0.8216440081596375
7120.0 0.7927365899085999
7130.0 0.6807065010070801
7140.0 0.5686764121055603
7150.0 0.4132949709892273
7160.0 0.2579135000705719
7170.0 0.1669544130563736
7180.0 0.0759952962398529
7190.0 0.04952546954154968
7200.0 0.02305564284324646
7210.0 0.0151668144389987
7220.0 0.0072779874317348
7230.0 0.005822497885674238
7240.0 0.004367008805274963
7250.0 0.003159743035212159
7260.0 0.0019524880917742848
7270.0 0.0014886801363900304
7280.0 0.001024872181005776
7290.0 0.0008273998973891139
7300.0 0.0006299276719801128
7310.0 0.0005507622263394296
7320.0 0.0004715863906312734
7330.0 0.00042828061850741506
7340.0 0.00038496445631608367
7350.0 0.0
7360.0 0.0
7370.0 0.0
7380.0 0.0
7390.0 0.0
7400.0 0.0
