decam/transmission_system/n25/z_decam_sdss_c0004_9260.0_1520.0/2012-09-12T00:00:00.ecsv
# %ECSV 1.0
# ---
# datatype:
# - {name: wavelength, unit: Angstrom, datatype: float64}
# - {name: throughput, datatype: float64}
# meta: !!omap
# - {MODE: DETECTOR}
# - {TYPE: transmission_system}
# - {CALIBDATE: '2012-09-12T00:00:00'}
# - {INSTRUME: DECam}
# - {OBSTYPE: transmission_system}
# - {CALIBCLS: lsst.ip.isr.IntermediateSystemTransmissionCurve}
# - {DETECTOR: 56}
# - {DETECTOR_NAME: N25}
# - {SOURCE: z_band_per_detector_throughput.fits}
# - {FILTER: z DECam SDSS c0004 9260.0 1520.0}
# - {CALIB_CREATION_DATE: '2012-09-12'}
# - {CALIB_CREATION_TIME: '00:00:00'}
# schema: astropy-2.0
wavelength throughput
8200.0 0.0
8210.0 0.0
8220.0 0.0
8230.0 0.0
8240.0 0.0
8250.0 0.0
8260.0 0.005216164980083704
8270.0 0.005850703455507755
8280.0 0.007968148216605186
8290.0 0.007407478988170624
8300.0 0.006846799049526453
8310.0 0.007904654368758202
8320.0 0.008976913057267666
8330.0 0.01004917174577713
8340.0 0.011121432296931744
8350.0 0.015655463561415672
8360.0 0.01670897752046585
8370.0 0.017762482166290283
8380.0 0.018815984949469566
8390.0 0.028333256021142006
8400.0 0.034723516553640366
8410.0 0.04111378639936447
8420.0 0.04750404879450798
8430.0 0.09879063069820404
8440.0 0.09482819586992264
8450.0 0.15177924931049347
8460.0 0.2087303102016449
8470.0 0.41590940952301025
8480.0 0.4098442792892456
8490.0 0.5421041250228882
8500.0 0.674363911151886
8510.0 0.7715323567390442
8520.0 0.8687006831169128
8530.0 0.9178205728530884
8540.0 0.9669404625892639
8550.0 0.9745255708694458
8560.0 0.9821107387542725
8570.0 0.9723070859909058
8580.0 0.9819386601448059
8590.0 0.9672468304634094
8600.0 0.9662278890609741
8610.0 0.9740186333656311
8620.0 0.9780740737915039
8630.0 0.9902030825614929
8640.0 0.9979406595230103
8650.0 1.0014041662216187
8660.0 0.9975712299346924
8670.0 1.0055657625198364
8680.0 1.0051844120025635
8690.0 1.00480318069458
8700.0 1.005237102508545
8710.0 1.0056711435317993
8720.0 1.0059258937835693
8730.0 1.0061806440353394
8740.0 1.0053868293762207
8750.0 1.0085771083831787
8760.0 1.010042428970337
8770.0 1.0115076303482056
8780.0 1.0135401487350464
8790.0 1.0155726671218872
8800.0 1.0168319940567017
8810.0 1.0180912017822266
8820.0 1.0198408365249634
8830.0 1.0215905904769897
8840.0 1.0224124193191528
8850.0 1.0232343673706055
8860.0 1.024261236190796
8870.0 1.0252881050109863
8880.0 1.0263686180114746
8890.0 1.027449131011963
8900.0 1.0228899717330933
8910.0 1.0233155488967896
8920.0 1.0223290920257568
8930.0 1.0213427543640137
8940.0 1.020356297492981
8950.0 1.0196290016174316
8960.0 1.0189017057418823
8970.0 1.01942777633667
8980.0 1.0199538469314575
8990.0 1.0211374759674072
9000.0 1.0223209857940674
9010.0 1.0242385864257812
9020.0 1.0261563062667847
9030.0 1.0277314186096191
9040.0 1.0293066501617432
9050.0 1.028476357460022
9060.0 1.0321950912475586
9070.0 1.0306416749954224
9080.0 1.0290882587432861
9090.0 1.0266449451446533
9100.0 1.024201512336731
9110.0 1.0216952562332153
9120.0 1.0236467123031616
9130.0 1.020986557006836
9140.0 1.0200246572494507
9150.0 1.0207020044326782
9160.0 1.0200073719024658
9170.0 1.0193127393722534
9180.0 1.0196231603622437
9190.0 1.0199335813522339
9200.0 1.0184370279312134
9210.0 1.0169404745101929
9220.0 1.0152171850204468
9230.0 1.0134940147399902
9240.0 1.0077444314956665
9250.0 1.0019948482513428
9260.0 0.9980487823486328
9270.0 0.9941027164459229
9280.0 0.9868098497390747
9290.0 0.9795169830322266
9300.0 0.9741436839103699
9310.0 0.9687703847885132
9320.0 0.9634687900543213
9330.0 0.9581671357154846
9340.0 0.9494930505752563
9350.0 0.9408189654350281
9360.0 0.9286999702453613
9370.0 0.9165810942649841
9380.0 0.9079505801200867
9390.0 0.8993200659751892
9400.0 0.8873686790466309
9410.0 0.8754172921180725
9420.0 0.8673855662345886
9430.0 0.8593537211418152
9440.0 0.8521460294723511
9450.0 0.8562657833099365
9460.0 0.8573396801948547
9470.0 0.8579598069190979
9480.0 0.8595921397209167
9490.0 0.8612244129180908
9500.0 0.8607212901115417
9510.0 0.8658379912376404
9520.0 0.8672136664390564
9530.0 0.8685893416404724
9540.0 0.8703253269195557
9550.0 0.8720612525939941
9560.0 0.8739742040634155
9570.0 0.8758872151374817
9580.0 0.8762204647064209
9590.0 0.8765537142753601
9600.0 0.8745853900909424
9610.0 0.8726170659065247
9620.0 0.8710605502128601
9630.0 0.8695040345191956
9640.0 0.8674962520599365
9650.0 0.8654884099960327
9660.0 0.8639706373214722
9670.0 0.8624529242515564
9680.0 0.8594895005226135
9690.0 0.8565260767936707
9700.0 0.8535627126693726
9710.0 0.8505992293357849
9720.0 0.8468215465545654
9730.0 0.8430438041687012
9740.0 0.8390625715255737
9750.0 0.8350813388824463
9760.0 0.8288230299949646
9770.0 0.8225646615028381
9780.0 0.816048800945282
9790.0 0.8095329999923706
9800.0 0.8001980781555176
9810.0 0.790863037109375
9820.0 0.7812207937240601
9830.0 0.7715784907341003
9840.0 0.7620865702629089
9850.0 0.752594530582428
9860.0 0.7423940896987915
9870.0 0.7321937084197998
9880.0 0.7227311134338379
9890.0 0.7132684588432312
9900.0 0.7011340856552124
9910.0 0.6889996528625488
9920.0 0.6682023406028748
9930.0 0.6474049687385559
9940.0 0.604789674282074
9950.0 0.5621744394302368
9960.0 0.506004273891449
9970.0 0.4498341679573059
9980.0 0.3825291693210602
9990.0 0.31522423028945923
10000.0 0.24668894708156586
10010.0 0.17815367877483368
10020.0 0.1271011084318161
10030.0 0.07604854553937912
10040.0 0.05286090075969696
10050.0 0.029673241078853607
10060.0 0.020825954154133797
10070.0 0.01197866816073656
10080.0 0.009119344875216484
10090.0 0.00626002112403512
10100.0 0.004905983339995146
10110.0 0.003551946021616459
10120.0 0.0026452455203980207
10130.0 0.0017385451355949044
10140.0 0.0017961511621251702
10150.0 0.0
10160.0 0.0
10170.0 0.0
10180.0 0.0
10190.0 0.0
10200.0 0.0
