decam/transmission_system/n20/z_decam_sdss_c0004_9260.0_1520.0/2012-09-12T00:00:00.ecsv
# %ECSV 1.0
# ---
# datatype:
# - {name: wavelength, unit: Angstrom, datatype: float64}
# - {name: throughput, datatype: float64}
# meta: !!omap
# - {MODE: DETECTOR}
# - {TYPE: transmission_system}
# - {CALIBDATE: '2012-09-12T00:00:00'}
# - {INSTRUME: DECam}
# - {OBSTYPE: transmission_system}
# - {CALIBCLS: lsst.ip.isr.IntermediateSystemTransmissionCurve}
# - {DETECTOR: 51}
# - {DETECTOR_NAME: N20}
# - {SOURCE: z_band_per_detector_throughput.fits}
# - {FILTER: z DECam SDSS c0004 9260.0 1520.0}
# - {CALIB_CREATION_DATE: '2012-09-12'}
# - {CALIB_CREATION_TIME: '00:00:00'}
# schema: astropy-2.0
wavelength throughput
8200.0 0.0
8210.0 0.0
8220.0 0.0
8230.0 0.0
8240.0 0.0
8250.0 0.0
8260.0 0.0048264856450259686
8270.0 0.005410656798630953
8280.0 0.00785899069160223
8290.0 0.007182496599853039
8300.0 0.00650600204244256
8310.0 0.0074239494279026985
8320.0 0.008417977951467037
8330.0 0.009411996230483055
8340.0 0.010406024754047394
8350.0 0.014843547716736794
8360.0 0.015879936516284943
8370.0 0.01691632717847824
8380.0 0.01795271597802639
8390.0 0.027129685506224632
8400.0 0.033218082040548325
8410.0 0.03930647298693657
8420.0 0.04539486765861511
8430.0 0.0951051265001297
8440.0 0.09119658172130585
8450.0 0.14747418463230133
8460.0 0.20375177264213562
8470.0 0.41708463430404663
8480.0 0.41153839230537415
8490.0 0.548183262348175
8500.0 0.6848280429840088
8510.0 0.7793352603912354
8520.0 0.8738424777984619
8530.0 0.9202881455421448
8540.0 0.9667338132858276
8550.0 0.9731507897377014
8560.0 0.9795677661895752
8570.0 0.9673868417739868
8580.0 0.9768962860107422
8590.0 0.9621940851211548
8600.0 0.9609360098838806
8610.0 0.9706058502197266
8620.0 0.9749472141265869
8630.0 0.9879763722419739
8640.0 0.9962390661239624
8650.0 0.9992406964302063
8660.0 0.9957332611083984
8670.0 1.0024693012237549
8680.0 1.0018709897994995
8690.0 1.0012727975845337
8700.0 1.0018837451934814
8710.0 1.0024945735931396
8720.0 1.0034124851226807
8730.0 1.0043303966522217
8740.0 1.003161072731018
8750.0 1.0074480772018433
8760.0 1.0091081857681274
8770.0 1.0107682943344116
8780.0 1.0124282836914062
8790.0 1.0140882730484009
8800.0 1.0145728588104248
8810.0 1.0150574445724487
8820.0 1.0162278413772583
8830.0 1.0173983573913574
8840.0 1.0180168151855469
8850.0 1.0186353921890259
8860.0 1.0199528932571411
8870.0 1.0212703943252563
8880.0 1.0229732990264893
8890.0 1.0246762037277222
8900.0 1.0200494527816772
8910.0 1.0215318202972412
8920.0 1.0208615064620972
8930.0 1.0201913118362427
8940.0 1.0195209980010986
8950.0 1.0191171169281006
8960.0 1.0187132358551025
8970.0 1.019469976425171
8980.0 1.0202268362045288
8990.0 1.0214629173278809
9000.0 1.0226988792419434
9010.0 1.0246291160583496
9020.0 1.0265592336654663
9030.0 1.0280510187149048
9040.0 1.0295428037643433
9050.0 1.028746485710144
9060.0 1.0320990085601807
9070.0 1.0308256149291992
9080.0 1.0295522212982178
9090.0 1.0271735191345215
9100.0 1.0247948169708252
9110.0 1.022766351699829
9120.0 1.024219274520874
9130.0 1.022953987121582
9140.0 1.0217896699905396
9150.0 1.0222716331481934
9160.0 1.0213837623596191
9170.0 1.0204960107803345
9180.0 1.0203887224197388
9190.0 1.0202815532684326
9200.0 1.018103837966919
9210.0 1.0159262418746948
9220.0 1.0138951539993286
9230.0 1.0118640661239624
9240.0 1.006104826927185
9250.0 1.0003454685211182
9260.0 0.9968780279159546
9270.0 0.9934105277061462
9280.0 0.9868668913841248
9290.0 0.9803232550621033
9300.0 0.9758187532424927
9310.0 0.9713142514228821
9320.0 0.966775119304657
9330.0 0.9622360467910767
9340.0 0.9539426565170288
9350.0 0.9456493258476257
9360.0 0.9334647059440613
9370.0 0.9212799668312073
9380.0 0.9122737646102905
9390.0 0.9032674431800842
9400.0 0.8909450173377991
9410.0 0.8786226511001587
9420.0 0.8703522086143494
9430.0 0.86208176612854
9440.0 0.8547888398170471
9450.0 0.8590859770774841
9460.0 0.8599262833595276
9470.0 0.861398458480835
9480.0 0.8630499243736267
9490.0 0.8647013306617737
9500.0 0.864761471748352
9510.0 0.8695366978645325
9520.0 0.8703787326812744
9530.0 0.8712207674980164
9540.0 0.8720019459724426
9550.0 0.8727830648422241
9560.0 0.873685896396637
9570.0 0.8745887875556946
9580.0 0.8742028474807739
9590.0 0.8738169074058533
9600.0 0.8716018199920654
9610.0 0.8693866729736328
9620.0 0.868254542350769
9630.0 0.86712247133255
9640.0 0.8658373355865479
9650.0 0.8645520806312561
9660.0 0.8636804819107056
9670.0 0.8628089427947998
9680.0 0.8600109219551086
9690.0 0.8572128415107727
9700.0 0.8544148206710815
9710.0 0.8516167998313904
9720.0 0.8473167419433594
9730.0 0.8430167436599731
9740.0 0.8385984897613525
9750.0 0.8341803550720215
9760.0 0.8279114961624146
9770.0 0.8216426372528076
9780.0 0.8152551651000977
9790.0 0.8088676333427429
9800.0 0.8002260327339172
9810.0 0.7915843725204468
9820.0 0.7819036245346069
9830.0 0.7722228169441223
9840.0 0.7615414261817932
9850.0 0.7508601546287537
9860.0 0.7391407489776611
9870.0 0.7274212837219238
9880.0 0.7170969843864441
9890.0 0.7067726254463196
9900.0 0.6959519386291504
9910.0 0.6851312518119812
9920.0 0.6686886548995972
9930.0 0.6522459983825684
9940.0 0.613702654838562
9950.0 0.5751593112945557
9960.0 0.5165992379188538
9970.0 0.45803922414779663
9980.0 0.38335275650024414
9990.0 0.30866628885269165
10000.0 0.23801825940608978
10010.0 0.16737021505832672
10020.0 0.11991390585899353
10030.0 0.07245759665966034
10040.0 0.05078306421637535
10050.0 0.029108533635735512
10060.0 0.020513705909252167
10070.0 0.01191888190805912
10080.0 0.009096995927393436
10090.0 0.006275121122598648
10100.0 0.004919816739857197
10110.0 0.0035645118914544582
10120.0 0.002679266966879368
10130.0 0.0017940326360985637
10140.0 0.001807969412766397
10150.0 0.0
10160.0 0.0
10170.0 0.0
10180.0 0.0
10190.0 0.0
10200.0 0.0
