decam/transmission_system/n26/z_decam_sdss_c0004_9260.0_1520.0/2012-09-12T00:00:00.ecsv
# %ECSV 1.0
# ---
# datatype:
# - {name: wavelength, unit: Angstrom, datatype: float64}
# - {name: throughput, datatype: float64}
# meta: !!omap
# - {MODE: DETECTOR}
# - {TYPE: transmission_system}
# - {CALIBDATE: '2012-09-12T00:00:00'}
# - {INSTRUME: DECam}
# - {OBSTYPE: transmission_system}
# - {CALIBCLS: lsst.ip.isr.IntermediateSystemTransmissionCurve}
# - {DETECTOR: 57}
# - {DETECTOR_NAME: N26}
# - {SOURCE: z_band_per_detector_throughput.fits}
# - {FILTER: z DECam SDSS c0004 9260.0 1520.0}
# - {CALIB_CREATION_DATE: '2012-09-12'}
# - {CALIB_CREATION_TIME: '00:00:00'}
# schema: astropy-2.0
wavelength throughput
8200.0 0.0
8210.0 0.0
8220.0 0.0
8230.0 0.0
8240.0 0.0
8250.0 0.0
8260.0 0.004541343078017235
8270.0 0.005125950090587139
8280.0 0.006227246019989252
8290.0 0.006156139075756073
8300.0 0.006085021886974573
8310.0 0.006696703378111124
8320.0 0.007721814326941967
8330.0 0.008746924810111523
8340.0 0.009772037155926228
8350.0 0.014145120047032833
8360.0 0.01497670542448759
8370.0 0.015808280557394028
8380.0 0.01663985475897789
8390.0 0.024896904826164246
8400.0 0.030083920806646347
8410.0 0.03527093678712845
8420.0 0.04045794904232025
8430.0 0.08090069144964218
8440.0 0.07705140113830566
8450.0 0.1229778304696083
8460.0 0.16890425980091095
8470.0 0.3559281527996063
8480.0 0.35170695185661316
8490.0 0.4871140420436859
8500.0 0.622521162033081
8510.0 0.7316743731498718
8520.0 0.8408276438713074
8530.0 0.9011250734329224
8540.0 0.9614225029945374
8550.0 0.9755209684371948
8560.0 0.9896193146705627
8570.0 0.9806588292121887
8580.0 0.9916839599609375
8590.0 0.9726210832595825
8600.0 0.9726097583770752
8610.0 0.9772295355796814
8620.0 0.982949435710907
8630.0 0.9942003488540649
8640.0 1.0034446716308594
8650.0 1.0059820413589478
8660.0 1.0033576488494873
8670.0 1.010012149810791
8680.0 1.0087162256240845
8690.0 1.0074204206466675
8700.0 1.0072101354599
8710.0 1.0069999694824219
8720.0 1.0076287984848022
8730.0 1.0082577466964722
8740.0 1.0082725286483765
8750.0 1.0121889114379883
8760.0 1.0148333311080933
8770.0 1.0174778699874878
8780.0 1.0202431678771973
8790.0 1.0230084657669067
8800.0 1.024677038192749
8810.0 1.0263456106185913
8820.0 1.0279661417007446
8830.0 1.0295867919921875
8840.0 1.0299570560455322
8850.0 1.0303272008895874
8860.0 1.0307472944259644
8870.0 1.0311672687530518
8880.0 1.031759262084961
8890.0 1.0323511362075806
8900.0 1.0293231010437012
8910.0 1.0277810096740723
8920.0 1.026918888092041
8930.0 1.0260566473007202
8940.0 1.025194525718689
8950.0 1.0245777368545532
8960.0 1.023961067199707
8970.0 1.0246429443359375
8980.0 1.025324821472168
8990.0 1.0267863273620605
9000.0 1.0282478332519531
9010.0 1.0303709506988525
9020.0 1.0324939489364624
9030.0 1.0342894792556763
9040.0 1.0360850095748901
9050.0 1.0351650714874268
9060.0 1.0383706092834473
9070.0 1.036900281906128
9080.0 1.035429835319519
9090.0 1.0323219299316406
9100.0 1.0292141437530518
9110.0 1.0261149406433105
9120.0 1.0275931358337402
9130.0 1.0256130695343018
9140.0 1.0243134498596191
9150.0 1.0260072946548462
9160.0 1.0262844562530518
9170.0 1.0265614986419678
9180.0 1.0274639129638672
9190.0 1.0283663272857666
9200.0 1.0268055200576782
9210.0 1.0252445936203003
9220.0 1.0230540037155151
9230.0 1.0208632946014404
9240.0 1.014207363128662
9250.0 1.0075515508651733
9260.0 1.0024429559707642
9270.0 0.997334361076355
9280.0 0.989034116268158
9290.0 0.9807339310646057
9300.0 0.9750562310218811
9310.0 0.9693784713745117
9320.0 0.9642010927200317
9330.0 0.9590235948562622
9340.0 0.9509803652763367
9350.0 0.9429370760917664
9360.0 0.9316315650939941
9370.0 0.9203260540962219
9380.0 0.9115955829620361
9390.0 0.9028651118278503
9400.0 0.8903633952140808
9410.0 0.8778616786003113
9420.0 0.8686380386352539
9430.0 0.8594143390655518
9440.0 0.8541102409362793
9450.0 0.8550500869750977
9460.0 0.8563763499259949
9470.0 0.8553009629249573
9480.0 0.8565712571144104
9490.0 0.8578416109085083
9500.0 0.8586663603782654
9510.0 0.8636019825935364
9520.0 0.8657729625701904
9530.0 0.8679438829421997
9540.0 0.8697991371154785
9550.0 0.8716545104980469
9560.0 0.8730744123458862
9570.0 0.8744942545890808
9580.0 0.8737321496009827
9590.0 0.8729699850082397
9600.0 0.8695447444915771
9610.0 0.8661194443702698
9620.0 0.863441526889801
9630.0 0.860763669013977
9640.0 0.8579925894737244
9650.0 0.8552215099334717
9660.0 0.8537788391113281
9670.0 0.8523361682891846
9680.0 0.8516374230384827
9690.0 0.850938618183136
9700.0 0.8502399325370789
9710.0 0.849541187286377
9720.0 0.8456330895423889
9730.0 0.8417249321937561
9740.0 0.8371531367301941
9750.0 0.8325814008712769
9760.0 0.8256326913833618
9770.0 0.8186839818954468
9780.0 0.807887613773346
9790.0 0.7970913648605347
9800.0 0.7918458580970764
9810.0 0.7866002917289734
9820.0 0.7789474725723267
9830.0 0.7712945342063904
9840.0 0.7624600529670715
9850.0 0.7536255717277527
9860.0 0.7430922985076904
9870.0 0.7325589656829834
9880.0 0.722404420375824
9890.0 0.7122498750686646
9900.0 0.7006042003631592
9910.0 0.6889585852622986
9920.0 0.6705945730209351
9930.0 0.652230441570282
9940.0 0.6085113286972046
9950.0 0.5647922158241272
9960.0 0.4955793619155884
9970.0 0.4263664484024048
9980.0 0.34098443388938904
9990.0 0.25560247898101807
10000.0 0.1874612271785736
10010.0 0.11931999027729034
10020.0 0.08334100991487503
10030.0 0.04736202955245972
10040.0 0.03346429392695427
10050.0 0.01956656575202942
10060.0 0.014077741652727127
10070.0 0.008588926866650581
10080.0 0.0067780292592942715
10090.0 0.004967120476067066
10100.0 0.004021808505058289
10110.0 0.003076485823839903
10120.0 0.002331688767299056
10130.0 0.0015868814662098885
10140.0 0.0017017093487083912
10150.0 0.0
10160.0 0.0
10170.0 0.0
10180.0 0.0
10190.0 0.0
10200.0 0.0
