decam/transmission_system/s2/z_decam_sdss_c0004_9260.0_1520.0/2012-09-12T00:00:00.ecsv
# %ECSV 1.0
# ---
# datatype:
# - {name: wavelength, unit: Angstrom, datatype: float64}
# - {name: throughput, datatype: float64}
# meta: !!omap
# - {MODE: DETECTOR}
# - {TYPE: transmission_system}
# - {CALIBDATE: '2012-09-12T00:00:00'}
# - {INSTRUME: DECam}
# - {OBSTYPE: transmission_system}
# - {CALIBCLS: lsst.ip.isr.IntermediateSystemTransmissionCurve}
# - {DETECTOR: 26}
# - {DETECTOR_NAME: S2}
# - {SOURCE: z_band_per_detector_throughput.fits}
# - {FILTER: z DECam SDSS c0004 9260.0 1520.0}
# - {CALIB_CREATION_DATE: '2012-09-12'}
# - {CALIB_CREATION_TIME: '00:00:00'}
# schema: astropy-2.0
wavelength throughput
8200.0 0.0
8210.0 0.0
8220.0 0.0
8230.0 0.0
8240.0 0.0
8250.0 0.0
8260.0 0.00431891530752182
8270.0 0.004846601746976376
8280.0 0.007014081813395023
8290.0 0.006239604204893112
8300.0 0.005465126596391201
8310.0 0.006424655672162771
8320.0 0.007341097574681044
8330.0 0.00825754925608635
8340.0 0.009173991158604622
8350.0 0.012972166761755943
8360.0 0.01362293679267168
8370.0 0.014273707754909992
8380.0 0.014924468472599983
8390.0 0.022130955010652542
8400.0 0.026558786630630493
8410.0 0.030986621975898743
8420.0 0.035414453595876694
8430.0 0.06985405832529068
8440.0 0.06657379120588303
8450.0 0.10606467723846436
8460.0 0.14555557072162628
8470.0 0.31647950410842896
8480.0 0.313077837228775
8490.0 0.4454849064350128
8500.0 0.5778918862342834
8510.0 0.6916082501411438
8520.0 0.8053246140480042
8530.0 0.876457691192627
8540.0 0.947590708732605
8550.0 0.9701883792877197
8560.0 0.9927861094474792
8570.0 0.9879179000854492
8580.0 0.9996052980422974
8590.0 0.97847580909729
8600.0 0.9787786602973938
8610.0 0.9817352294921875
8620.0 0.9879955649375916
8630.0 0.9981585144996643
8640.0 1.0085846185684204
8650.0 1.0099987983703613
8660.0 1.0073294639587402
8670.0 1.0137513875961304
8680.0 1.011870265007019
8690.0 1.0099890232086182
8700.0 1.0096099376678467
8710.0 1.0092308521270752
8720.0 1.009745478630066
8730.0 1.0102601051330566
8740.0 1.011542558670044
8750.0 1.0148698091506958
8760.0 1.0173945426940918
8770.0 1.0199190378189087
8780.0 1.022861361503601
8790.0 1.0258036851882935
8800.0 1.0270038843154907
8810.0 1.028204083442688
8820.0 1.0293697118759155
8830.0 1.0305354595184326
8840.0 1.0306472778320312
8850.0 1.0307590961456299
8860.0 1.0313076972961426
8870.0 1.0318562984466553
8880.0 1.0324653387069702
8890.0 1.0330744981765747
8900.0 1.0301580429077148
8910.0 1.0288575887680054
8920.0 1.0278477668762207
8930.0 1.0268378257751465
8940.0 1.0258280038833618
8950.0 1.0247856378555298
8960.0 1.0237431526184082
8970.0 1.0243535041809082
8980.0 1.0249637365341187
8990.0 1.026489496231079
9000.0 1.02801513671875
9010.0 1.030434250831604
9020.0 1.032853364944458
9030.0 1.0348776578903198
9040.0 1.0369019508361816
9050.0 1.03685462474823
9060.0 1.0391331911087036
9070.0 1.037845492362976
9080.0 1.036557674407959
9090.0 1.0330758094787598
9100.0 1.0295939445495605
9110.0 1.025897741317749
9120.0 1.0281472206115723
9130.0 1.025622010231018
9140.0 1.024538278579712
9150.0 1.0257397890090942
9160.0 1.0260106325149536
9170.0 1.0262813568115234
9180.0 1.0273431539535522
9190.0 1.028404951095581
9200.0 1.0268982648849487
9210.0 1.0253915786743164
9220.0 1.0229930877685547
9230.0 1.020594596862793
9240.0 1.013475775718689
9250.0 1.0063568353652954
9260.0 1.0011849403381348
9270.0 0.9960128664970398
9280.0 0.9878020286560059
9290.0 0.9795911312103271
9300.0 0.9741220474243164
9310.0 0.9686530232429504
9320.0 0.9636886715888977
9330.0 0.9587243795394897
9340.0 0.9513400197029114
9350.0 0.9439557194709778
9360.0 0.9325299859046936
9370.0 0.9211041927337646
9380.0 0.9125545024871826
9390.0 0.9040048122406006
9400.0 0.8915272355079651
9410.0 0.8790497183799744
9420.0 0.8698526620864868
9430.0 0.8606554865837097
9440.0 0.854729950428009
9450.0 0.8555527329444885
9460.0 0.8565977215766907
9470.0 0.8564167022705078
9480.0 0.8578181862831116
9490.0 0.8592197299003601
9500.0 0.8599132895469666
9510.0 0.8653072118759155
9520.0 0.8676128387451172
9530.0 0.8699185252189636
9540.0 0.8716625571250916
9550.0 0.8734065294265747
9560.0 0.8745089769363403
9570.0 0.8756114840507507
9580.0 0.874351978302002
9590.0 0.8730924129486084
9600.0 0.8692405819892883
9610.0 0.8653887510299683
9620.0 0.8625583648681641
9630.0 0.8597280383110046
9640.0 0.8571622967720032
9650.0 0.8545966148376465
9660.0 0.8536859750747681
9670.0 0.8527753353118896
9680.0 0.8521043658256531
9690.0 0.8514334559440613
9700.0 0.8507626056671143
9710.0 0.8500916361808777
9720.0 0.846064031124115
9730.0 0.8420364260673523
9740.0 0.8372029066085815
9750.0 0.8323694467544556
9760.0 0.8253004550933838
9770.0 0.8182313442230225
9780.0 0.8086057901382446
9790.0 0.7989802956581116
9800.0 0.7936002016067505
9810.0 0.7882201075553894
9820.0 0.7807692289352417
9830.0 0.773318350315094
9840.0 0.764080822467804
9850.0 0.7548434138298035
9860.0 0.7433988451957703
9870.0 0.7319542765617371
9880.0 0.7210223078727722
9890.0 0.7100902795791626
9900.0 0.7014604210853577
9910.0 0.6928306221961975
9920.0 0.6832981109619141
9930.0 0.6737656593322754
9940.0 0.6378110647201538
9950.0 0.6018564701080322
9960.0 0.5212739109992981
9970.0 0.44069138169288635
9980.0 0.34240633249282837
9990.0 0.2441212385892868
10000.0 0.17546582221984863
10010.0 0.10681039094924927
10020.0 0.07425348460674286
10030.0 0.041696567088365555
10040.0 0.029620537534356117
10050.0 0.017544519156217575
10060.0 0.012705103494226933
10070.0 0.00786569993942976
10080.0 0.0063659800216555595
10090.0 0.004866260569542646
10100.0 0.003975470084697008
10110.0 0.0030846900772303343
10120.0 0.0023804986849427223
10130.0 0.0016763074090704322
10140.0 0.001734484569169581
10150.0 0.0
10160.0 0.0
10170.0 0.0
10180.0 0.0
10190.0 0.0
10200.0 0.0
