decam/transmission_system/s21/i_decam_sdss_c0003_7835.0_1470.0/2012-09-12T00:00:00.ecsv
# %ECSV 1.0
# ---
# datatype:
# - {name: wavelength, unit: Angstrom, datatype: float64}
# - {name: throughput, datatype: float64}
# meta: !!omap
# - {MODE: DETECTOR}
# - {TYPE: transmission_system}
# - {CALIBDATE: '2012-09-12T00:00:00'}
# - {INSTRUME: DECam}
# - {OBSTYPE: transmission_system}
# - {CALIBCLS: lsst.ip.isr.IntermediateSystemTransmissionCurve}
# - {DETECTOR: 9}
# - {DETECTOR_NAME: S21}
# - {SOURCE: i_band_per_detector_throughput.fits}
# - {FILTER: i DECam SDSS c0003 7835.0 1470.0}
# - {CALIB_CREATION_DATE: '2012-09-12'}
# - {CALIB_CREATION_TIME: '00:00:00'}
# schema: astropy-2.0
wavelength throughput
6700.0 0.0
6710.0 0.0
6720.0 0.0
6730.0 0.0
6740.0 0.0
6750.0 0.0
6760.0 0.0008167240303009748
6770.0 0.0009388526086695492
6780.0 0.0010609811870381236
6790.0 0.0011781767243519425
6800.0 0.0012953619007021189
6810.0 0.0014521039556711912
6820.0 0.0016088458942249417
6830.0 0.001806930871680379
6840.0 0.0020050157327204943
6850.0 0.0022882793564349413
6860.0 0.0025715322699397802
6870.0 0.002957296324893832
6880.0 0.0033430708572268486
6890.0 0.003850444220006466
6900.0 0.004357828292995691
6910.0 0.00507930014282465
6920.0 0.005800771992653608
6930.0 0.00706896698102355
6940.0 0.008337161503732204
6950.0 0.0108664995059371
6960.0 0.01339583657681942
6970.0 0.019172629341483116
6980.0 0.024949410930275917
6990.0 0.03814283385872841
7000.0 0.05133625492453575
7010.0 0.07836747169494629
7020.0 0.10539869219064713
7030.0 0.15267805755138397
7040.0 0.19995743036270142
7050.0 0.2712165415287018
7060.0 0.3424755930900574
7070.0 0.43139776587486267
7080.0 0.5203199982643127
7090.0 0.608790934085846
7100.0 0.6972618103027344
7110.0 0.7677971720695496
7120.0 0.8383325934410095
7130.0 0.8825291395187378
7140.0 0.9267256259918213
7150.0 0.9468584656715393
7160.0 0.9669913053512573
7170.0 0.9740957617759705
7180.0 0.9812002182006836
7190.0 0.9816761612892151
7200.0 0.9821521043777466
7210.0 0.9826264381408691
7220.0 0.9831007719039917
7230.0 0.985622227191925
7240.0 0.9881436228752136
7250.0 0.9919062852859497
7260.0 0.9956689476966858
7270.0 0.999099612236023
7280.0 1.0025303363800049
7290.0 1.0030790567398071
7300.0 1.0036277770996094
7310.0 1.0022634267807007
7320.0 1.000899076461792
7330.0 0.998751699924469
7340.0 0.9966044425964355
7350.0 0.9956989288330078
7360.0 0.9947935342788696
7370.0 0.9961622357368469
7380.0 0.9975308775901794
7390.0 1.0009042024612427
7400.0 1.0042775869369507
7410.0 1.006569266319275
7420.0 1.0088610649108887
7430.0 1.0095689296722412
7440.0 1.0102767944335938
7450.0 1.009655475616455
7460.0 1.0090341567993164
7470.0 1.008028507232666
7480.0 1.007022738456726
7490.0 1.0071239471435547
7500.0 1.0072251558303833
7510.0 1.0077303647994995
7520.0 1.0082355737686157
7530.0 1.0088132619857788
7540.0 1.009391188621521
7550.0 1.0083391666412354
7560.0 1.0072872638702393
7570.0 1.0052493810653687
7580.0 1.0032116174697876
7590.0 0.9938996434211731
7600.0 0.9845876693725586
7610.0 0.9865607023239136
7620.0 0.9885337948799133
7630.0 0.9902995228767395
7640.0 0.9920653104782104
7650.0 0.9958131909370422
7660.0 0.999561071395874
7670.0 1.001465082168579
7680.0 1.0033689737319946
7690.0 1.0034350156784058
7700.0 1.0035011768341064
7710.0 1.0038373470306396
7720.0 1.0041736364364624
7730.0 1.0046799182891846
7740.0 1.0051863193511963
7750.0 1.008073329925537
7760.0 1.010960340499878
7770.0 1.0121524333953857
7780.0 1.0133445262908936
7790.0 1.0138201713562012
7800.0 1.0142959356307983
7810.0 1.0135103464126587
7820.0 1.0127249956130981
7830.0 1.0117084980010986
7840.0 1.0106920003890991
7850.0 1.0108022689819336
7860.0 1.0109124183654785
7870.0 1.0106669664382935
7880.0 1.0104215145111084
7890.0 1.0079270601272583
7900.0 1.0054327249526978
7910.0 1.0012848377227783
7920.0 0.9971368312835693
7930.0 0.9928330779075623
7940.0 0.9885293245315552
7950.0 0.9842602014541626
7960.0 0.9799911379814148
7970.0 0.9791179299354553
7980.0 0.9782448410987854
7990.0 0.9823541045188904
8000.0 0.9864632487297058
8010.0 0.9908326268196106
8020.0 0.9952020049095154
8030.0 0.9973148703575134
8040.0 0.9994276762008667
8050.0 0.9986002445220947
8060.0 0.9977728128433228
8070.0 0.9978281855583191
8080.0 0.9978834986686707
8090.0 0.9939751029014587
8100.0 0.990066647529602
8110.0 0.9802769422531128
8120.0 0.9869970083236694
8130.0 0.9864137172698975
8140.0 0.9858304858207703
8150.0 0.9869158864021301
8160.0 0.9880013465881348
8170.0 0.9939639568328857
8180.0 0.9922631978988647
8190.0 0.9865424036979675
8200.0 0.9832220077514648
8210.0 0.9799017310142517
8220.0 0.9767383337020874
8230.0 0.9735749363899231
8240.0 0.9734914898872375
8250.0 0.9734081029891968
8260.0 0.9760247468948364
8270.0 0.9786413908004761
8280.0 0.9825988411903381
8290.0 0.9865562915802002
8300.0 0.9905137419700623
8310.0 1.0011459589004517
8320.0 1.0028334856033325
8330.0 1.0045210123062134
8340.0 1.0062086582183838
8350.0 1.0024751424789429
8360.0 0.9998729825019836
8370.0 0.9972707629203796
8380.0 0.9946685433387756
8390.0 0.9952517747879028
8400.0 0.9885817170143127
8410.0 0.9895721077919006
8420.0 0.9905624985694885
8430.0 0.9888172745704651
8440.0 0.9949110150337219
8450.0 0.9932388663291931
8460.0 0.9915667176246643
8470.0 0.9971867799758911
8480.0 1.0028067827224731
8490.0 1.004805088043213
8500.0 1.006803274154663
8510.0 0.9883442521095276
8520.0 0.9698852896690369
8530.0 0.8955904841423035
8540.0 0.8212957382202148
8550.0 0.6741554737091064
8560.0 0.5270151495933533
8570.0 0.24569277465343475
8580.0 0.2524734139442444
8590.0 0.09242602437734604
8600.0 0.0938381776213646
8610.0 0.03303871303796768
8620.0 0.03398061916232109
8630.0 0.012201293371617794
8640.0 0.012662609107792377
8650.0 0.005456787068396807
8660.0 0.005106467753648758
8670.0 0.002511080587282777
8680.0 0.002110922709107399
8690.0 0.0017107547027990222
8700.0 0.0
8710.0 0.0
8720.0 0.0
8730.0 0.0
8740.0 0.0
8750.0 0.0
