decam/transmission_system/n17/z_decam_sdss_c0004_9260.0_1520.0/2012-09-12T00:00:00.ecsv
# %ECSV 1.0
# ---
# datatype:
# - {name: wavelength, unit: Angstrom, datatype: float64}
# - {name: throughput, datatype: float64}
# meta: !!omap
# - {MODE: DETECTOR}
# - {TYPE: transmission_system}
# - {CALIBDATE: '2012-09-12T00:00:00'}
# - {INSTRUME: DECam}
# - {OBSTYPE: transmission_system}
# - {CALIBCLS: lsst.ip.isr.IntermediateSystemTransmissionCurve}
# - {DETECTOR: 48}
# - {DETECTOR_NAME: N17}
# - {SOURCE: z_band_per_detector_throughput.fits}
# - {FILTER: z DECam SDSS c0004 9260.0 1520.0}
# - {CALIB_CREATION_DATE: '2012-09-12'}
# - {CALIB_CREATION_TIME: '00:00:00'}
# schema: astropy-2.0
wavelength throughput
8200.0 0.0
8210.0 0.0
8220.0 0.0
8230.0 0.0
8240.0 0.0
8250.0 0.0
8260.0 0.004532598424702883
8270.0 0.005243872292339802
8280.0 0.005538175348192453
8290.0 0.005778329912573099
8300.0 0.006018484942615032
8310.0 0.006396719720214605
8320.0 0.00739900441840291
8330.0 0.008401288650929928
8340.0 0.009403563104569912
8350.0 0.013508535921573639
8360.0 0.014129843562841415
8370.0 0.014751151204109192
8380.0 0.015372459776699543
8390.0 0.022229082882404327
8400.0 0.026292961090803146
8410.0 0.030356839299201965
8420.0 0.034420717507600784
8430.0 0.06517698615789413
8440.0 0.05969781056046486
8450.0 0.09244046360254288
8460.0 0.12518310546875
8470.0 0.2732071876525879
8480.0 0.2706669867038727
8490.0 0.3999637961387634
8500.0 0.5292606353759766
8510.0 0.6543071269989014
8520.0 0.7793536186218262
8530.0 0.859351396560669
8540.0 0.9393491148948669
8550.0 0.9688913226127625
8560.0 0.9984335899353027
8570.0 1.0025298595428467
8580.0 1.0114611387252808
8590.0 0.991459310054779
8600.0 0.9891257882118225
8610.0 0.9884421825408936
8620.0 0.9922327995300293
8630.0 1.0003286600112915
8640.0 1.0076394081115723
8650.0 1.0106232166290283
8660.0 1.0089675188064575
8670.0 1.014765739440918
8680.0 1.0138911008834839
8690.0 1.0130163431167603
8700.0 1.013030767440796
8710.0 1.0130451917648315
8720.0 1.0137892961502075
8730.0 1.014533519744873
8740.0 1.0124715566635132
8750.0 1.0172382593154907
8760.0 1.0190869569778442
8770.0 1.0209356546401978
8780.0 1.0225857496261597
8790.0 1.0242359638214111
8800.0 1.0249656438827515
8810.0 1.0256954431533813
8820.0 1.0266425609588623
8830.0 1.0275897979736328
8840.0 1.0278434753417969
8850.0 1.0280970335006714
8860.0 1.0291314125061035
8870.0 1.0301657915115356
8880.0 1.0320029258728027
8890.0 1.0338401794433594
8900.0 1.0285433530807495
8910.0 1.030815601348877
8920.0 1.0302406549453735
8930.0 1.0296657085418701
8940.0 1.0290907621383667
8950.0 1.0284652709960938
8960.0 1.0278398990631104
8970.0 1.0278083086013794
8980.0 1.0277767181396484
8990.0 1.028386116027832
9000.0 1.0289957523345947
9010.0 1.0304319858551025
9020.0 1.0318683385849
9030.0 1.0335681438446045
9040.0 1.0352680683135986
9050.0 1.0356165170669556
9060.0 1.0380892753601074
9070.0 1.0366785526275635
9080.0 1.03526771068573
9090.0 1.0328106880187988
9100.0 1.0303535461425781
9110.0 1.0269415378570557
9120.0 1.0291680097579956
9130.0 1.0243033170700073
9140.0 1.024909496307373
9150.0 1.025158405303955
9160.0 1.024190902709961
9170.0 1.0232234001159668
9180.0 1.0233198404312134
9190.0 1.02341628074646
9200.0 1.0216883420944214
9210.0 1.0199604034423828
9220.0 1.0176169872283936
9230.0 1.0152735710144043
9240.0 1.0091475248336792
9250.0 1.003021478652954
9260.0 0.9990717768669128
9270.0 0.9951218962669373
9280.0 0.987946093082428
9290.0 0.9807702898979187
9300.0 0.9759224653244019
9310.0 0.9710747003555298
9320.0 0.9662318229675293
9330.0 0.9613889455795288
9340.0 0.9525189399719238
9350.0 0.9436488747596741
9360.0 0.931370735168457
9370.0 0.9190925359725952
9380.0 0.909636914730072
9390.0 0.9001814126968384
9400.0 0.8874476552009583
9410.0 0.8747138977050781
9420.0 0.8661565780639648
9430.0 0.8575992584228516
9440.0 0.8507391810417175
9450.0 0.8547803163528442
9460.0 0.8549734354019165
9470.0 0.8561191558837891
9480.0 0.8580921292304993
9490.0 0.8600651025772095
9500.0 0.8586236238479614
9510.0 0.8633065223693848
9520.0 0.8637991547584534
9530.0 0.8642917275428772
9540.0 0.8644261360168457
9550.0 0.8645605444908142
9560.0 0.8644653558731079
9570.0 0.8643701672554016
9580.0 0.8627129197120667
9590.0 0.8610556721687317
9600.0 0.857714831829071
9610.0 0.8543739914894104
9620.0 0.8523447513580322
9630.0 0.8503155708312988
9640.0 0.8483651876449585
9650.0 0.8464148044586182
9660.0 0.8453956246376038
9670.0 0.8443763852119446
9680.0 0.8395458459854126
9690.0 0.8347153067588806
9700.0 0.8298847675323486
9710.0 0.8250542283058167
9720.0 0.8210753202438354
9730.0 0.817096471786499
9740.0 0.8130314946174622
9750.0 0.8089665174484253
9760.0 0.80344557762146
9770.0 0.7979245781898499
9780.0 0.7967898845672607
9790.0 0.7956552505493164
9800.0 0.7853382229804993
9810.0 0.7750212550163269
9820.0 0.7679132223129272
9830.0 0.7608051896095276
9840.0 0.7548415064811707
9850.0 0.7488778829574585
9860.0 0.7435218095779419
9870.0 0.7381657361984253
9880.0 0.7373569011688232
9890.0 0.7365480661392212
9900.0 0.7400916814804077
9910.0 0.7436352968215942
9920.0 0.7477138638496399
9930.0 0.7517924904823303
9940.0 0.728870689868927
9950.0 0.7059488892555237
9960.0 0.6317143440246582
9970.0 0.557479739189148
9980.0 0.4478396773338318
9990.0 0.338199645280838
10000.0 0.25454139709472656
10010.0 0.1708831638097763
10020.0 0.12371661514043808
10030.0 0.07655005902051926
10040.0 0.054341789335012436
10050.0 0.03213352710008621
10060.0 0.022811250761151314
10070.0 0.013488980941474438
10080.0 0.010183887556195259
10090.0 0.006878795102238655
10100.0 0.005375503562390804
10110.0 0.0038722113240510225
10120.0 0.0029047373682260513
10130.0 0.0019372636452317238
10140.0 0.001964929513633251
10150.0 0.0
10160.0 0.0
10170.0 0.0
10180.0 0.0
10190.0 0.0
10200.0 0.0
