decam/transmission_system/n23/y_decam_c0005_10095.0_1130.0/2012-09-12T00:00:00.ecsv
# %ECSV 1.0
# ---
# datatype:
# - {name: wavelength, unit: Angstrom, datatype: float64}
# - {name: throughput, datatype: float64}
# meta: !!omap
# - {MODE: DETECTOR}
# - {TYPE: transmission_system}
# - {CALIBDATE: '2012-09-12T00:00:00'}
# - {INSTRUME: DECam}
# - {OBSTYPE: transmission_system}
# - {CALIBCLS: lsst.ip.isr.IntermediateSystemTransmissionCurve}
# - {DETECTOR: 54}
# - {DETECTOR_NAME: N23}
# - {SOURCE: Y_band_per_detector_throughput.fits}
# - {FILTER: Y DECam c0005 10095.0 1130.0}
# - {CALIB_CREATION_DATE: '2012-09-12'}
# - {CALIB_CREATION_TIME: '00:00:00'}
# schema: astropy-2.0
wavelength throughput
9250.0 0.0
9260.0 0.0
9270.0 0.0
9280.0 0.0
9290.0 0.0
9300.0 0.0
9310.0 0.006272981408983469
9320.0 0.007102199364453554
9330.0 0.007931426167488098
9340.0 0.009039202705025673
9350.0 0.010146989487111568
9360.0 0.011478075757622719
9370.0 0.012809152714908123
9380.0 0.015069848857820034
9390.0 0.01733054593205452
9400.0 0.021250320598483086
9410.0 0.0251700971275568
9420.0 0.03310994431376457
9430.0 0.04104980453848839
9440.0 0.05986497923731804
9450.0 0.07868015021085739
9460.0 0.07824365049600601
9470.0 0.16155368089675903
9480.0 0.16160409152507782
9490.0 0.3157883882522583
9500.0 0.3168569803237915
9510.0 0.5323871374130249
9520.0 0.6348394155502319
9530.0 0.7372918128967285
9540.0 0.7899952530860901
9550.0 0.8426987528800964
9560.0 0.8547577857971191
9570.0 0.8668168187141418
9580.0 0.8654385805130005
9590.0 0.8640602231025696
9600.0 0.8611620664596558
9610.0 0.8582639098167419
9620.0 0.8553434014320374
9630.0 0.8524230122566223
9640.0 0.8503873348236084
9650.0 0.8483517169952393
9660.0 0.8459845781326294
9670.0 0.8436174988746643
9680.0 0.8398109078407288
9690.0 0.836004376411438
9700.0 0.8334380388259888
9710.0 0.8308718204498291
9720.0 0.8219104409217834
9730.0 0.8129490613937378
9740.0 0.8068479895591736
9750.0 0.8007467985153198
9760.0 0.7942816615104675
9770.0 0.7878164649009705
9780.0 0.7810269594192505
9790.0 0.7742375135421753
9800.0 0.7680613398551941
9810.0 0.7618852853775024
9820.0 0.7559280395507812
9830.0 0.7499707937240601
9840.0 0.7426056265830994
9850.0 0.7352405190467834
9860.0 0.7282214164733887
9870.0 0.7212023735046387
9880.0 0.7115362286567688
9890.0 0.7018700838088989
9900.0 0.6928765177726746
9910.0 0.6838829517364502
9920.0 0.6737310290336609
9930.0 0.6635790467262268
9940.0 0.6552917957305908
9950.0 0.6470044851303101
9960.0 0.6370067000389099
9970.0 0.6270089149475098
9980.0 0.6174448132514954
9990.0 0.607880711555481
10000.0 0.5971570014953613
10010.0 0.5864332318305969
10020.0 0.5751901268959045
10030.0 0.5639469623565674
10040.0 0.552091121673584
10050.0 0.5402352213859558
10060.0 0.5291134119033813
10070.0 0.5179916620254517
10080.0 0.5058483481407166
10090.0 0.4937051236629486
10100.0 0.4809873700141907
10110.0 0.46826958656311035
10120.0 0.4568703770637512
10130.0 0.44547122716903687
10140.0 0.43355923891067505
10150.0 0.42164725065231323
10160.0 0.41032540798187256
10170.0 0.3990035951137543
10180.0 0.3868247866630554
10190.0 0.3746459484100342
10200.0 0.3632935881614685
10210.0 0.3519412875175476
10220.0 0.34047770500183105
10230.0 0.3290141224861145
10240.0 0.31754419207572937
10250.0 0.30607423186302185
10260.0 0.29545509815216064
10270.0 0.28483596444129944
10280.0 0.275306761264801
10290.0 0.2657775580883026
10300.0 0.255148708820343
10310.0 0.24451982975006104
10320.0 0.23392735421657562
10330.0 0.2233348786830902
10340.0 0.21107716858386993
10350.0 0.19881944358348846
10360.0 0.18665499985218048
10370.0 0.1744905412197113
10380.0 0.16797521710395813
10390.0 0.16145992279052734
10400.0 0.15690858662128448
10410.0 0.15235726535320282
10420.0 0.14829254150390625
10430.0 0.14422781765460968
10440.0 0.14012540876865387
10450.0 0.13602297008037567
10460.0 0.13207480311393738
10470.0 0.1281266212463379
10480.0 0.12444984912872314
10490.0 0.120773084461689
10500.0 0.11658308655023575
10510.0 0.1123930886387825
10520.0 0.10930246859788895
10530.0 0.1062118411064148
10540.0 0.1039595976471901
10550.0 0.10170736163854599
10560.0 0.10029549151659012
10570.0 0.09888362139463425
10580.0 0.09713545441627502
10590.0 0.0953872874379158
10600.0 0.0907789021730423
10610.0 0.08617054671049118
10620.0 0.0755443125963211
10630.0 0.06491805613040924
10640.0 0.05123494938015938
10650.0 0.03755183890461922
10660.0 0.027148379012942314
10670.0 0.01674491912126541
10680.0 0.011575820855796337
10690.0 0.006406731437891722
10700.0 0.0
10710.0 0.0
10720.0 0.0
10730.0 0.0
10740.0 0.0
10750.0 0.0
