decam/transmission_system/n4/r_decam_sdss_c0002_6415.0_1480.0/2012-09-12T00:00:00.ecsv
# %ECSV 1.0
# ---
# datatype:
# - {name: wavelength, unit: Angstrom, datatype: float64}
# - {name: throughput, datatype: float64}
# meta: !!omap
# - {MODE: DETECTOR}
# - {TYPE: transmission_system}
# - {CALIBDATE: '2012-09-12T00:00:00'}
# - {INSTRUME: DECam}
# - {OBSTYPE: transmission_system}
# - {CALIBCLS: lsst.ip.isr.IntermediateSystemTransmissionCurve}
# - {DETECTOR: 35}
# - {DETECTOR_NAME: N4}
# - {SOURCE: r_band_per_detector_throughput.fits}
# - {FILTER: r DECam SDSS c0002 6415.0 1480.0}
# - {CALIB_CREATION_DATE: '2012-09-12'}
# - {CALIB_CREATION_TIME: '00:00:00'}
# schema: astropy-2.0
wavelength throughput
5350.0 0.0
5360.0 0.0
5370.0 0.0
5380.0 0.0
5390.0 0.0
5400.0 0.0
5410.0 0.001128234900534153
5420.0 0.0013012191047891974
5430.0 0.0015992812113836408
5440.0 0.0018973536789417267
5450.0 0.002347754780203104
5460.0 0.002798155415803194
5470.0 0.0033184788189828396
5480.0 0.003838792210444808
5490.0 0.004558228887617588
5500.0 0.005277665331959724
5510.0 0.006217307411134243
5520.0 0.0071569387800991535
5530.0 0.008410366252064705
5540.0 0.009663802571594715
5550.0 0.011443297378718853
5560.0 0.013222800567746162
5570.0 0.015527311712503433
5580.0 0.0178318340331316
5590.0 0.0215731393545866
5600.0 0.025314437225461006
5610.0 0.035391081124544144
5620.0 0.045467719435691833
5630.0 0.08756901323795319
5640.0 0.12967032194137573
5650.0 0.2736203074455261
5660.0 0.4175702929496765
5670.0 0.5658559799194336
5680.0 0.7141416072845459
5690.0 0.7503849864006042
5700.0 0.7866283059120178
5710.0 0.7987935543060303
5720.0 0.8109588623046875
5730.0 0.8138061165809631
5740.0 0.8166533708572388
5750.0 0.8211183547973633
5760.0 0.8255833983421326
5770.0 0.833785891532898
5780.0 0.8419883251190186
5790.0 0.8452917337417603
5800.0 0.8485952019691467
5810.0 0.8507278561592102
5820.0 0.8528605103492737
5830.0 0.853545606136322
5840.0 0.8542307019233704
5850.0 0.8526952266693115
5860.0 0.8511598110198975
5870.0 0.8510728478431702
5880.0 0.8509858250617981
5890.0 0.8521758913993835
5900.0 0.8533658981323242
5910.0 0.8551938533782959
5920.0 0.8570219278335571
5930.0 0.8585100769996643
5940.0 0.8599982261657715
5950.0 0.8594579100608826
5960.0 0.8589175939559937
5970.0 0.859358012676239
5980.0 0.8597983717918396
5990.0 0.862779438495636
6000.0 0.8657605648040771
6010.0 0.8684993982315063
6020.0 0.8712382912635803
6030.0 0.869694709777832
6040.0 0.8707209825515747
6050.0 0.8704441785812378
6060.0 0.8701673150062561
6070.0 0.8711011409759521
6080.0 0.872035026550293
6090.0 0.8727717995643616
6100.0 0.8735085129737854
6110.0 0.8762043118476868
6120.0 0.8789000511169434
6130.0 0.8832071423530579
6140.0 0.8875142931938171
6150.0 0.8882308006286621
6160.0 0.8889472484588623
6170.0 0.888663113117218
6180.0 0.888378918170929
6190.0 0.8891779184341431
6200.0 0.889976978302002
6210.0 0.8907126784324646
6220.0 0.8914483189582825
6230.0 0.8926212787628174
6240.0 0.8937942981719971
6250.0 0.8962284326553345
6260.0 0.8986625671386719
6270.0 0.898636519908905
6280.0 0.8986104726791382
6290.0 0.8985198140144348
6300.0 0.898429274559021
6310.0 0.9006279110908508
6320.0 0.9028266072273254
6330.0 0.9033200740814209
6340.0 0.9038134813308716
6350.0 0.904184103012085
6360.0 0.9045547842979431
6370.0 0.907453179359436
6380.0 0.910351574420929
6390.0 0.9110840559005737
6400.0 0.9118165373802185
6410.0 0.9116781949996948
6420.0 0.9115398526191711
6430.0 0.9123304486274719
6440.0 0.9131209850311279
6450.0 0.912668764591217
6460.0 0.9122165441513062
6470.0 0.9119964241981506
6480.0 0.9117762446403503
6490.0 0.9136677384376526
6500.0 0.9155592918395996
6510.0 0.9165882468223572
6520.0 0.9176172018051147
6530.0 0.9181658625602722
6540.0 0.9187146425247192
6550.0 0.9206973314285278
6560.0 0.9226800799369812
6570.0 0.9240489602088928
6580.0 0.9254179000854492
6590.0 0.9253425598144531
6600.0 0.9252671599388123
6610.0 0.9256681203842163
6620.0 0.9260691404342651
6630.0 0.9264013767242432
6640.0 0.9267336130142212
6650.0 0.926577627658844
6660.0 0.9264216423034668
6670.0 0.9271292090415955
6680.0 0.9278367161750793
6690.0 0.9296644926071167
6700.0 0.931492269039154
6710.0 0.932283878326416
6720.0 0.9330754280090332
6730.0 0.9329515099525452
6740.0 0.9328276515007019
6750.0 0.9324486255645752
6760.0 0.932069718837738
6770.0 0.9320815801620483
6780.0 0.9320934414863586
6790.0 0.9328092336654663
6800.0 0.9335249662399292
6810.0 0.9339177012443542
6820.0 0.9343104958534241
6830.0 0.9349657297134399
6840.0 0.9356209635734558
6850.0 0.9351796507835388
6860.0 0.9347383379936218
6870.0 0.9336733818054199
6880.0 0.9326085448265076
6890.0 0.9328990578651428
6900.0 0.9331894516944885
6910.0 0.9323350191116333
6920.0 0.9314805865287781
6930.0 0.9307341575622559
6940.0 0.9299876093864441
6950.0 0.9300093054771423
6960.0 0.9300310015678406
6970.0 0.9299779534339905
6980.0 0.9299249649047852
6990.0 0.928804337978363
7000.0 0.9276837110519409
7010.0 0.9277339577674866
7020.0 0.9277843236923218
7030.0 0.9271381497383118
7040.0 0.9264920353889465
7050.0 0.9225972890853882
7060.0 0.9187024831771851
7070.0 0.9153582453727722
7080.0 0.9120139479637146
7090.0 0.9041050672531128
7100.0 0.896196186542511
7110.0 0.8734521269798279
7120.0 0.8507080078125
7130.0 0.8404595851898193
7140.0 0.8302112221717834
7150.0 0.7836748957633972
7160.0 0.7371384501457214
7170.0 0.5797419548034668
7180.0 0.42234551906585693
7190.0 0.287561297416687
7200.0 0.1527770757675171
7210.0 0.09865168482065201
7220.0 0.04452629014849663
7230.0 0.03385963290929794
7240.0 0.023192984983325005
7250.0 0.015106497332453728
7260.0 0.007020021788775921
7270.0 0.004814906511455774
7280.0 0.002609801245853305
7290.0 0.0019199723610654473
7300.0 0.0012301539536565542
7310.0 0.0010118285426869988
7320.0 0.0007935030153021216
7330.0 0.0006544364732690156
7340.0 0.0005153802921995521
7350.0 0.0
7360.0 0.0
7370.0 0.0
7380.0 0.0
7390.0 0.0
7400.0 0.0
