decam/transmission_system/s20/i_decam_sdss_c0003_7835.0_1470.0/2012-09-12T00:00:00.ecsv
# %ECSV 1.0
# ---
# datatype:
# - {name: wavelength, unit: Angstrom, datatype: float64}
# - {name: throughput, datatype: float64}
# meta: !!omap
# - {MODE: DETECTOR}
# - {TYPE: transmission_system}
# - {CALIBDATE: '2012-09-12T00:00:00'}
# - {INSTRUME: DECam}
# - {OBSTYPE: transmission_system}
# - {CALIBCLS: lsst.ip.isr.IntermediateSystemTransmissionCurve}
# - {DETECTOR: 8}
# - {DETECTOR_NAME: S20}
# - {SOURCE: i_band_per_detector_throughput.fits}
# - {FILTER: i DECam SDSS c0003 7835.0 1470.0}
# - {CALIB_CREATION_DATE: '2012-09-12'}
# - {CALIB_CREATION_TIME: '00:00:00'}
# schema: astropy-2.0
wavelength throughput
6700.0 0.0
6710.0 0.0
6720.0 0.0
6730.0 0.0
6740.0 0.0
6750.0 0.0
6760.0 0.0010556535562500358
6770.0 0.001220921752974391
6780.0 0.0013861794723197818
6790.0 0.0015488824574276805
6800.0 0.0017115750815719366
6810.0 0.0019347711931914091
6820.0 0.0021579673048108816
6830.0 0.0024331719614565372
6840.0 0.002708365907892585
6850.0 0.003066267119720578
6860.0 0.00342415738850832
6870.0 0.003858918324112892
6880.0 0.0042936792597174644
6890.0 0.004815353080630302
6900.0 0.005337016191333532
6910.0 0.005967940669506788
6920.0 0.006598854903131723
6930.0 0.007524965330958366
6940.0 0.008451065048575401
6950.0 0.009824979119002819
6960.0 0.011198904365301132
6970.0 0.013703328557312489
6980.0 0.016207752749323845
6990.0 0.021858209744095802
7000.0 0.027508670464158058
7010.0 0.04061291366815567
7020.0 0.05371716618537903
7030.0 0.08075152337551117
7040.0 0.10778587311506271
7050.0 0.15551699697971344
7060.0 0.20324812829494476
7070.0 0.27436575293540955
7080.0 0.34548336267471313
7090.0 0.4348420798778534
7100.0 0.5242007970809937
7110.0 0.6156712770462036
7120.0 0.7071417570114136
7130.0 0.780871570110321
7140.0 0.8546013832092285
7150.0 0.898885190486908
7160.0 0.9431688785552979
7170.0 0.9610737562179565
7180.0 0.9789785742759705
7190.0 0.9790958166122437
7200.0 0.9792129397392273
7210.0 0.9760744571685791
7220.0 0.9729360342025757
7230.0 0.9745772480964661
7240.0 0.9762183427810669
7250.0 0.9830929636955261
7260.0 0.9899675846099854
7270.0 0.9980053901672363
7280.0 1.0060431957244873
7290.0 1.0083041191101074
7300.0 1.0105650424957275
7310.0 1.0063787698745728
7320.0 1.002192497253418
7330.0 0.9960116744041443
7340.0 0.989830732345581
7350.0 0.9875687956809998
7360.0 0.9853067994117737
7370.0 0.9880211353302002
7380.0 0.9907353520393372
7390.0 0.9964099526405334
7400.0 1.0020843744277954
7410.0 1.0057854652404785
7420.0 1.009486436843872
7430.0 1.010231614112854
7440.0 1.010976791381836
7450.0 1.0100167989730835
7460.0 1.009056806564331
7470.0 1.0081735849380493
7480.0 1.0072903633117676
7490.0 1.0079870223999023
7500.0 1.0086838006973267
7510.0 1.0097413063049316
7520.0 1.010798692703247
7530.0 1.0113180875778198
7540.0 1.0118374824523926
7550.0 1.0102146863937378
7560.0 1.0085917711257935
7570.0 1.0056523084640503
7580.0 1.0027127265930176
7590.0 0.9925422072410583
7600.0 0.9823715686798096
7610.0 0.9835767149925232
7620.0 0.984781801700592
7630.0 0.9856953024864197
7640.0 0.9866087436676025
7650.0 0.989570140838623
7660.0 0.9925315380096436
7670.0 0.994004487991333
7680.0 0.9954774975776672
7690.0 0.9961224794387817
7700.0 0.996767520904541
7710.0 0.9987284541130066
7720.0 1.0006893873214722
7730.0 1.0035710334777832
7740.0 1.0064525604248047
7750.0 1.0115349292755127
7760.0 1.0166172981262207
7770.0 1.0185579061508179
7780.0 1.0204986333847046
7790.0 1.0199408531188965
7800.0 1.0193830728530884
7810.0 1.0171635150909424
7820.0 1.0149438381195068
7830.0 1.0135619640350342
7840.0 1.0121800899505615
7850.0 1.0139814615249634
7860.0 1.0157829523086548
7870.0 1.01823091506958
7880.0 1.0206787586212158
7890.0 1.0194482803344727
7900.0 1.0182178020477295
7910.0 1.0122891664505005
7920.0 1.0063605308532715
7930.0 0.997589647769928
7940.0 0.9888186454772949
7950.0 0.980217695236206
7960.0 0.971616804599762
7970.0 0.9693567752838135
7980.0 0.967096745967865
7990.0 0.9735900163650513
8000.0 0.9800833463668823
8010.0 0.9887077212333679
8020.0 0.9973320960998535
8030.0 1.00322425365448
8040.0 1.0091164112091064
8050.0 1.0097286701202393
8060.0 1.0103410482406616
8070.0 1.0077794790267944
8080.0 1.0052179098129272
8090.0 0.9971227645874023
8100.0 0.9890276193618774
8110.0 0.9749189019203186
8120.0 0.9819222092628479
8130.0 0.9834627509117126
8140.0 0.9850033521652222
8150.0 0.9912883043289185
8160.0 0.9975732564926147
8170.0 1.01353120803833
8180.0 1.0116448402404785
8190.0 1.0075336694717407
8200.0 0.9998477101325989
8210.0 0.9921616911888123
8220.0 0.9824527502059937
8230.0 0.9727438688278198
8240.0 0.9684885740280151
8250.0 0.9642332792282104
8260.0 0.9676233530044556
8270.0 0.9710133671760559
8280.0 0.9783247113227844
8290.0 0.9856359362602234
8300.0 0.9929472208023071
8310.0 1.0154379606246948
8320.0 1.01835036277771
8330.0 1.021262764930725
8340.0 1.0241751670837402
8350.0 1.0138487815856934
8360.0 1.0074399709701538
8370.0 1.0010311603546143
8380.0 0.9946224093437195
8390.0 0.9860149621963501
8400.0 0.9802806377410889
8410.0 0.9801079630851746
8420.0 0.9799352884292603
8430.0 0.9819351434707642
8440.0 0.988476037979126
8450.0 0.9899624586105347
8460.0 0.9914487600326538
8470.0 1.0003868341445923
8480.0 1.0093250274658203
8490.0 1.0155948400497437
8500.0 1.0218647718429565
8510.0 1.0076247453689575
8520.0 0.9933847784996033
8530.0 0.926044762134552
8540.0 0.858704686164856
8550.0 0.7239472270011902
8560.0 0.5891897678375244
8570.0 0.3085099756717682
8580.0 0.31898459792137146
8590.0 0.12815117835998535
8600.0 0.13118915259838104
8610.0 0.0456777885556221
8620.0 0.047411806881427765
8630.0 0.0156684760004282
8640.0 0.016541196033358574
8650.0 0.00646178238093853
8660.0 0.006124724633991718
8670.0 0.0028359259013086557
8680.0 0.00230119819752872
8690.0 0.001766470610164106
8700.0 0.0
8710.0 0.0
8720.0 0.0
8730.0 0.0
8740.0 0.0
8750.0 0.0
