decam/transmission_system/s12/i_decam_sdss_c0003_7835.0_1470.0/2012-09-12T00:00:00.ecsv
# %ECSV 1.0
# ---
# datatype:
# - {name: wavelength, unit: Angstrom, datatype: float64}
# - {name: throughput, datatype: float64}
# meta: !!omap
# - {MODE: DETECTOR}
# - {TYPE: transmission_system}
# - {CALIBDATE: '2012-09-12T00:00:00'}
# - {INSTRUME: DECam}
# - {OBSTYPE: transmission_system}
# - {CALIBCLS: lsst.ip.isr.IntermediateSystemTransmissionCurve}
# - {DETECTOR: 23}
# - {DETECTOR_NAME: S12}
# - {SOURCE: i_band_per_detector_throughput.fits}
# - {FILTER: i DECam SDSS c0003 7835.0 1470.0}
# - {CALIB_CREATION_DATE: '2012-09-12'}
# - {CALIB_CREATION_TIME: '00:00:00'}
# schema: astropy-2.0
wavelength throughput
6700.0 0.0
6710.0 0.0
6720.0 0.0
6730.0 0.0
6740.0 0.0
6750.0 0.0
6760.0 0.0007884870865382254
6770.0 0.000905973429325968
6780.0 0.0010234701912850142
6790.0 0.0011333442525938153
6800.0 0.001243228791281581
6810.0 0.0013883499195799232
6820.0 0.001533460570499301
6830.0 0.0017135170055553317
6840.0 0.0018935735570266843
6850.0 0.0021733581088483334
6860.0 0.002453132066875696
6870.0 0.002816869178786874
6880.0 0.003180606523528695
6890.0 0.0036736486945301294
6900.0 0.004166700877249241
6910.0 0.004874672275036573
6920.0 0.0055826338939368725
6930.0 0.006809318903833628
6940.0 0.00803599413484335
6950.0 0.010493135079741478
6960.0 0.012950264848768711
6970.0 0.01871694251894951
6980.0 0.02448362112045288
6990.0 0.03788861632347107
7000.0 0.05129362642765045
7010.0 0.07892072945833206
7020.0 0.10654786229133606
7030.0 0.154643714427948
7040.0 0.20273959636688232
7050.0 0.2741962969303131
7060.0 0.3456529974937439
7070.0 0.433171808719635
7080.0 0.5206906199455261
7090.0 0.6066523194313049
7100.0 0.6926140785217285
7110.0 0.7615494132041931
7120.0 0.8304848074913025
7130.0 0.8750427961349487
7140.0 0.9196009039878845
7150.0 0.9417303204536438
7160.0 0.9638597369194031
7170.0 0.9731085896492004
7180.0 0.982357382774353
7190.0 0.9837333559989929
7200.0 0.9851092100143433
7210.0 0.9850488901138306
7220.0 0.9849885106086731
7230.0 0.9865930080413818
7240.0 0.988197386264801
7250.0 0.9920496940612793
7260.0 0.9959020614624023
7270.0 1.0004223585128784
7280.0 1.004942774772644
7290.0 1.0069878101348877
7300.0 1.0090327262878418
7310.0 1.0080150365829468
7320.0 1.0069972276687622
7330.0 1.003693699836731
7340.0 1.0003900527954102
7350.0 0.9981277585029602
7360.0 0.9958654642105103
7370.0 0.9965947866439819
7380.0 0.9973239898681641
7390.0 1.0012253522872925
7400.0 1.005126714706421
7410.0 1.0083692073822021
7420.0 1.011611819267273
7430.0 1.0128623247146606
7440.0 1.0141128301620483
7450.0 1.0130836963653564
7460.0 1.012054681777954
7470.0 1.0103471279144287
7480.0 1.0086396932601929
7490.0 1.0084725618362427
7500.0 1.0083054304122925
7510.0 1.008988618850708
7520.0 1.009671926498413
7530.0 1.0107289552688599
7540.0 1.0117859840393066
7550.0 1.010807752609253
7560.0 1.0098295211791992
7570.0 1.007259726524353
7580.0 1.0046898126602173
7590.0 0.9945962429046631
7600.0 0.9845027327537537
7610.0 0.9859049916267395
7620.0 0.9873071908950806
7630.0 0.9887340068817139
7640.0 0.9901608824729919
7650.0 0.9940657615661621
7660.0 0.9979706406593323
7670.0 0.9997223019599915
7680.0 1.0014740228652954
7690.0 1.0012468099594116
7700.0 1.0010197162628174
7710.0 1.0011979341506958
7720.0 1.0013762712478638
7730.0 1.0020978450775146
7740.0 1.0028194189071655
7750.0 1.0062023401260376
7760.0 1.0095851421356201
7770.0 1.0113862752914429
7780.0 1.0131874084472656
7790.0 1.0136003494262695
7800.0 1.014013409614563
7810.0 1.012681007385254
7820.0 1.0113484859466553
7830.0 1.0096441507339478
7840.0 1.0079398155212402
7850.0 1.0079975128173828
7860.0 1.0080550909042358
7870.0 1.0086543560028076
7880.0 1.0092535018920898
7890.0 1.0077775716781616
7900.0 1.0063016414642334
7910.0 1.0025215148925781
7920.0 0.9987414479255676
7930.0 0.993194580078125
7940.0 0.9876477718353271
7950.0 0.9813147783279419
7960.0 0.9749817252159119
7970.0 0.9721271991729736
7980.0 0.969272792339325
7990.0 0.9726062417030334
8000.0 0.9759397506713867
8010.0 0.9816678166389465
8020.0 0.9873958230018616
8030.0 0.9909678101539612
8040.0 0.994539737701416
8050.0 0.9953293800354004
8060.0 0.9961190819740295
8070.0 0.996570885181427
8080.0 0.9970226287841797
8090.0 0.9922682642936707
8100.0 0.9875138998031616
8110.0 0.9754664301872253
8120.0 0.9818580150604248
8130.0 0.9808870553970337
8140.0 0.9799160361289978
8150.0 0.9818403124809265
8160.0 0.9837645888328552
8170.0 0.992794394493103
8180.0 0.9922599792480469
8190.0 0.9887694120407104
8200.0 0.985068142414093
8210.0 0.9813668727874756
8220.0 0.9758428335189819
8230.0 0.9703187942504883
8240.0 0.9677281975746155
8250.0 0.9651375412940979
8260.0 0.9661034345626831
8270.0 0.9670693278312683
8280.0 0.9714842438697815
8290.0 0.9758991599082947
8300.0 0.9803140759468079
8310.0 0.9956656098365784
8320.0 0.9992349743843079
8330.0 1.0028043985366821
8340.0 1.0063738822937012
8350.0 1.0052077770233154
8360.0 1.0020748376846313
8370.0 0.9989418387413025
8380.0 0.9958088397979736
8390.0 0.9926981925964355
8400.0 0.9868057370185852
8410.0 0.9866340756416321
8420.0 0.9864624738693237
8430.0 0.9854593276977539
8440.0 0.9921815395355225
8450.0 0.9915926456451416
8460.0 0.9910037517547607
8470.0 0.9972928166389465
8480.0 1.0035818815231323
8490.0 1.0070971250534058
8500.0 1.0106122493743896
8510.0 0.9970435500144958
8520.0 0.9834747314453125
8530.0 0.9279356598854065
8540.0 0.8723966479301453
8550.0 0.749855637550354
8560.0 0.627314567565918
8570.0 0.34901973605155945
8580.0 0.34890004992485046
8590.0 0.1463693529367447
8600.0 0.14431613683700562
8610.0 0.052606578916311264
8620.0 0.05267798528075218
8630.0 0.01882581040263176
8640.0 0.019127869978547096
8650.0 0.007598553784191608
8660.0 0.007680969778448343
8670.0 0.003413980361074209
8680.0 0.0028424060437828302
8690.0 0.002270842669531703
8700.0 0.0
8710.0 0.0
8720.0 0.0
8730.0 0.0
8740.0 0.0
8750.0 0.0
