decam/transmission_system/n3/r_decam_sdss_c0002_6415.0_1480.0/2012-09-12T00:00:00.ecsv
# %ECSV 1.0
# ---
# datatype:
# - {name: wavelength, unit: Angstrom, datatype: float64}
# - {name: throughput, datatype: float64}
# meta: !!omap
# - {MODE: DETECTOR}
# - {TYPE: transmission_system}
# - {CALIBDATE: '2012-09-12T00:00:00'}
# - {INSTRUME: DECam}
# - {OBSTYPE: transmission_system}
# - {CALIBCLS: lsst.ip.isr.IntermediateSystemTransmissionCurve}
# - {DETECTOR: 34}
# - {DETECTOR_NAME: N3}
# - {SOURCE: r_band_per_detector_throughput.fits}
# - {FILTER: r DECam SDSS c0002 6415.0 1480.0}
# - {CALIB_CREATION_DATE: '2012-09-12'}
# - {CALIB_CREATION_TIME: '00:00:00'}
# schema: astropy-2.0
wavelength throughput
5350.0 0.0
5360.0 0.0
5370.0 0.0
5380.0 0.0
5390.0 0.0
5400.0 0.0
5410.0 0.0015998836606740952
5420.0 0.0018096620915457606
5430.0 0.002149181440472603
5440.0 0.002488700905814767
5450.0 0.002921509323641658
5460.0 0.0033543179742991924
5470.0 0.0038370992988348007
5480.0 0.004319891333580017
5490.0 0.005068198312073946
5500.0 0.005816516000777483
5510.0 0.006809692829847336
5520.0 0.007802859414368868
5530.0 0.009054219350218773
5540.0 0.010305579751729965
5550.0 0.011968303471803665
5560.0 0.013631016947329044
5570.0 0.015849653631448746
5580.0 0.018068300560116768
5590.0 0.021783242002129555
5600.0 0.025498170405626297
5610.0 0.03515370935201645
5620.0 0.04480923339724541
5630.0 0.08188942074775696
5640.0 0.11896960437297821
5650.0 0.23655517399311066
5660.0 0.3541407287120819
5670.0 0.5117512345314026
5680.0 0.6693618297576904
5690.0 0.733773410320282
5700.0 0.7981849908828735
5710.0 0.8096824884414673
5720.0 0.8211799263954163
5730.0 0.8239023089408875
5740.0 0.8266246914863586
5750.0 0.8302286863327026
5760.0 0.8338327407836914
5770.0 0.8400594592094421
5780.0 0.8462862372398376
5790.0 0.8494009375572205
5800.0 0.8525155186653137
5810.0 0.8563696146011353
5820.0 0.8602235913276672
5830.0 0.861929714679718
5840.0 0.863635778427124
5850.0 0.8623198866844177
5860.0 0.8610040545463562
5870.0 0.8595829010009766
5880.0 0.8581617474555969
5890.0 0.8584022521972656
5900.0 0.8586428761482239
5910.0 0.8610820174217224
5920.0 0.8635212779045105
5930.0 0.8654681444168091
5940.0 0.8674150109291077
5950.0 0.8664843440055847
5960.0 0.8655536770820618
5970.0 0.8657452464103699
5980.0 0.8659368753433228
5990.0 0.8687448501586914
6000.0 0.8715528249740601
6010.0 0.8737451434135437
6020.0 0.8759374022483826
6030.0 0.8768818974494934
6040.0 0.877617597579956
6050.0 0.8777766227722168
6060.0 0.8779356479644775
6070.0 0.8774622678756714
6080.0 0.8769888281822205
6090.0 0.8768874406814575
6100.0 0.8767859935760498
6110.0 0.8796133995056152
6120.0 0.8824407458305359
6130.0 0.8863481879234314
6140.0 0.8902556896209717
6150.0 0.8909185528755188
6160.0 0.8915813565254211
6170.0 0.8920591473579407
6180.0 0.8925369381904602
6190.0 0.8930436968803406
6200.0 0.8935503363609314
6210.0 0.8934527039527893
6220.0 0.8933550119400024
6230.0 0.8944158554077148
6240.0 0.8954766392707825
6250.0 0.8969389796257019
6260.0 0.8984013199806213
6270.0 0.8982211351394653
6280.0 0.8980408906936646
6290.0 0.8988576531410217
6300.0 0.8996743559837341
6310.0 0.9013904929161072
6320.0 0.9031066298484802
6330.0 0.9025381207466125
6340.0 0.9019696712493896
6350.0 0.9028782844543457
6360.0 0.9037868976593018
6370.0 0.9065472483634949
6380.0 0.9093075394630432
6390.0 0.9097015857696533
6400.0 0.9100955724716187
6410.0 0.9107083082199097
6420.0 0.9113211035728455
6430.0 0.9118810296058655
6440.0 0.912441074848175
6450.0 0.9116383790969849
6460.0 0.9108356833457947
6470.0 0.9108093976974487
6480.0 0.910783052444458
6490.0 0.9119454026222229
6500.0 0.913107693195343
6510.0 0.912800133228302
6520.0 0.912492573261261
6530.0 0.9131472706794739
6540.0 0.913801908493042
6550.0 0.9160845279693604
6560.0 0.9183670878410339
6570.0 0.9194474220275879
6580.0 0.9205276966094971
6590.0 0.920457124710083
6600.0 0.9203864932060242
6610.0 0.920547366142273
6620.0 0.9207082390785217
6630.0 0.9205155372619629
6640.0 0.920322835445404
6650.0 0.9195462465286255
6660.0 0.9187696576118469
6670.0 0.9198185801506042
6680.0 0.9208675026893616
6690.0 0.9227768182754517
6700.0 0.9246860146522522
6710.0 0.9253249764442444
6720.0 0.9259639382362366
6730.0 0.9257511496543884
6740.0 0.9255383610725403
6750.0 0.9247852563858032
6760.0 0.9240322113037109
6770.0 0.9236317276954651
6780.0 0.9232313632965088
6790.0 0.9236999154090881
6800.0 0.9241684079170227
6810.0 0.9245052337646484
6820.0 0.9248420000076294
6830.0 0.9251539707183838
6840.0 0.9254658818244934
6850.0 0.924991250038147
6860.0 0.9245166182518005
6870.0 0.9236618280410767
6880.0 0.922806978225708
6890.0 0.922771692276001
6900.0 0.9227363467216492
6910.0 0.9214844703674316
6920.0 0.9202325344085693
6930.0 0.9192558526992798
6940.0 0.918279230594635
6950.0 0.9180006384849548
6960.0 0.9177221059799194
6970.0 0.9171731472015381
6980.0 0.9166241884231567
6990.0 0.9158427715301514
7000.0 0.915061354637146
7010.0 0.9158565402030945
7020.0 0.9166516065597534
7030.0 0.9157106876373291
7040.0 0.9147696495056152
7050.0 0.9120407700538635
7060.0 0.909311830997467
7070.0 0.9071018695831299
7080.0 0.9048919081687927
7090.0 0.8956453204154968
7100.0 0.8863986730575562
7110.0 0.8734228610992432
7120.0 0.8604469895362854
7130.0 0.8510634899139404
7140.0 0.8416799306869507
7150.0 0.7587215900421143
7160.0 0.6757632493972778
7170.0 0.503040611743927
7180.0 0.3303179442882538
7190.0 0.21990089118480682
7200.0 0.10948380827903748
7210.0 0.06996635347604752
7220.0 0.030448902398347855
7230.0 0.023225894197821617
7240.0 0.01600288599729538
7250.0 0.0105223273858428
7260.0 0.0050417580641806126
7270.0 0.003545257728546858
7280.0 0.0020487476140260696
7290.0 0.001541955629363656
7300.0 0.0010351534001529217
7310.0 0.0008628649520687759
7320.0 0.000690576562192291
7330.0 0.000578521576244384
7340.0 0.0004664665611926466
7350.0 0.0
7360.0 0.0
7370.0 0.0
7380.0 0.0
7390.0 0.0
7400.0 0.0
