decam/transmission_system/n4/y_decam_c0005_10095.0_1130.0/2012-09-12T00:00:00.ecsv
# %ECSV 1.0
# ---
# datatype:
# - {name: wavelength, unit: Angstrom, datatype: float64}
# - {name: throughput, datatype: float64}
# meta: !!omap
# - {MODE: DETECTOR}
# - {TYPE: transmission_system}
# - {CALIBDATE: '2012-09-12T00:00:00'}
# - {INSTRUME: DECam}
# - {OBSTYPE: transmission_system}
# - {CALIBCLS: lsst.ip.isr.IntermediateSystemTransmissionCurve}
# - {DETECTOR: 35}
# - {DETECTOR_NAME: N4}
# - {SOURCE: Y_band_per_detector_throughput.fits}
# - {FILTER: Y DECam c0005 10095.0 1130.0}
# - {CALIB_CREATION_DATE: '2012-09-12'}
# - {CALIB_CREATION_TIME: '00:00:00'}
# schema: astropy-2.0
wavelength throughput
9250.0 0.0
9260.0 0.0
9270.0 0.0
9280.0 0.0
9290.0 0.0
9300.0 0.0
9310.0 0.00541921379044652
9320.0 0.0063900426030159
9330.0 0.007360860239714384
9340.0 0.008502834476530552
9350.0 0.009644809179008007
9360.0 0.010938914492726326
9370.0 0.012233030050992966
9380.0 0.01427900418639183
9390.0 0.0163249671459198
9400.0 0.019805507734417915
9410.0 0.023286033421754837
9420.0 0.029776085168123245
9430.0 0.036266133189201355
9440.0 0.05067835748195648
9450.0 0.0650905892252922
9460.0 0.0660620704293251
9470.0 0.13501180708408356
9480.0 0.1389775276184082
9490.0 0.2894887626171112
9500.0 0.2964877784252167
9510.0 0.5336045026779175
9520.0 0.6350885033607483
9530.0 0.7365725636482239
9540.0 0.7774726748466492
9550.0 0.8183727860450745
9560.0 0.829591691493988
9570.0 0.8408107161521912
9580.0 0.8424815535545349
9590.0 0.8441524505615234
9600.0 0.8427315950393677
9610.0 0.8413106799125671
9620.0 0.8386264443397522
9630.0 0.8359422087669373
9640.0 0.8346656560897827
9650.0 0.8333890438079834
9660.0 0.8319951891899109
9670.0 0.8306012153625488
9680.0 0.8273609280586243
9690.0 0.8241205811500549
9700.0 0.8218668699264526
9710.0 0.8196131587028503
9720.0 0.8110131025314331
9730.0 0.8024129271507263
9740.0 0.7966604828834534
9750.0 0.7909080386161804
9760.0 0.7849424481391907
9770.0 0.7789768576622009
9780.0 0.7729349732398987
9790.0 0.766893208026886
9800.0 0.7615568041801453
9810.0 0.7562203407287598
9820.0 0.7508856058120728
9830.0 0.7455509305000305
9840.0 0.7384994029998779
9850.0 0.7314478754997253
9860.0 0.7245014309883118
9870.0 0.7175548672676086
9880.0 0.7079494595527649
9890.0 0.6983439922332764
9900.0 0.6896583437919617
9910.0 0.6809726357460022
9920.0 0.6713255643844604
9930.0 0.6616784930229187
9940.0 0.6540473699569702
9950.0 0.6464162468910217
9960.0 0.6369727253913879
9970.0 0.6275292634963989
9980.0 0.6182807087898254
9990.0 0.609032154083252
10000.0 0.5984802842140198
10010.0 0.5879284739494324
10020.0 0.5768007636070251
10030.0 0.5656730532646179
10040.0 0.5539650917053223
10050.0 0.5422570705413818
10060.0 0.5314770340919495
10070.0 0.5206969380378723
10080.0 0.5088735222816467
10090.0 0.4970501661300659
10100.0 0.4846004247665405
10110.0 0.47215065360069275
10120.0 0.4606007933616638
10130.0 0.4490509033203125
10140.0 0.4371095895767212
10150.0 0.42516830563545227
10160.0 0.4138272702693939
10170.0 0.40248626470565796
10180.0 0.3902682662010193
10190.0 0.3780503273010254
10200.0 0.3667588233947754
10210.0 0.3554673492908478
10220.0 0.3440576493740082
10230.0 0.3326479196548462
10240.0 0.32123684883117676
10250.0 0.3098257780075073
10260.0 0.29915758967399597
10270.0 0.2884894013404846
10280.0 0.27888253331184387
10290.0 0.26927563548088074
10300.0 0.25863170623779297
10310.0 0.247987762093544
10320.0 0.23761707544326782
10330.0 0.22724640369415283
10340.0 0.21562351286411285
10350.0 0.20400060713291168
10360.0 0.1914432942867279
10370.0 0.17888595163822174
10380.0 0.1715240180492401
10390.0 0.16416208446025848
10400.0 0.15939176082611084
10410.0 0.1546214520931244
10420.0 0.15026521682739258
10430.0 0.14590898156166077
10440.0 0.14143653213977814
10450.0 0.13696406781673431
10460.0 0.13263942301273346
10470.0 0.12831474840641022
10480.0 0.12437120079994202
10490.0 0.12042763829231262
10500.0 0.11601793766021729
10510.0 0.11160824447870255
10520.0 0.10835342109203339
10530.0 0.10509859770536423
10540.0 0.10264322906732559
10550.0 0.10018785297870636
10560.0 0.09847290813922882
10570.0 0.09675797075033188
10580.0 0.09461868554353714
10590.0 0.0924794003367424
10600.0 0.08796033263206482
10610.0 0.08344127237796783
10620.0 0.07338786125183105
10630.0 0.06333443522453308
10640.0 0.05023105442523956
10650.0 0.037127673625946045
10660.0 0.026998721063137054
10670.0 0.01686977967619896
10680.0 0.011748576536774635
10690.0 0.006627372466027737
10700.0 0.0
10710.0 0.0
10720.0 0.0
10730.0 0.0
10740.0 0.0
10750.0 0.0
