decam/transmission_system/n7/g_decam_sdss_c0001_4720.0_1520.0/2012-09-12T00:00:00.ecsv
# %ECSV 1.0
# ---
# datatype:
# - {name: wavelength, unit: Angstrom, datatype: float64}
# - {name: throughput, datatype: float64}
# meta: !!omap
# - {MODE: DETECTOR}
# - {TYPE: transmission_system}
# - {CALIBDATE: '2012-09-12T00:00:00'}
# - {INSTRUME: DECam}
# - {OBSTYPE: transmission_system}
# - {CALIBCLS: lsst.ip.isr.IntermediateSystemTransmissionCurve}
# - {DETECTOR: 38}
# - {DETECTOR_NAME: N7}
# - {SOURCE: g_band_per_detector_throughput.fits}
# - {FILTER: g DECam SDSS c0001 4720.0 1520.0}
# - {CALIB_CREATION_DATE: '2012-09-12'}
# - {CALIB_CREATION_TIME: '00:00:00'}
# schema: astropy-2.0
wavelength throughput
3750.0 0.0
3760.0 0.0
3770.0 0.0
3780.0 0.0
3790.0 0.0
3800.0 0.0
3810.0 0.0010695798555389047
3820.0 0.0011485584545880556
3830.0 0.0012023012386634946
3840.0 0.001648921868763864
3850.0 0.0019742343574762344
3860.0 0.0022995469626039267
3870.0 0.0025948570109903812
3880.0 0.002890156814828515
3890.0 0.0034649812150746584
3900.0 0.004039805848151445
3910.0 0.004093102179467678
3920.0 0.007647218182682991
3930.0 0.016930492594838142
3940.0 0.02621377445757389
3950.0 0.02665175497531891
3960.0 0.15242528915405273
3970.0 0.24267543852329254
3980.0 0.33292558789253235
3990.0 0.3321945369243622
4000.0 0.3566392958164215
4010.0 0.3715534508228302
4020.0 0.3864675760269165
4030.0 0.39265379309654236
4040.0 0.3944234251976013
4050.0 0.3958209753036499
4060.0 0.4076676666736603
4070.0 0.4111425280570984
4080.0 0.42259681224823
4090.0 0.4228968620300293
4100.0 0.4310467541217804
4110.0 0.43606069684028625
4120.0 0.4410746693611145
4130.0 0.44366344809532166
4140.0 0.44946447014808655
4150.0 0.45175260305404663
4160.0 0.4670024812221527
4170.0 0.4737618863582611
4180.0 0.4805212914943695
4190.0 0.48156532645225525
4200.0 0.4826424717903137
4210.0 0.4826372563838959
4220.0 0.49276643991470337
4230.0 0.4927320182323456
4240.0 0.5089871287345886
4250.0 0.5148374438285828
4260.0 0.5206878185272217
4270.0 0.5238790512084961
4280.0 0.5338529348373413
4290.0 0.5336843729019165
4300.0 0.5441584587097168
4310.0 0.5482165217399597
4320.0 0.5522746443748474
4330.0 0.5575206279754639
4340.0 0.5627666711807251
4350.0 0.568052351474762
4360.0 0.5733380317687988
4370.0 0.5783979892730713
4380.0 0.5834579467773438
4390.0 0.5904465913772583
4400.0 0.5974352359771729
4410.0 0.6012046933174133
4420.0 0.6049741506576538
4430.0 0.6083053350448608
4440.0 0.6116364002227783
4450.0 0.6151575446128845
4460.0 0.6186787486076355
4470.0 0.6204712986946106
4480.0 0.6222638487815857
4490.0 0.6255039572715759
4500.0 0.6287439465522766
4510.0 0.6320636868476868
4520.0 0.6353833675384521
4530.0 0.6396949887275696
4540.0 0.6440066695213318
4550.0 0.6462497115135193
4560.0 0.6484927535057068
4570.0 0.6489341855049133
4580.0 0.6493756175041199
4590.0 0.6538965702056885
4600.0 0.6584174633026123
4610.0 0.6617909073829651
4620.0 0.6651643514633179
4630.0 0.6677377223968506
4640.0 0.6703110337257385
4650.0 0.6722412109375
4660.0 0.6741713285446167
4670.0 0.6734721064567566
4680.0 0.6727728843688965
4690.0 0.674254834651947
4700.0 0.6757368445396423
4710.0 0.678220808506012
4720.0 0.6807047724723816
4730.0 0.6848063468933105
4740.0 0.6889078617095947
4750.0 0.6925687789916992
4760.0 0.6962295770645142
4770.0 0.696316659450531
4780.0 0.6964037418365479
4790.0 0.6976532340049744
4800.0 0.6989026665687561
4810.0 0.7006394863128662
4820.0 0.7023763060569763
4830.0 0.7023781538009644
4840.0 0.7023800015449524
4850.0 0.7031981945037842
4860.0 0.7040163278579712
4870.0 0.7070707678794861
4880.0 0.7101251482963562
4890.0 0.7135645747184753
4900.0 0.7170040607452393
4910.0 0.7179754972457886
4920.0 0.7189469337463379
4930.0 0.7167218923568726
4940.0 0.7144968509674072
4950.0 0.7160217761993408
4960.0 0.7175466418266296
4970.0 0.7237036824226379
4980.0 0.7298607230186462
4990.0 0.7319149374961853
5000.0 0.7339692115783691
5010.0 0.7358942627906799
5020.0 0.7378193736076355
5030.0 0.739067554473877
5040.0 0.740315854549408
5050.0 0.7417036890983582
5060.0 0.7430915832519531
5070.0 0.7451154589653015
5080.0 0.7471392750740051
5090.0 0.7486758232116699
5100.0 0.7502124309539795
5110.0 0.7502349019050598
5120.0 0.7502573728561401
5130.0 0.7514168620109558
5140.0 0.7525764107704163
5150.0 0.7557176351547241
5160.0 0.758858859539032
5170.0 0.7608801126480103
5180.0 0.7629013061523438
5190.0 0.7652732729911804
5200.0 0.7676452398300171
5210.0 0.7708497047424316
5220.0 0.7740541696548462
5230.0 0.7773536443710327
5240.0 0.780653178691864
5250.0 0.7831649780273438
5260.0 0.7856768369674683
5270.0 0.7865205407142639
5280.0 0.7873642444610596
5290.0 0.7884070873260498
5300.0 0.7894500494003296
5310.0 0.7917676568031311
5320.0 0.7940853238105774
5330.0 0.7955566644668579
5340.0 0.797028124332428
5350.0 0.7974973917007446
5360.0 0.7979666590690613
5370.0 0.7926526665687561
5380.0 0.7873386144638062
5390.0 0.7828792333602905
5400.0 0.7784198522567749
5410.0 0.7823168039321899
5420.0 0.7862136960029602
5430.0 0.7833859324455261
5440.0 0.7805581092834473
5450.0 0.6756632924079895
5460.0 0.570768415927887
5470.0 0.3757660686969757
5480.0 0.18076369166374207
5490.0 0.10610423237085342
5500.0 0.031444747000932693
5510.0 0.019576027989387512
5520.0 0.007707316428422928
5530.0 0.004844389855861664
5540.0 0.001981462351977825
5550.0 0.0014235449489206076
5560.0 0.0008656273712404072
5570.0 0.0007175776991061866
5580.0 0.0005695384461432695
5590.0 0.0005142898298799992
5600.0 0.00045904124272055924
5610.0 0.000420657976064831
5620.0 0.00038227473851293325
5630.0 0.00035497234784998
5640.0 0.0003276699862908572
5650.0 0.0
5660.0 0.0
5670.0 0.0
5680.0 0.0
5690.0 0.0
5700.0 0.0
