decam/transmission_system/s5/r_decam_sdss_c0002_6415.0_1480.0/2012-09-12T00:00:00.ecsv
# %ECSV 1.0
# ---
# datatype:
# - {name: wavelength, unit: Angstrom, datatype: float64}
# - {name: throughput, datatype: float64}
# meta: !!omap
# - {MODE: DETECTOR}
# - {TYPE: transmission_system}
# - {CALIBDATE: '2012-09-12T00:00:00'}
# - {INSTRUME: DECam}
# - {OBSTYPE: transmission_system}
# - {CALIBCLS: lsst.ip.isr.IntermediateSystemTransmissionCurve}
# - {DETECTOR: 29}
# - {DETECTOR_NAME: S5}
# - {SOURCE: r_band_per_detector_throughput.fits}
# - {FILTER: r DECam SDSS c0002 6415.0 1480.0}
# - {CALIB_CREATION_DATE: '2012-09-12'}
# - {CALIB_CREATION_TIME: '00:00:00'}
# schema: astropy-2.0
wavelength throughput
5350.0 0.0
5360.0 0.0
5370.0 0.0
5380.0 0.0
5390.0 0.0
5400.0 0.0
5410.0 0.0016542909434065223
5420.0 0.001902338583022356
5430.0 0.002244558185338974
5440.0 0.0025867775548249483
5450.0 0.003047552891075611
5460.0 0.0035083284601569176
5470.0 0.0039861565455794334
5480.0 0.004463984631001949
5490.0 0.005215739365667105
5500.0 0.00596749410033226
5510.0 0.007003997452557087
5520.0 0.008040500804781914
5530.0 0.009291269816458225
5540.0 0.010542038828134537
5550.0 0.012212301604449749
5560.0 0.013882564380764961
5570.0 0.01614716649055481
5580.0 0.018411768600344658
5590.0 0.022132648155093193
5600.0 0.025853537023067474
5610.0 0.03567316755652428
5620.0 0.04549280181527138
5630.0 0.08278761804103851
5640.0 0.12008243799209595
5650.0 0.23506838083267212
5660.0 0.3500543236732483
5670.0 0.5031188130378723
5680.0 0.6561832427978516
5690.0 0.7220354676246643
5700.0 0.7878875732421875
5710.0 0.8016458749771118
5720.0 0.8154041171073914
5730.0 0.8185505270957947
5740.0 0.8216968178749084
5750.0 0.8250767588615417
5760.0 0.8284565806388855
5770.0 0.8340579271316528
5780.0 0.8396592140197754
5790.0 0.8422400951385498
5800.0 0.8448209762573242
5810.0 0.8488587141036987
5820.0 0.8528964519500732
5830.0 0.8546688556671143
5840.0 0.8564411997795105
5850.0 0.855302095413208
5860.0 0.854162871837616
5870.0 0.8528576493263245
5880.0 0.8515524864196777
5890.0 0.8516438007354736
5900.0 0.8517350554466248
5910.0 0.8545483350753784
5920.0 0.8573616147041321
5930.0 0.8596857190132141
5940.0 0.8620097637176514
5950.0 0.8613360524177551
5960.0 0.8606623411178589
5970.0 0.8609045147895813
5980.0 0.8611466288566589
5990.0 0.8638165593147278
6000.0 0.8664864301681519
6010.0 0.8690058588981628
6020.0 0.8715252876281738
6030.0 0.8707730174064636
6040.0 0.8731675744056702
6050.0 0.8734968304634094
6060.0 0.8738259673118591
6070.0 0.8734460473060608
6080.0 0.8730661273002625
6090.0 0.8728245496749878
6100.0 0.8725829720497131
6110.0 0.8755314350128174
6120.0 0.8784799575805664
6130.0 0.8824673295021057
6140.0 0.8864547610282898
6150.0 0.8871910572052002
6160.0 0.8879273533821106
6170.0 0.8888727426528931
6180.0 0.8898181915283203
6190.0 0.8904986381530762
6200.0 0.8911791443824768
6210.0 0.891296923160553
6220.0 0.8914147019386292
6230.0 0.8926148414611816
6240.0 0.8938149213790894
6250.0 0.8955087661743164
6260.0 0.8972025513648987
6270.0 0.8973246812820435
6280.0 0.8974467515945435
6290.0 0.8986791968345642
6300.0 0.8999115228652954
6310.0 0.9015035629272461
6320.0 0.9030956029891968
6330.0 0.9028359055519104
6340.0 0.9025762677192688
6350.0 0.9037028551101685
6360.0 0.9048295021057129
6370.0 0.9077062606811523
6380.0 0.9105831384658813
6390.0 0.9110513925552368
6400.0 0.9115197062492371
6410.0 0.9118496775627136
6420.0 0.9121796488761902
6430.0 0.9128076434135437
6440.0 0.9134355783462524
6450.0 0.9128574728965759
6460.0 0.9122793674468994
6470.0 0.9125703573226929
6480.0 0.9128612875938416
6490.0 0.9142299294471741
6500.0 0.9155985116958618
6510.0 0.9156308770179749
6520.0 0.9156632423400879
6530.0 0.9166083335876465
6540.0 0.9175534248352051
6550.0 0.919971227645874
6560.0 0.9223890900611877
6570.0 0.9236264228820801
6580.0 0.9248638153076172
6590.0 0.9250413179397583
6600.0 0.925218939781189
6610.0 0.9256067872047424
6620.0 0.9259946346282959
6630.0 0.9255495667457581
6640.0 0.9251044392585754
6650.0 0.9246518015861511
6660.0 0.9241991639137268
6670.0 0.9255871772766113
6680.0 0.9269751310348511
6690.0 0.9291824698448181
6700.0 0.9313897490501404
6710.0 0.932136595249176
6720.0 0.9328835010528564
6730.0 0.9327066540718079
6740.0 0.9325297474861145
6750.0 0.9318463802337646
6760.0 0.93116295337677
6770.0 0.9309250712394714
6780.0 0.9306871891021729
6790.0 0.9315440654754639
6800.0 0.9324008822441101
6810.0 0.9329723119735718
6820.0 0.933543860912323
6830.0 0.93418949842453
6840.0 0.9348351955413818
6850.0 0.9347508549690247
6860.0 0.9346664547920227
6870.0 0.9340450763702393
6880.0 0.9334235787391663
6890.0 0.933721661567688
6900.0 0.9340198636054993
6910.0 0.9328559637069702
6920.0 0.9316920638084412
6930.0 0.931023895740509
6940.0 0.9303557276725769
6950.0 0.9303708076477051
6960.0 0.9303858280181885
6970.0 0.9300453662872314
6980.0 0.9297049641609192
6990.0 0.9293568134307861
7000.0 0.9290086627006531
7010.0 0.929992139339447
7020.0 0.930975615978241
7030.0 0.9303044676780701
7040.0 0.9296332597732544
7050.0 0.9271464347839355
7060.0 0.9246596097946167
7070.0 0.9223160147666931
7080.0 0.9199724793434143
7090.0 0.9105275273323059
7100.0 0.9010826349258423
7110.0 0.8880432844161987
7120.0 0.8750039339065552
7130.0 0.8629255294799805
7140.0 0.8508471250534058
7150.0 0.7614951729774475
7160.0 0.6721432209014893
7170.0 0.49784886837005615
7180.0 0.32355445623397827
7190.0 0.21565447747707367
7200.0 0.10775448381900787
7210.0 0.06914832442998886
7220.0 0.030542170628905296
7230.0 0.02327246032655239
7240.0 0.01600274071097374
7250.0 0.010613549500703812
7260.0 0.005224369466304779
7270.0 0.0036816245410591364
7280.0 0.0021388898603618145
7290.0 0.0016166243003681302
7300.0 0.0010943691013380885
7310.0 0.0009100547758862376
7320.0 0.0007257403922267258
7330.0 0.0006154404836706817
7340.0 0.000505130214150995
7350.0 0.0
7360.0 0.0
7370.0 0.0
7380.0 0.0
7390.0 0.0
7400.0 0.0
