decam/transmission_system/s21/g_decam_sdss_c0001_4720.0_1520.0/2012-09-12T00:00:00.ecsv
# %ECSV 1.0
# ---
# datatype:
# - {name: wavelength, unit: Angstrom, datatype: float64}
# - {name: throughput, datatype: float64}
# meta: !!omap
# - {MODE: DETECTOR}
# - {TYPE: transmission_system}
# - {CALIBDATE: '2012-09-12T00:00:00'}
# - {INSTRUME: DECam}
# - {OBSTYPE: transmission_system}
# - {CALIBCLS: lsst.ip.isr.IntermediateSystemTransmissionCurve}
# - {DETECTOR: 9}
# - {DETECTOR_NAME: S21}
# - {SOURCE: g_band_per_detector_throughput.fits}
# - {FILTER: g DECam SDSS c0001 4720.0 1520.0}
# - {CALIB_CREATION_DATE: '2012-09-12'}
# - {CALIB_CREATION_TIME: '00:00:00'}
# schema: astropy-2.0
wavelength throughput
3750.0 0.0
3760.0 0.0
3770.0 0.0
3780.0 0.0
3790.0 0.0
3800.0 0.0
3810.0 0.001021694391965866
3820.0 0.0011394403409212828
3830.0 0.001206953777000308
3840.0 0.0015891558723524213
3850.0 0.0019164311233907938
3860.0 0.0022436962462961674
3870.0 0.002653055125847459
3880.0 0.0030624140053987503
3890.0 0.0037359383422881365
3900.0 0.004409451968967915
3910.0 0.004305632319301367
3920.0 0.007654103450477123
3930.0 0.015273334458470345
3940.0 0.022892553359270096
3950.0 0.02462446503341198
3960.0 0.13267268240451813
3970.0 0.2584865093231201
3980.0 0.3843003511428833
3990.0 0.3806785047054291
4000.0 0.42759039998054504
4010.0 0.44429802894592285
4020.0 0.4610055983066559
4030.0 0.46867257356643677
4040.0 0.46815025806427
4050.0 0.4725439250469208
4060.0 0.47528550028800964
4070.0 0.48230260610580444
4080.0 0.49000808596611023
4090.0 0.49267634749412537
4100.0 0.49539265036582947
4110.0 0.4973240792751312
4120.0 0.499255508184433
4130.0 0.5050208568572998
4140.0 0.5058603882789612
4150.0 0.5112525820732117
4160.0 0.5196419358253479
4170.0 0.5252532362937927
4180.0 0.5308645963668823
4190.0 0.534747302532196
4200.0 0.5333943367004395
4210.0 0.5307841897010803
4220.0 0.5328944325447083
4230.0 0.5363301634788513
4240.0 0.5476848483085632
4250.0 0.5506221055984497
4260.0 0.5535593628883362
4270.0 0.5599634647369385
4280.0 0.565930187702179
4290.0 0.5688198208808899
4300.0 0.5760715007781982
4310.0 0.5782279968261719
4320.0 0.5803844928741455
4330.0 0.5837982892990112
4340.0 0.5872120261192322
4350.0 0.5920294523239136
4360.0 0.5968468189239502
4370.0 0.6003203392028809
4380.0 0.6037937998771667
4390.0 0.609715461730957
4400.0 0.6156371235847473
4410.0 0.618272066116333
4420.0 0.6209070682525635
4430.0 0.6230583786964417
4440.0 0.6252098083496094
4450.0 0.6272093057632446
4460.0 0.6292088031768799
4470.0 0.630858838558197
4480.0 0.6325089335441589
4490.0 0.6363943815231323
4500.0 0.6402798891067505
4510.0 0.6420687437057495
4520.0 0.6438576579093933
4530.0 0.6474327445030212
4540.0 0.651007890701294
4550.0 0.6520895957946777
4560.0 0.6531713604927063
4570.0 0.653412401676178
4580.0 0.6536535024642944
4590.0 0.6566487550735474
4600.0 0.6596439480781555
4610.0 0.6622768044471741
4620.0 0.6649097204208374
4630.0 0.66692054271698
4640.0 0.6689313054084778
4650.0 0.6702747941017151
4660.0 0.6716181635856628
4670.0 0.6706752777099609
4680.0 0.6697323322296143
4690.0 0.6701321601867676
4700.0 0.6705320477485657
4710.0 0.6723327040672302
4720.0 0.67413330078125
4730.0 0.6768590807914734
4740.0 0.6795847415924072
4750.0 0.6828882098197937
4760.0 0.6861916184425354
4770.0 0.686537504196167
4780.0 0.686883270740509
4790.0 0.6863993406295776
4800.0 0.6859153509140015
4810.0 0.6877859234809875
4820.0 0.6896565556526184
4830.0 0.6901911497116089
4840.0 0.6907256841659546
4850.0 0.6890215277671814
4860.0 0.6873173117637634
4870.0 0.6894419193267822
4880.0 0.691566526889801
4890.0 0.6951220035552979
4900.0 0.6986774206161499
4910.0 0.699348509311676
4920.0 0.7000196576118469
4930.0 0.6984982490539551
4940.0 0.6969768404960632
4950.0 0.6969788670539856
4960.0 0.696980893611908
4970.0 0.6992223858833313
4980.0 0.7014638185501099
4990.0 0.7041629552841187
5000.0 0.7068620324134827
5010.0 0.7086113691329956
5020.0 0.7103606462478638
5030.0 0.710971474647522
5040.0 0.711582362651825
5050.0 0.7125627994537354
5060.0 0.713543176651001
5070.0 0.7158837914466858
5080.0 0.7182244062423706
5090.0 0.7197420597076416
5100.0 0.7212597131729126
5110.0 0.7187215089797974
5120.0 0.7161833047866821
5130.0 0.7167101502418518
5140.0 0.7172369956970215
5150.0 0.7207489013671875
5160.0 0.7242609262466431
5170.0 0.72515469789505
5180.0 0.726048469543457
5190.0 0.727724552154541
5200.0 0.7294005751609802
5210.0 0.7326053380966187
5220.0 0.7358101606369019
5230.0 0.7387503981590271
5240.0 0.7416906952857971
5250.0 0.7427465319633484
5260.0 0.7438024282455444
5270.0 0.7436002492904663
5280.0 0.7433980107307434
5290.0 0.7441104054450989
5300.0 0.7448227405548096
5310.0 0.7462010979652405
5320.0 0.7475795149803162
5330.0 0.7491545677185059
5340.0 0.7507296204566956
5350.0 0.7526655197143555
5360.0 0.7546012997627258
5370.0 0.7524202466011047
5380.0 0.7502392530441284
5390.0 0.7447430491447449
5400.0 0.7392469048500061
5410.0 0.7396380305290222
5420.0 0.7400292158126831
5430.0 0.7442619800567627
5440.0 0.7484947443008423
5450.0 0.7031170725822449
5460.0 0.6577393412590027
5470.0 0.480305552482605
5480.0 0.3028717339038849
5490.0 0.18113039433956146
5500.0 0.059389080852270126
5510.0 0.03618825599551201
5520.0 0.01298742275685072
5530.0 0.007968813180923462
5540.0 0.0029501928947865963
5550.0 0.002018319210037589
5560.0 0.0010864557698369026
5570.0 0.000848419324029237
5580.0 0.0006103933556005359
5590.0 0.000534654944203794
5600.0 0.00045891659101471305
5610.0 0.00041280683944933116
5620.0 0.0003666867269203067
5630.0 0.0003301000688225031
5640.0 0.0002935134689323604
5650.0 0.0
5660.0 0.0
5670.0 0.0
5680.0 0.0
5690.0 0.0
5700.0 0.0
