decam/transmission_system/s3/g_decam_sdss_c0001_4720.0_1520.0/2012-09-12T00:00:00.ecsv
# %ECSV 1.0
# ---
# datatype:
# - {name: wavelength, unit: Angstrom, datatype: float64}
# - {name: throughput, datatype: float64}
# meta: !!omap
# - {MODE: DETECTOR}
# - {TYPE: transmission_system}
# - {CALIBDATE: '2012-09-12T00:00:00'}
# - {INSTRUME: DECam}
# - {OBSTYPE: transmission_system}
# - {CALIBCLS: lsst.ip.isr.IntermediateSystemTransmissionCurve}
# - {DETECTOR: 27}
# - {DETECTOR_NAME: S3}
# - {SOURCE: g_band_per_detector_throughput.fits}
# - {FILTER: g DECam SDSS c0001 4720.0 1520.0}
# - {CALIB_CREATION_DATE: '2012-09-12'}
# - {CALIB_CREATION_TIME: '00:00:00'}
# schema: astropy-2.0
wavelength throughput
3750.0 0.0
3760.0 0.0
3770.0 0.0
3780.0 0.0
3790.0 0.0
3800.0 0.0
3810.0 0.0006295122439041734
3820.0 0.0007453682483173907
3830.0 0.0008919016690924764
3840.0 0.0009905599290505052
3850.0 0.0011965478770434856
3860.0 0.001402535941451788
3870.0 0.0017902731196954846
3880.0 0.002178010530769825
3890.0 0.0027707077097147703
3900.0 0.0033634048886597157
3910.0 0.0033553356770426035
3920.0 0.006216850597411394
3930.0 0.01216048002243042
3940.0 0.018104109913110733
3950.0 0.01919577829539776
3960.0 0.10404002666473389
3970.0 0.20897415280342102
3980.0 0.31390827894210815
3990.0 0.31436288356781006
4000.0 0.3506724536418915
4010.0 0.3673045039176941
4020.0 0.3839365243911743
4030.0 0.3873898386955261
4040.0 0.3954046666622162
4050.0 0.39484477043151855
4060.0 0.4030124247074127
4070.0 0.4070931673049927
4080.0 0.41956445574760437
4090.0 0.4200292229652405
4100.0 0.42534196376800537
4110.0 0.42922842502593994
4120.0 0.4331148862838745
4130.0 0.43557822704315186
4140.0 0.44201210141181946
4150.0 0.44421684741973877
4160.0 0.45723503828048706
4170.0 0.4656638205051422
4180.0 0.474092572927475
4190.0 0.4752136468887329
4200.0 0.4754597246646881
4210.0 0.4781280755996704
4220.0 0.4804714024066925
4230.0 0.4808546006679535
4240.0 0.49723249673843384
4250.0 0.5006363987922668
4260.0 0.5040403008460999
4270.0 0.507205069065094
4280.0 0.5176045894622803
4290.0 0.5172287225723267
4300.0 0.528708279132843
4310.0 0.5322901606559753
4320.0 0.5358719825744629
4330.0 0.5401894450187683
4340.0 0.5445069670677185
4350.0 0.5507252216339111
4360.0 0.5569434762001038
4370.0 0.561610758304596
4380.0 0.5662780404090881
4390.0 0.572724461555481
4400.0 0.579170823097229
4410.0 0.583392322063446
4420.0 0.5876138806343079
4430.0 0.5912773013114929
4440.0 0.594940721988678
4450.0 0.5983726978302002
4460.0 0.6018046140670776
4470.0 0.6055891513824463
4480.0 0.6093736886978149
4490.0 0.6120280623435974
4500.0 0.6146824359893799
4510.0 0.6182870268821716
4520.0 0.6218916773796082
4530.0 0.6270120739936829
4540.0 0.6321324706077576
4550.0 0.6342816352844238
4560.0 0.6364307999610901
4570.0 0.6378766894340515
4580.0 0.6393225193023682
4590.0 0.6430764198303223
4600.0 0.6468302607536316
4610.0 0.6518009901046753
4620.0 0.6567716598510742
4630.0 0.660913348197937
4640.0 0.665054976940155
4650.0 0.6677751541137695
4660.0 0.6704952716827393
4670.0 0.6712072491645813
4680.0 0.6719192862510681
4690.0 0.6733203530311584
4700.0 0.6747215390205383
4710.0 0.6773417592048645
4720.0 0.6799620389938354
4730.0 0.6839746832847595
4740.0 0.6879873871803284
4750.0 0.6935310959815979
4760.0 0.6990748643875122
4770.0 0.7001913189888
4780.0 0.7013077139854431
4790.0 0.7013137340545654
4800.0 0.701319694519043
4810.0 0.7066206336021423
4820.0 0.7119216918945312
4830.0 0.7139903903007507
4840.0 0.7160590887069702
4850.0 0.7139456272125244
4860.0 0.7118321061134338
4870.0 0.7154137492179871
4880.0 0.7189954519271851
4890.0 0.7235035300254822
4900.0 0.7280116677284241
4910.0 0.7296757698059082
4920.0 0.7313399314880371
4930.0 0.7313027381896973
4940.0 0.7312654852867126
4950.0 0.7320110201835632
4960.0 0.732756495475769
4970.0 0.7373181581497192
4980.0 0.7418797612190247
4990.0 0.7449182271957397
5000.0 0.7479567527770996
5010.0 0.7510572075843811
5020.0 0.7541576623916626
5030.0 0.7544525861740112
5040.0 0.7547475695610046
5050.0 0.756819486618042
5060.0 0.7588914632797241
5070.0 0.764332115650177
5080.0 0.7697728276252747
5090.0 0.7725947499275208
5100.0 0.7754166126251221
5110.0 0.7736603617668152
5120.0 0.7719039916992188
5130.0 0.7726479172706604
5140.0 0.773391842842102
5150.0 0.7760475873947144
5160.0 0.7787033319473267
5170.0 0.7788626551628113
5180.0 0.7790219187736511
5190.0 0.7815355062484741
5200.0 0.7840490937232971
5210.0 0.7896986603736877
5220.0 0.7953482270240784
5230.0 0.7981581091880798
5240.0 0.8009679317474365
5250.0 0.8018980622291565
5260.0 0.8028282523155212
5270.0 0.8031542897224426
5280.0 0.8034802079200745
5290.0 0.8039554953575134
5300.0 0.8044308423995972
5310.0 0.8072072267532349
5320.0 0.8099836111068726
5330.0 0.8134827613830566
5340.0 0.816981852054596
5350.0 0.8217508792877197
5360.0 0.826519787311554
5370.0 0.8279412388801575
5380.0 0.8293625712394714
5390.0 0.8303292989730835
5400.0 0.8312960863113403
5410.0 0.843333899974823
5420.0 0.8553717732429504
5430.0 0.8940461874008179
5440.0 0.9327206015586853
5450.0 0.9240188598632812
5460.0 0.9153171181678772
5470.0 0.6795536279678345
5480.0 0.44379010796546936
5490.0 0.2656877338886261
5500.0 0.08758535236120224
5510.0 0.05352690443396568
5520.0 0.01946844905614853
5530.0 0.011858876794576645
5540.0 0.004249293357133865
5550.0 0.0028537053149193525
5560.0 0.0014581272844225168
5570.0 0.0011241224128752947
5580.0 0.0007901174831204116
5590.0 0.0006823826697655022
5600.0 0.0005746479146182537
5610.0 0.0005026793223805726
5620.0 0.0004307107301428914
5630.0 0.00039168359944596887
5640.0 0.0003526564687490463
5650.0 0.0
5660.0 0.0
5670.0 0.0
5680.0 0.0
5690.0 0.0
5700.0 0.0
