decam/transmission_system/n27/r_decam_sdss_c0002_6415.0_1480.0/2012-09-12T00:00:00.ecsv
# %ECSV 1.0
# ---
# datatype:
# - {name: wavelength, unit: Angstrom, datatype: float64}
# - {name: throughput, datatype: float64}
# meta: !!omap
# - {MODE: DETECTOR}
# - {TYPE: transmission_system}
# - {CALIBDATE: '2012-09-12T00:00:00'}
# - {INSTRUME: DECam}
# - {OBSTYPE: transmission_system}
# - {CALIBCLS: lsst.ip.isr.IntermediateSystemTransmissionCurve}
# - {DETECTOR: 58}
# - {DETECTOR_NAME: N27}
# - {SOURCE: r_band_per_detector_throughput.fits}
# - {FILTER: r DECam SDSS c0002 6415.0 1480.0}
# - {CALIB_CREATION_DATE: '2012-09-12'}
# - {CALIB_CREATION_TIME: '00:00:00'}
# schema: astropy-2.0
wavelength throughput
5350.0 0.0
5360.0 0.0
5370.0 0.0
5380.0 0.0
5390.0 0.0
5400.0 0.0
5410.0 0.003077098634094
5420.0 0.00341155007481575
5430.0 0.003912338986992836
5440.0 0.004413139075040817
5450.0 0.005017457064241171
5460.0 0.0056217750534415245
5470.0 0.006232334766536951
5480.0 0.00684289401397109
5490.0 0.007735013961791992
5500.0 0.008627133443951607
5510.0 0.009602770209312439
5520.0 0.010578406974673271
5530.0 0.011766916140913963
5540.0 0.012955415062606335
5550.0 0.014568000100553036
5560.0 0.01618058606982231
5570.0 0.01837031915783882
5580.0 0.020560065284371376
5590.0 0.02405194379389286
5600.0 0.027543824166059494
5610.0 0.03542991727590561
5620.0 0.043316006660461426
5630.0 0.07058954238891602
5640.0 0.097863107919693
5650.0 0.1912202090024948
5660.0 0.28457731008529663
5670.0 0.45277732610702515
5680.0 0.6209773421287537
5690.0 0.7032535672187805
5700.0 0.7855298519134521
5710.0 0.7964516878128052
5720.0 0.8073735237121582
5730.0 0.8119907379150391
5740.0 0.8166078925132751
5750.0 0.8219166994094849
5760.0 0.8272254467010498
5770.0 0.8302538990974426
5780.0 0.8332824110984802
5790.0 0.8354480862617493
5800.0 0.8376137614250183
5810.0 0.843114972114563
5820.0 0.8486162424087524
5830.0 0.8503438234329224
5840.0 0.8520714044570923
5850.0 0.85093092918396
5860.0 0.8497905135154724
5870.0 0.8470904231071472
5880.0 0.8443903923034668
5890.0 0.8448420166969299
5900.0 0.8452935218811035
5910.0 0.849952220916748
5920.0 0.8546108603477478
5930.0 0.8565744757652283
5940.0 0.8585380911827087
5950.0 0.8573682904243469
5960.0 0.8561984300613403
5970.0 0.8571135401725769
5980.0 0.8580286502838135
5990.0 0.8605633974075317
6000.0 0.86309814453125
6010.0 0.8660168051719666
6020.0 0.8689355254173279
6030.0 0.8671749234199524
6040.0 0.8740389347076416
6050.0 0.8749586343765259
6060.0 0.8758783340454102
6070.0 0.8746358752250671
6080.0 0.8733933568000793
6090.0 0.8741620779037476
6100.0 0.8749308586120605
6110.0 0.8787351846694946
6120.0 0.8825395703315735
6130.0 0.8853483200073242
6140.0 0.8881571292877197
6150.0 0.8894653916358948
6160.0 0.8907737135887146
6170.0 0.8926025629043579
6180.0 0.8944314122200012
6190.0 0.8942981362342834
6200.0 0.8941648602485657
6210.0 0.8948301672935486
6220.0 0.8954954743385315
6230.0 0.8965343236923218
6240.0 0.8975732922554016
6250.0 0.8977269530296326
6260.0 0.8978806734085083
6270.0 0.8995060324668884
6280.0 0.9011314511299133
6290.0 0.9038216471672058
6300.0 0.9065117835998535
6310.0 0.906531810760498
6320.0 0.9065517783164978
6330.0 0.9066465497016907
6340.0 0.9067412614822388
6350.0 0.9091824889183044
6360.0 0.9116235971450806
6370.0 0.9135748744010925
6380.0 0.9155260920524597
6390.0 0.9157411456108093
6400.0 0.9159561991691589
6410.0 0.9165434241294861
6420.0 0.9171306490898132
6430.0 0.9166544079780579
6440.0 0.9161781072616577
6450.0 0.9158692359924316
6460.0 0.9155603647232056
6470.0 0.9165401458740234
6480.0 0.9175199270248413
6490.0 0.9177092909812927
6500.0 0.9178985953330994
6510.0 0.917935848236084
6520.0 0.9179730415344238
6530.0 0.9203684329986572
6540.0 0.9227638840675354
6550.0 0.925323486328125
6560.0 0.9278831481933594
6570.0 0.9287518858909607
6580.0 0.9296205043792725
6590.0 0.9300843477249146
6600.0 0.9305481314659119
6610.0 0.9299753904342651
6620.0 0.9294027090072632
6630.0 0.9274556636810303
6640.0 0.9255086183547974
6650.0 0.9257399439811707
6660.0 0.9259713292121887
6670.0 0.9286931753158569
6680.0 0.9314150810241699
6690.0 0.9336580634117126
6700.0 0.9359010457992554
6710.0 0.9364449381828308
6720.0 0.9369887113571167
6730.0 0.936589777469635
6740.0 0.9361907243728638
6750.0 0.9350813627243042
6760.0 0.9339720010757446
6770.0 0.9336963295936584
6780.0 0.9334205985069275
6790.0 0.9346131682395935
6800.0 0.9358056783676147
6810.0 0.9363415837287903
6820.0 0.9368775486946106
6830.0 0.9372559189796448
6840.0 0.937634289264679
6850.0 0.937817394733429
6860.0 0.938000500202179
6870.0 0.9375603199005127
6880.0 0.9371201992034912
6890.0 0.936671793460846
6900.0 0.9362233877182007
6910.0 0.9347909688949585
6920.0 0.9333584904670715
6930.0 0.9326918125152588
6940.0 0.932025134563446
6950.0 0.9313945174217224
6960.0 0.9307639002799988
6970.0 0.9299448132514954
6980.0 0.9291257262229919
6990.0 0.9299331903457642
7000.0 0.9307405352592468
7010.0 0.9313410520553589
7020.0 0.9319416284561157
7030.0 0.9283934831619263
7040.0 0.9248452186584473
7050.0 0.9206611514091492
7060.0 0.9164770841598511
7070.0 0.9040228724479675
7080.0 0.891568660736084
7090.0 0.8732020258903503
7100.0 0.8548353314399719
7110.0 0.8477136492729187
7120.0 0.8405919075012207
7130.0 0.7649621963500977
7140.0 0.6893325448036194
7150.0 0.5094283819198608
7160.0 0.3295242190361023
7170.0 0.21432989835739136
7180.0 0.09913558512926102
7190.0 0.064181387424469
7200.0 0.029227180406451225
7210.0 0.018960971385240555
7220.0 0.008694750256836414
7230.0 0.006909586954861879
7240.0 0.005124423187226057
7250.0 0.0036908360198140144
7260.0 0.0022572381421923637
7270.0 0.0017047624569386244
7280.0 0.001152286771684885
7290.0 0.0009324969141744077
7300.0 0.0007126967539079487
7310.0 0.0006176421302370727
7320.0 0.0005225875065661967
7330.0 0.00045917622628621757
7340.0 0.00039577530696988106
7350.0 0.0
7360.0 0.0
7370.0 0.0
7380.0 0.0
7390.0 0.0
7400.0 0.0
