decam/transmission_system/s25/r_decam_sdss_c0002_6415.0_1480.0/2012-09-12T00:00:00.ecsv
# %ECSV 1.0
# ---
# datatype:
# - {name: wavelength, unit: Angstrom, datatype: float64}
# - {name: throughput, datatype: float64}
# meta: !!omap
# - {MODE: DETECTOR}
# - {TYPE: transmission_system}
# - {CALIBDATE: '2012-09-12T00:00:00'}
# - {INSTRUME: DECam}
# - {OBSTYPE: transmission_system}
# - {CALIBCLS: lsst.ip.isr.IntermediateSystemTransmissionCurve}
# - {DETECTOR: 4}
# - {DETECTOR_NAME: S25}
# - {SOURCE: r_band_per_detector_throughput.fits}
# - {FILTER: r DECam SDSS c0002 6415.0 1480.0}
# - {CALIB_CREATION_DATE: '2012-09-12'}
# - {CALIB_CREATION_TIME: '00:00:00'}
# schema: astropy-2.0
wavelength throughput
5350.0 0.0
5360.0 0.0
5370.0 0.0
5380.0 0.0
5390.0 0.0
5400.0 0.0
5410.0 0.003555424977093935
5420.0 0.003969280980527401
5430.0 0.004554199054837227
5440.0 0.005139107815921307
5450.0 0.005829268600791693
5460.0 0.0065194303169846535
5470.0 0.007214877288788557
5480.0 0.007910334505140781
5490.0 0.008919255807995796
5500.0 0.009928165934979916
5510.0 0.011008515022695065
5520.0 0.012088864110410213
5530.0 0.013361773453652859
5540.0 0.014634682796895504
5550.0 0.01633252017199993
5560.0 0.018030354753136635
5570.0 0.020221013575792313
5580.0 0.022411663085222244
5590.0 0.025550156831741333
5600.0 0.02868865430355072
5610.0 0.035444583743810654
5620.0 0.04220051318407059
5630.0 0.06556980311870575
5640.0 0.08893910050392151
5650.0 0.1736644059419632
5660.0 0.25838974118232727
5670.0 0.4244273006916046
5680.0 0.5904648900032043
5690.0 0.6895343065261841
5700.0 0.788603663444519
5710.0 0.8030456900596619
5720.0 0.8174876570701599
5730.0 0.8215317130088806
5740.0 0.8255757093429565
5750.0 0.8281349539756775
5760.0 0.8306941986083984
5770.0 0.8315526247024536
5780.0 0.8324110507965088
5790.0 0.8337416052818298
5800.0 0.8350721001625061
5810.0 0.839846134185791
5820.0 0.8446201086044312
5830.0 0.8470295071601868
5840.0 0.8494389057159424
5850.0 0.8486344218254089
5860.0 0.8478298783302307
5870.0 0.8453884124755859
5880.0 0.8429469466209412
5890.0 0.8435879349708557
5900.0 0.844228982925415
5910.0 0.8486246466636658
5920.0 0.8530202507972717
5930.0 0.8559631705284119
5940.0 0.8589060306549072
5950.0 0.8596335053443909
5960.0 0.8603610396385193
5970.0 0.8616571426391602
5980.0 0.8629533052444458
5990.0 0.864528477191925
6000.0 0.8661036491394043
6010.0 0.8683631420135498
6020.0 0.8706226348876953
6030.0 0.8692636489868164
6040.0 0.8742564916610718
6050.0 0.8743392825126648
6060.0 0.8744219541549683
6070.0 0.8736132979393005
6080.0 0.872804582118988
6090.0 0.8739607930183411
6100.0 0.8751170635223389
6110.0 0.878409206867218
6120.0 0.8817013502120972
6130.0 0.8845940828323364
6140.0 0.8874869346618652
6150.0 0.8895372152328491
6160.0 0.8915875554084778
6170.0 0.8931804299354553
6180.0 0.8947733044624329
6190.0 0.8945490717887878
6200.0 0.8943249583244324
6210.0 0.8950368762016296
6220.0 0.8957486748695374
6230.0 0.8962661623954773
6240.0 0.8967835903167725
6250.0 0.8972657322883606
6260.0 0.897747814655304
6270.0 0.8996509313583374
6280.0 0.9015540480613708
6290.0 0.9034448266029358
6300.0 0.9053357243537903
6310.0 0.9057428240776062
6320.0 0.9061498641967773
6330.0 0.9069762229919434
6340.0 0.9078025817871094
6350.0 0.9097857475280762
6360.0 0.9117688536643982
6370.0 0.9134242534637451
6380.0 0.9150797128677368
6390.0 0.9152523875236511
6400.0 0.9154250621795654
6410.0 0.9158565998077393
6420.0 0.9162880778312683
6430.0 0.9163457751274109
6440.0 0.9164034724235535
6450.0 0.9166611433029175
6460.0 0.9169188141822815
6470.0 0.9176139831542969
6480.0 0.9183090925216675
6490.0 0.9183986186981201
6500.0 0.918488085269928
6510.0 0.9190714955329895
6520.0 0.919654905796051
6530.0 0.9216359853744507
6540.0 0.9236170649528503
6550.0 0.9255594611167908
6560.0 0.9275017380714417
6570.0 0.9284063577651978
6580.0 0.9293110370635986
6590.0 0.9294700622558594
6600.0 0.9296291470527649
6610.0 0.9290276169776917
6620.0 0.9284260869026184
6630.0 0.9270014762878418
6640.0 0.92557692527771
6650.0 0.9260478615760803
6660.0 0.9265186786651611
6670.0 0.9288691282272339
6680.0 0.9312194585800171
6690.0 0.9331188201904297
6700.0 0.9350182414054871
6710.0 0.9357243776321411
6720.0 0.9364306330680847
6730.0 0.9358829855918884
6740.0 0.9353353381156921
6750.0 0.9343928694725037
6760.0 0.9334504008293152
6770.0 0.9336672425270081
6780.0 0.9338840246200562
6790.0 0.9349778890609741
6800.0 0.9360716342926025
6810.0 0.9363729953765869
6820.0 0.9366743564605713
6830.0 0.9369234442710876
6840.0 0.937172532081604
6850.0 0.937441349029541
6860.0 0.9377102851867676
6870.0 0.9372985363006592
6880.0 0.936886727809906
6890.0 0.93643718957901
6900.0 0.9359875917434692
6910.0 0.9351561069488525
6920.0 0.9343245625495911
6930.0 0.9337375164031982
6940.0 0.9331505298614502
6950.0 0.9324420690536499
6960.0 0.9317336678504944
6970.0 0.9316150546073914
6980.0 0.9314964413642883
6990.0 0.932020902633667
7000.0 0.9325454831123352
7010.0 0.9320489168167114
7020.0 0.9315524101257324
7030.0 0.9276831746101379
7040.0 0.9238139390945435
7050.0 0.9173582196235657
7060.0 0.9109025001525879
7070.0 0.8966729044914246
7080.0 0.882443368434906
7090.0 0.8701440095901489
7100.0 0.8578445911407471
7110.0 0.835809051990509
7120.0 0.8137735724449158
7130.0 0.6999714374542236
7140.0 0.5861693024635315
7150.0 0.4139306843280792
7160.0 0.24169206619262695
7170.0 0.15462136268615723
7180.0 0.0675506666302681
7190.0 0.04428965598344803
7200.0 0.021028660237789154
7210.0 0.013849550858139992
7220.0 0.006670439150184393
7230.0 0.005350911058485508
7240.0 0.0040313731878995895
7250.0 0.0029396729078143835
7260.0 0.0018479726277291775
7270.0 0.0014264838537201285
7280.0 0.0010049951961264014
7290.0 0.0008253436535596848
7300.0 0.0006457025883719325
7310.0 0.0005679806927219033
7320.0 0.0004902691580355167
7330.0 0.00044490714208222926
7340.0 0.0003995450970251113
7350.0 0.0
7360.0 0.0
7370.0 0.0
7380.0 0.0
7390.0 0.0
7400.0 0.0
