decam/transmission_system/n3/y_decam_c0005_10095.0_1130.0/2012-09-12T00:00:00.ecsv
# %ECSV 1.0
# ---
# datatype:
# - {name: wavelength, unit: Angstrom, datatype: float64}
# - {name: throughput, datatype: float64}
# meta: !!omap
# - {MODE: DETECTOR}
# - {TYPE: transmission_system}
# - {CALIBDATE: '2012-09-12T00:00:00'}
# - {INSTRUME: DECam}
# - {OBSTYPE: transmission_system}
# - {CALIBCLS: lsst.ip.isr.IntermediateSystemTransmissionCurve}
# - {DETECTOR: 34}
# - {DETECTOR_NAME: N3}
# - {SOURCE: Y_band_per_detector_throughput.fits}
# - {FILTER: Y DECam c0005 10095.0 1130.0}
# - {CALIB_CREATION_DATE: '2012-09-12'}
# - {CALIB_CREATION_TIME: '00:00:00'}
# schema: astropy-2.0
wavelength throughput
9250.0 0.0
9260.0 0.0
9270.0 0.0
9280.0 0.0
9290.0 0.0
9300.0 0.0
9310.0 0.00590362586081028
9320.0 0.006758774630725384
9330.0 0.007613923866301775
9340.0 0.008716528303921223
9350.0 0.009819133207201958
9360.0 0.011146729812026024
9370.0 0.012474337592720985
9380.0 0.014545993879437447
9390.0 0.016617661342024803
9400.0 0.020020779222249985
9410.0 0.023423906415700912
9420.0 0.0297998059540987
9430.0 0.03617571294307709
9440.0 0.050188809633255005
9450.0 0.06420190632343292
9460.0 0.06599878519773483
9470.0 0.13303500413894653
9480.0 0.1375012993812561
9490.0 0.2859594523906708
9500.0 0.2929406464099884
9510.0 0.5348107814788818
9520.0 0.6437444686889648
9530.0 0.7526782751083374
9540.0 0.7963433861732483
9550.0 0.8400084972381592
9560.0 0.8499627709388733
9570.0 0.8599171042442322
9580.0 0.8599483370780945
9590.0 0.8599796295166016
9600.0 0.8572800159454346
9610.0 0.8545804619789124
9620.0 0.8509821891784668
9630.0 0.847383975982666
9640.0 0.8453831672668457
9650.0 0.8433823585510254
9660.0 0.8415549993515015
9670.0 0.839727520942688
9680.0 0.8368196487426758
9690.0 0.8339117765426636
9700.0 0.8319869637489319
9710.0 0.8300621509552002
9720.0 0.8214419484138489
9730.0 0.8128218054771423
9740.0 0.8066025972366333
9750.0 0.8003833293914795
9760.0 0.7936649918556213
9770.0 0.7869466543197632
9780.0 0.7797311544418335
9790.0 0.7725156545639038
9800.0 0.7662344574928284
9810.0 0.7599532008171082
9820.0 0.7540072798728943
9830.0 0.7480613589286804
9840.0 0.7409858703613281
9850.0 0.7339103817939758
9860.0 0.7271324396133423
9870.0 0.7203544974327087
9880.0 0.710846483707428
9890.0 0.7013384699821472
9900.0 0.6924192309379578
9910.0 0.6834999322891235
9920.0 0.6734673976898193
9930.0 0.6634348034858704
9940.0 0.655250072479248
9950.0 0.6470653414726257
9960.0 0.63726407289505
9970.0 0.6274628043174744
9980.0 0.618048369884491
9990.0 0.608633816242218
10000.0 0.5981422662734985
10010.0 0.587650716304779
10020.0 0.5766361951828003
10030.0 0.5656217336654663
10040.0 0.5539357662200928
10050.0 0.5422499179840088
10060.0 0.5313047170639038
10070.0 0.5203595161437988
10080.0 0.5083332061767578
10090.0 0.4963069260120392
10100.0 0.48364579677581787
10110.0 0.47098469734191895
10120.0 0.4597479999065399
10130.0 0.4485112428665161
10140.0 0.43652668595314026
10150.0 0.4245421290397644
10160.0 0.413236141204834
10170.0 0.40193015336990356
10180.0 0.3897985816001892
10190.0 0.37766700983047485
10200.0 0.36628034710884094
10210.0 0.35489365458488464
10220.0 0.34333452582359314
10230.0 0.331775426864624
10240.0 0.32027673721313477
10250.0 0.3087780475616455
10260.0 0.2979736924171448
10270.0 0.28716930747032166
10280.0 0.2774110436439514
10290.0 0.2676527202129364
10300.0 0.25692009925842285
10310.0 0.2461874634027481
10320.0 0.23563343286514282
10330.0 0.22507941722869873
10340.0 0.21308265626430511
10350.0 0.2010859102010727
10360.0 0.188499316573143
10370.0 0.1759127378463745
10380.0 0.1688465029001236
10390.0 0.16178028285503387
10400.0 0.15716025233268738
10410.0 0.15254022181034088
10420.0 0.14841042459011078
10430.0 0.14428064227104187
10440.0 0.14014354348182678
10450.0 0.1360064595937729
10460.0 0.13186249136924744
10470.0 0.1277184933423996
10480.0 0.12378423660993576
10490.0 0.11984999477863312
10500.0 0.11530881375074387
10510.0 0.11076764017343521
10520.0 0.10750284790992737
10530.0 0.10423807054758072
10540.0 0.10174864530563354
10550.0 0.09925922006368637
10560.0 0.09768906980752945
10570.0 0.09611894190311432
10580.0 0.09487995505332947
10590.0 0.09364095330238342
10600.0 0.0905291736125946
10610.0 0.08741738647222519
10620.0 0.07902903109788895
10630.0 0.0706406682729721
10640.0 0.057712070643901825
10650.0 0.044783465564250946
10660.0 0.03314362093806267
10670.0 0.021503780037164688
10680.0 0.015017674304544926
10690.0 0.008531580679118633
10700.0 0.0
10710.0 0.0
10720.0 0.0
10730.0 0.0
10740.0 0.0
10750.0 0.0
