decam/transmission_system/n20/i_decam_sdss_c0003_7835.0_1470.0/2012-09-12T00:00:00.ecsv
# %ECSV 1.0
# ---
# datatype:
# - {name: wavelength, unit: Angstrom, datatype: float64}
# - {name: throughput, datatype: float64}
# meta: !!omap
# - {MODE: DETECTOR}
# - {TYPE: transmission_system}
# - {CALIBDATE: '2012-09-12T00:00:00'}
# - {INSTRUME: DECam}
# - {OBSTYPE: transmission_system}
# - {CALIBCLS: lsst.ip.isr.IntermediateSystemTransmissionCurve}
# - {DETECTOR: 51}
# - {DETECTOR_NAME: N20}
# - {SOURCE: i_band_per_detector_throughput.fits}
# - {FILTER: i DECam SDSS c0003 7835.0 1470.0}
# - {CALIB_CREATION_DATE: '2012-09-12'}
# - {CALIB_CREATION_TIME: '00:00:00'}
# schema: astropy-2.0
wavelength throughput
6700.0 0.0
6710.0 0.0
6720.0 0.0
6730.0 0.0
6740.0 0.0
6750.0 0.0
6760.0 0.0010476571042090654
6770.0 0.0011902130208909512
6780.0 0.0013327690539881587
6790.0 0.0014889814192429185
6800.0 0.001645204029045999
6810.0 0.0018557615112513304
6820.0 0.00206631887704134
6830.0 0.002321013016626239
6840.0 0.0025757071562111378
6850.0 0.0029248534701764584
6860.0 0.003273999784141779
6870.0 0.0036934632807970047
6880.0 0.004112916998565197
6890.0 0.00462657306343317
6900.0 0.005140218883752823
6910.0 0.005780376028269529
6920.0 0.006420533172786236
6930.0 0.007410210091620684
6940.0 0.008399898186326027
6950.0 0.009942673146724701
6960.0 0.011485449969768524
6970.0 0.01458308007568121
6980.0 0.017680699005723
6990.0 0.025005346164107323
7000.0 0.032329995185136795
7010.0 0.049119703471660614
7020.0 0.06590941548347473
7030.0 0.09914116561412811
7040.0 0.1323729157447815
7050.0 0.1881452351808548
7060.0 0.2439175844192505
7070.0 0.32245680689811707
7080.0 0.4009960889816284
7090.0 0.493254154920578
7100.0 0.5855122208595276
7110.0 0.6720137000083923
7120.0 0.7585152387619019
7130.0 0.8222169876098633
7140.0 0.8859186172485352
7150.0 0.9196229577064514
7160.0 0.9533272385597229
7170.0 0.9656880497932434
7180.0 0.9780488014221191
7190.0 0.9788687825202942
7200.0 0.9796887636184692
7210.0 0.9799632430076599
7220.0 0.9802377223968506
7230.0 0.9833191633224487
7240.0 0.9864006042480469
7250.0 0.9912857413291931
7260.0 0.9961709380149841
7270.0 1.0004634857177734
7280.0 1.004755973815918
7290.0 1.0051202774047852
7300.0 1.0054845809936523
7310.0 1.003653883934021
7320.0 1.0018230676651
7330.0 1.000049352645874
7340.0 0.9982755780220032
7350.0 0.9984176158905029
7360.0 0.9985595941543579
7370.0 1.0005440711975098
7380.0 1.0025286674499512
7390.0 1.0053602457046509
7400.0 1.0081920623779297
7410.0 1.0095787048339844
7420.0 1.0109654664993286
7430.0 1.0113633871078491
7440.0 1.01176118850708
7450.0 1.011560320854187
7460.0 1.011359453201294
7470.0 1.011020541191101
7480.0 1.0106815099716187
7490.0 1.01083242893219
7500.0 1.0109833478927612
7510.0 1.0108617544174194
7520.0 1.0107401609420776
7530.0 1.0108215808868408
7540.0 1.0109028816223145
7550.0 1.0100014209747314
7560.0 1.0090999603271484
7570.0 1.007724404335022
7580.0 1.006348729133606
7590.0 0.9974919557571411
7600.0 0.9886351823806763
7610.0 0.9904759526252747
7620.0 0.992316722869873
7630.0 0.9936602115631104
7640.0 0.9950037002563477
7650.0 0.9984075427055359
7660.0 1.0018115043640137
7670.0 1.003488302230835
7680.0 1.0051651000976562
7690.0 1.005538821220398
7700.0 1.0059125423431396
7710.0 1.0067998170852661
7720.0 1.0076870918273926
7730.0 1.0083519220352173
7740.0 1.009016752243042
7750.0 1.011460542678833
7760.0 1.013904333114624
7770.0 1.0146353244781494
7780.0 1.0153663158416748
7790.0 1.0156519412994385
7800.0 1.0159374475479126
7810.0 1.0154668092727661
7820.0 1.01499605178833
7830.0 1.0144504308700562
7840.0 1.0139049291610718
7850.0 1.0142478942871094
7860.0 1.014590859413147
7870.0 1.014163613319397
7880.0 1.013736367225647
7890.0 1.0107797384262085
7900.0 1.00782310962677
7910.0 1.0034090280532837
7920.0 0.9989949464797974
7930.0 0.9948839545249939
7940.0 0.99077308177948
7950.0 0.9873308539390564
7960.0 0.983888566493988
7970.0 0.9838079810142517
7980.0 0.9837273359298706
7990.0 0.9881844520568848
8000.0 0.9926414489746094
8010.0 0.9928907752037048
8020.0 0.9931402206420898
8030.0 0.9947695732116699
8040.0 0.9963990449905396
8050.0 0.9952492117881775
8060.0 0.9940993189811707
8070.0 0.9943884015083313
8080.0 0.9946775436401367
8090.0 0.9915886521339417
8100.0 0.9884998202323914
8110.0 0.9814922213554382
8120.0 0.9864670038223267
8130.0 0.9862784743309021
8140.0 0.9860899448394775
8150.0 0.9863407611846924
8160.0 0.9865915775299072
8170.0 0.989989161491394
8180.0 0.9888710379600525
8190.0 0.9817091822624207
8200.0 0.9790830612182617
8210.0 0.9764568209648132
8220.0 0.9747067093849182
8230.0 0.9729565382003784
8240.0 0.9746107459068298
8250.0 0.9762650728225708
8260.0 0.9797928929328918
8270.0 0.9833207130432129
8280.0 0.9872649312019348
8290.0 0.9912091493606567
8300.0 0.9951533675193787
8310.0 1.0038628578186035
8320.0 1.0045993328094482
8330.0 1.0053356885910034
8340.0 1.0060721635818481
8350.0 1.001033067703247
8360.0 0.9987092018127441
8370.0 0.9963853359222412
8380.0 0.9940614700317383
8390.0 0.9950805306434631
8400.0 0.990541398525238
8410.0 0.9917481541633606
8420.0 0.9929547905921936
8430.0 0.9923660755157471
8440.0 0.9982258081436157
8450.0 0.9969407916069031
8460.0 0.9956557154655457
8470.0 1.0010515451431274
8480.0 1.006447196006775
8490.0 1.0082662105560303
8500.0 1.010085105895996
8510.0 0.9884377121925354
8520.0 0.9667903184890747
8530.0 0.8845144510269165
8540.0 0.8022385239601135
8550.0 0.6476272940635681
8560.0 0.4930160343647003
8570.0 0.21786560118198395
8580.0 0.22112075984477997
8590.0 0.07895959913730621
8600.0 0.07950019836425781
8610.0 0.028337886556982994
8620.0 0.02854897268116474
8630.0 0.010773355141282082
8640.0 0.01128738559782505
8650.0 0.004944917280226946
8660.0 0.004605730529874563
8670.0 0.002238379092887044
8680.0 0.0018423646688461304
8690.0 0.0014463609550148249
8700.0 0.0
8710.0 0.0
8720.0 0.0
8730.0 0.0
8740.0 0.0
8750.0 0.0
