decam/transmission_system/n28/g_decam_sdss_c0001_4720.0_1520.0/2012-09-12T00:00:00.ecsv
# %ECSV 1.0
# ---
# datatype:
# - {name: wavelength, unit: Angstrom, datatype: float64}
# - {name: throughput, datatype: float64}
# meta: !!omap
# - {MODE: DETECTOR}
# - {TYPE: transmission_system}
# - {CALIBDATE: '2012-09-12T00:00:00'}
# - {INSTRUME: DECam}
# - {OBSTYPE: transmission_system}
# - {CALIBCLS: lsst.ip.isr.IntermediateSystemTransmissionCurve}
# - {DETECTOR: 59}
# - {DETECTOR_NAME: N28}
# - {SOURCE: g_band_per_detector_throughput.fits}
# - {FILTER: g DECam SDSS c0001 4720.0 1520.0}
# - {CALIB_CREATION_DATE: '2012-09-12'}
# - {CALIB_CREATION_TIME: '00:00:00'}
# schema: astropy-2.0
wavelength throughput
3750.0 0.0
3760.0 0.0
3770.0 0.0
3780.0 0.0
3790.0 0.0
3800.0 0.0
3810.0 0.0008585655596107244
3820.0 0.0010589041048660874
3830.0 0.0011800044449046254
3840.0 0.001404592185281217
3850.0 0.001687087002210319
3860.0 0.0019695924129337072
3870.0 0.0023443899117410183
3880.0 0.0027191874105483294
3890.0 0.0033796990755945444
3900.0 0.004040210973471403
3910.0 0.00413217069581151
3920.0 0.007250871509313583
3930.0 0.015171363018453121
3940.0 0.02309185452759266
3950.0 0.023728791624307632
3960.0 0.13060402870178223
3970.0 0.22797217965126038
3980.0 0.3253403306007385
3990.0 0.3254983425140381
4000.0 0.3595009446144104
4010.0 0.37538859248161316
4020.0 0.3912762701511383
4030.0 0.39622828364372253
4040.0 0.4008575975894928
4050.0 0.4019838273525238
4060.0 0.41119837760925293
4070.0 0.41475847363471985
4080.0 0.42558756470680237
4090.0 0.4260166883468628
4100.0 0.4324999153614044
4110.0 0.43666142225265503
4120.0 0.44082292914390564
4130.0 0.44365355372428894
4140.0 0.44982650876045227
4150.0 0.4520608186721802
4160.0 0.46557626128196716
4170.0 0.47234684228897095
4180.0 0.47911742329597473
4190.0 0.48053473234176636
4200.0 0.48086878657341003
4210.0 0.4815349876880646
4220.0 0.4898691773414612
4230.0 0.49038055539131165
4240.0 0.5061752796173096
4250.0 0.5115830898284912
4260.0 0.5169908404350281
4270.0 0.5206001400947571
4280.0 0.5299039483070374
4290.0 0.5299561023712158
4300.0 0.5393776893615723
4310.0 0.5434779524803162
4320.0 0.5475781559944153
4330.0 0.5527436137199402
4340.0 0.5579090714454651
4350.0 0.5633294582366943
4360.0 0.5687497854232788
4370.0 0.5735597610473633
4380.0 0.5783697366714478
4390.0 0.5852706432342529
4400.0 0.5921714901924133
4410.0 0.5962392687797546
4420.0 0.6003071665763855
4430.0 0.603674590587616
4440.0 0.6070420742034912
4450.0 0.6102361679077148
4460.0 0.6134302616119385
4470.0 0.6156051754951477
4480.0 0.6177801489830017
4490.0 0.6209771633148193
4500.0 0.6241741180419922
4510.0 0.6275038123130798
4520.0 0.6308333873748779
4530.0 0.6354162096977234
4540.0 0.6399990320205688
4550.0 0.6420076489448547
4560.0 0.6440162062644958
4570.0 0.6443673968315125
4580.0 0.6447185277938843
4590.0 0.6492154598236084
4600.0 0.653712272644043
4610.0 0.6579664945602417
4620.0 0.6622205972671509
4630.0 0.6650484204292297
4640.0 0.6678761839866638
4650.0 0.6699884533882141
4660.0 0.6721007823944092
4670.0 0.6716921329498291
4680.0 0.6712835431098938
4690.0 0.6724634170532227
4700.0 0.6736433506011963
4710.0 0.6763826608657837
4720.0 0.6791220307350159
4730.0 0.6834531426429749
4740.0 0.6877841949462891
4750.0 0.6921006441116333
4760.0 0.6964171528816223
4770.0 0.6969269514083862
4780.0 0.6974367499351501
4790.0 0.6986863017082214
4800.0 0.6999358534812927
4810.0 0.7024072408676147
4820.0 0.7048786282539368
4830.0 0.7055240273475647
4840.0 0.7061694860458374
4850.0 0.7065609693527222
4860.0 0.7069525122642517
4870.0 0.7098524570465088
4880.0 0.7127524018287659
4890.0 0.7164063453674316
4900.0 0.7200602889060974
4910.0 0.7214696407318115
4920.0 0.7228789925575256
4930.0 0.7213056683540344
4940.0 0.7197323441505432
4950.0 0.7209122180938721
4960.0 0.7220920920372009
4970.0 0.7279075384140015
4980.0 0.7337229251861572
4990.0 0.7363214492797852
5000.0 0.7389200925827026
5010.0 0.7412394285202026
5020.0 0.7435587644577026
5030.0 0.7449352145195007
5040.0 0.7463116645812988
5050.0 0.7479929327964783
5060.0 0.7496742010116577
5070.0 0.7520676851272583
5080.0 0.7544612288475037
5090.0 0.7561101317405701
5100.0 0.7577589750289917
5110.0 0.757294237613678
5120.0 0.7568295001983643
5130.0 0.7579463720321655
5140.0 0.7590632438659668
5150.0 0.7626645565032959
5160.0 0.766265869140625
5170.0 0.7683401703834534
5180.0 0.7704143524169922
5190.0 0.7727224230766296
5200.0 0.7750304937362671
5210.0 0.7784191370010376
5220.0 0.7818077802658081
5230.0 0.7854820489883423
5240.0 0.7891563177108765
5250.0 0.7919048070907593
5260.0 0.7946534156799316
5270.0 0.7953997254371643
5280.0 0.796146035194397
5290.0 0.7971435189247131
5300.0 0.7981410026550293
5310.0 0.8004645705223083
5320.0 0.8027881979942322
5330.0 0.8045597672462463
5340.0 0.8063313364982605
5350.0 0.8078572750091553
5360.0 0.8093832731246948
5370.0 0.8058555722236633
5380.0 0.8023279309272766
5390.0 0.7975818514823914
5400.0 0.7928358316421509
5410.0 0.7948725819587708
5420.0 0.7969093322753906
5430.0 0.7959426641464233
5440.0 0.7949760556221008
5450.0 0.708272397518158
5460.0 0.6215687394142151
5470.0 0.4258093535900116
5480.0 0.2300499975681305
5490.0 0.13572588562965393
5500.0 0.041401784867048264
5510.0 0.02551897242665291
5520.0 0.009636147879064083
5530.0 0.006004641763865948
5540.0 0.002373135881498456
5550.0 0.0016725687310099602
5560.0 0.0009720121161080897
5570.0 0.0007793896947987378
5580.0 0.0005867672734893858
5590.0 0.0005242076003924012
5600.0 0.0004616478690877557
5610.0 0.0004165247082710266
5620.0 0.0003713911573868245
5630.0 0.00033701653592288494
5640.0 0.00030264194356277585
5650.0 0.0
5660.0 0.0
5670.0 0.0
5680.0 0.0
5690.0 0.0
5700.0 0.0
