decam/transmission_system/n30/y_decam_c0005_10095.0_1130.0/2012-09-12T00:00:00.ecsv
# %ECSV 1.0
# ---
# datatype:
# - {name: wavelength, unit: Angstrom, datatype: float64}
# - {name: throughput, datatype: float64}
# meta: !!omap
# - {MODE: DETECTOR}
# - {TYPE: transmission_system}
# - {CALIBDATE: '2012-09-12T00:00:00'}
# - {INSTRUME: DECam}
# - {OBSTYPE: transmission_system}
# - {CALIBCLS: lsst.ip.isr.IntermediateSystemTransmissionCurve}
# - {DETECTOR: 61}
# - {DETECTOR_NAME: N30}
# - {SOURCE: Y_band_per_detector_throughput.fits}
# - {FILTER: Y DECam c0005 10095.0 1130.0}
# - {CALIB_CREATION_DATE: '2012-09-12'}
# - {CALIB_CREATION_TIME: '00:00:00'}
# schema: astropy-2.0
wavelength throughput
9250.0 0.0
9260.0 0.0
9270.0 0.0
9280.0 0.0
9290.0 0.0
9300.0 0.0
9310.0 0.007891464978456497
9320.0 0.008711605332791805
9330.0 0.009531756862998009
9340.0 0.010607941076159477
9350.0 0.011684136465191841
9360.0 0.013086443766951561
9370.0 0.014488752000033855
9380.0 0.016905391588807106
9390.0 0.019322019070386887
9400.0 0.02370140701532364
9410.0 0.028080783784389496
9420.0 0.03711918741464615
9430.0 0.0461575910449028
9440.0 0.06726651638746262
9450.0 0.08837543427944183
9460.0 0.08704123646020889
9470.0 0.17528985440731049
9480.0 0.1735871583223343
9490.0 0.32527971267700195
9500.0 0.32760441303253174
9510.0 0.5215208530426025
9520.0 0.6129027605056763
9530.0 0.70428466796875
9540.0 0.7600271105766296
9550.0 0.815769612789154
9560.0 0.8344541788101196
9570.0 0.8531387448310852
9580.0 0.8545385003089905
9590.0 0.8559381365776062
9600.0 0.855559229850769
9610.0 0.8551802039146423
9620.0 0.8543785214424133
9630.0 0.8535768985748291
9640.0 0.8528844118118286
9650.0 0.8521918058395386
9660.0 0.8499375581741333
9670.0 0.8476833701133728
9680.0 0.8436123132705688
9690.0 0.8395412564277649
9700.0 0.836439311504364
9710.0 0.8333373069763184
9720.0 0.8243566155433655
9730.0 0.8153758645057678
9740.0 0.8096795678138733
9750.0 0.8039832711219788
9760.0 0.7983365058898926
9770.0 0.7926897406578064
9780.0 0.7865315675735474
9790.0 0.7803733944892883
9800.0 0.7745048999786377
9810.0 0.7686364054679871
9820.0 0.7625150084495544
9830.0 0.7563936710357666
9840.0 0.7487033009529114
9850.0 0.7410129904747009
9860.0 0.7337120771408081
9870.0 0.7264111638069153
9880.0 0.7167008519172668
9890.0 0.7069905400276184
9900.0 0.6980714201927185
9910.0 0.6891522407531738
9920.0 0.6791309118270874
9930.0 0.6691095232963562
9940.0 0.660788357257843
9950.0 0.6524673104286194
9960.0 0.6423079967498779
9970.0 0.6321486234664917
9980.0 0.6222900748252869
9990.0 0.612431526184082
10000.0 0.6014506816864014
10010.0 0.5904698371887207
10020.0 0.5789695978164673
10030.0 0.5674692392349243
10040.0 0.5553427934646606
10050.0 0.543216347694397
10060.0 0.5320075154304504
10070.0 0.5207987427711487
10080.0 0.508563220500946
10090.0 0.496327668428421
10100.0 0.4835461676120758
10110.0 0.470764696598053
10120.0 0.45951956510543823
10130.0 0.4482744336128235
10140.0 0.4362715780735016
10150.0 0.4242686927318573
10160.0 0.4128020107746124
10170.0 0.40133529901504517
10180.0 0.38904276490211487
10190.0 0.37675029039382935
10200.0 0.3652326762676239
10210.0 0.35371509194374084
10220.0 0.3421822786331177
10230.0 0.3306494653224945
10240.0 0.3191080689430237
10250.0 0.30756667256355286
10260.0 0.29688596725463867
10270.0 0.2862052917480469
10280.0 0.27660849690437317
10290.0 0.2670116722583771
10300.0 0.25635257363319397
10310.0 0.24569350481033325
10320.0 0.23522688448429108
10330.0 0.2247602641582489
10340.0 0.21277059614658356
10350.0 0.2007809430360794
10360.0 0.1882268637418747
10370.0 0.17567279934883118
10380.0 0.16859455406665802
10390.0 0.16151632368564606
10400.0 0.15679214894771576
10410.0 0.15206798911094666
10420.0 0.14775967597961426
10430.0 0.14345137774944305
10440.0 0.13907364010810852
10450.0 0.134695902466774
10460.0 0.13040778040885925
10470.0 0.12611964344978333
10480.0 0.12215182930231094
10490.0 0.11818401515483856
10500.0 0.11370992660522461
10510.0 0.10923582315444946
10520.0 0.10591667890548706
10530.0 0.10259753465652466
10540.0 0.10012497752904892
10550.0 0.09765243530273438
10560.0 0.09583389014005661
10570.0 0.09401533007621765
10580.0 0.09121435880661011
10590.0 0.08841338008642197
10600.0 0.08180802315473557
10610.0 0.07520265877246857
10620.0 0.06327036768198013
10630.0 0.0513380728662014
10640.0 0.038996871560811996
10650.0 0.02665567956864834
10660.0 0.018866239115595818
10670.0 0.011076796799898148
10680.0 0.007603829726576805
10690.0 0.004130862187594175
10700.0 0.0
10710.0 0.0
10720.0 0.0
10730.0 0.0
10740.0 0.0
10750.0 0.0
