decam/transmission_system/s5/z_decam_sdss_c0004_9260.0_1520.0/2012-09-12T00:00:00.ecsv
# %ECSV 1.0
# ---
# datatype:
# - {name: wavelength, unit: Angstrom, datatype: float64}
# - {name: throughput, datatype: float64}
# meta: !!omap
# - {MODE: DETECTOR}
# - {TYPE: transmission_system}
# - {CALIBDATE: '2012-09-12T00:00:00'}
# - {INSTRUME: DECam}
# - {OBSTYPE: transmission_system}
# - {CALIBCLS: lsst.ip.isr.IntermediateSystemTransmissionCurve}
# - {DETECTOR: 29}
# - {DETECTOR_NAME: S5}
# - {SOURCE: z_band_per_detector_throughput.fits}
# - {FILTER: z DECam SDSS c0004 9260.0 1520.0}
# - {CALIB_CREATION_DATE: '2012-09-12'}
# - {CALIB_CREATION_TIME: '00:00:00'}
# schema: astropy-2.0
wavelength throughput
8200.0 0.0
8210.0 0.0
8220.0 0.0
8230.0 0.0
8240.0 0.0
8250.0 0.0
8260.0 0.004274166189134121
8270.0 0.004983840510249138
8280.0 0.005360694136470556
8290.0 0.005681198555976152
8300.0 0.0060016922652721405
8310.0 0.006360257975757122
8320.0 0.00734745291993022
8330.0 0.008334647864103317
8340.0 0.009321853518486023
8350.0 0.013394362293183804
8360.0 0.014010695740580559
8370.0 0.014627039432525635
8380.0 0.01524338312447071
8390.0 0.02182449959218502
8400.0 0.025449765846133232
8410.0 0.02907504141330719
8420.0 0.0327003076672554
8430.0 0.05903962627053261
8440.0 0.05309293046593666
8450.0 0.07994944602251053
8460.0 0.1068059578537941
8470.0 0.23324353992938995
8480.0 0.22919295728206635
8490.0 0.34820520877838135
8500.0 0.46721741557121277
8510.0 0.5964519381523132
8520.0 0.7256864309310913
8530.0 0.8180053234100342
8540.0 0.9103242754936218
8550.0 0.949025571346283
8560.0 0.9877268075942993
8570.0 1.0006403923034668
8580.0 1.0102949142456055
8590.0 0.9921314716339111
8600.0 0.990695059299469
8610.0 0.9869484305381775
8620.0 0.9910641312599182
8630.0 0.9968005418777466
8640.0 1.0045324563980103
8650.0 1.0067671537399292
8660.0 1.005165696144104
8670.0 1.0116267204284668
8680.0 1.0111644268035889
8690.0 1.010702133178711
8700.0 1.0108829736709595
8710.0 1.0110636949539185
8720.0 1.0117312669754028
8730.0 1.0123989582061768
8740.0 1.0100618600845337
8750.0 1.0150338411331177
8760.0 1.0169061422348022
8770.0 1.0187784433364868
8780.0 1.0203702449798584
8790.0 1.02196204662323
8800.0 1.0226688385009766
8810.0 1.0233756303787231
8820.0 1.0241281986236572
8830.0 1.0248807668685913
8840.0 1.0251573324203491
8850.0 1.0254337787628174
8860.0 1.0264183282852173
8870.0 1.0274028778076172
8880.0 1.0292861461639404
8890.0 1.0311694145202637
8900.0 1.0261621475219727
8910.0 1.0286906957626343
8920.0 1.0281617641448975
8930.0 1.0276328325271606
8940.0 1.0271039009094238
8950.0 1.0265886783599854
8960.0 1.0260735750198364
8970.0 1.0259560346603394
8980.0 1.0258384943008423
8990.0 1.0264809131622314
9000.0 1.0271233320236206
9010.0 1.028529167175293
9020.0 1.0299351215362549
9030.0 1.0316451787948608
9040.0 1.0333552360534668
9050.0 1.0336663722991943
9060.0 1.0363140106201172
9070.0 1.0349457263946533
9080.0 1.0335773229599
9090.0 1.0310776233673096
9100.0 1.0285780429840088
9110.0 1.0249707698822021
9120.0 1.0270580053329468
9130.0 1.0221956968307495
9140.0 1.0226950645446777
9150.0 1.022758960723877
9160.0 1.021791696548462
9170.0 1.0208244323730469
9180.0 1.020829677581787
9190.0 1.0208349227905273
9200.0 1.0188862085342407
9210.0 1.0169373750686646
9220.0 1.014439582824707
9230.0 1.011941909790039
9240.0 1.0058529376983643
9250.0 0.9997640252113342
9260.0 0.9958184361457825
9270.0 0.9918727278709412
9280.0 0.9848376512527466
9290.0 0.9778024554252625
9300.0 0.973229169845581
9310.0 0.9686558842658997
9320.0 0.9642053246498108
9330.0 0.9597548246383667
9340.0 0.9511318802833557
9350.0 0.9425089359283447
9360.0 0.9305006861686707
9370.0 0.918492317199707
9380.0 0.9091261625289917
9390.0 0.8997599482536316
9400.0 0.8871488571166992
9410.0 0.8745376467704773
9420.0 0.8662805557250977
9430.0 0.8580235242843628
9440.0 0.8506892919540405
9450.0 0.8558211326599121
9460.0 0.8560578227043152
9470.0 0.8578469157218933
9480.0 0.8600463271141052
9490.0 0.8622457385063171
9500.0 0.8609570860862732
9510.0 0.8657877445220947
9520.0 0.8663105964660645
9530.0 0.8668334484100342
9540.0 0.8668755292892456
9550.0 0.8669175505638123
9560.0 0.8665841817855835
9570.0 0.8662508130073547
9580.0 0.8645004630088806
9590.0 0.8627501130104065
9600.0 0.8596205711364746
9610.0 0.8564910292625427
9620.0 0.8550587892532349
9630.0 0.853626549243927
9640.0 0.8526029586791992
9650.0 0.8515793085098267
9660.0 0.8514803647994995
9670.0 0.8513814210891724
9680.0 0.8469651937484741
9690.0 0.8425489664077759
9700.0 0.8381327986717224
9710.0 0.8337165713310242
9720.0 0.8296758532524109
9730.0 0.8256350755691528
9740.0 0.8219964504241943
9750.0 0.8183578252792358
9760.0 0.8134827613830566
9770.0 0.8086076974868774
9780.0 0.807767391204834
9790.0 0.8069272041320801
9800.0 0.7960193157196045
9810.0 0.7851114273071289
9820.0 0.7769120335578918
9830.0 0.7687126398086548
9840.0 0.7616491317749023
9850.0 0.7545856833457947
9860.0 0.747813880443573
9870.0 0.7410420179367065
9880.0 0.7395986914634705
9890.0 0.7381554245948792
9900.0 0.7423263788223267
9910.0 0.7464972734451294
9920.0 0.7515342831611633
9930.0 0.7565712332725525
9940.0 0.73394376039505
9950.0 0.7113162875175476
9960.0 0.6373003125190735
9970.0 0.5632842779159546
9980.0 0.4525519907474518
9990.0 0.34181973338127136
10000.0 0.2543143630027771
10010.0 0.16680897772312164
10020.0 0.11849817633628845
10030.0 0.07018736749887466
10040.0 0.04939860478043556
10050.0 0.028609830886125565
10060.0 0.020376842468976974
10070.0 0.01214385312050581
10080.0 0.009239561855793
10090.0 0.006335271056741476
10100.0 0.004984931088984013
10110.0 0.0036345901899039745
10120.0 0.0027243797667324543
10130.0 0.001814169343560934
10140.0 0.0018558134324848652
10150.0 0.0
10160.0 0.0
10170.0 0.0
10180.0 0.0
10190.0 0.0
10200.0 0.0
