decam/transmission_system/s22/y_decam_c0005_10095.0_1130.0/2012-09-12T00:00:00.ecsv
# %ECSV 1.0
# ---
# datatype:
# - {name: wavelength, unit: Angstrom, datatype: float64}
# - {name: throughput, datatype: float64}
# meta: !!omap
# - {MODE: DETECTOR}
# - {TYPE: transmission_system}
# - {CALIBDATE: '2012-09-12T00:00:00'}
# - {INSTRUME: DECam}
# - {OBSTYPE: transmission_system}
# - {CALIBCLS: lsst.ip.isr.IntermediateSystemTransmissionCurve}
# - {DETECTOR: 10}
# - {DETECTOR_NAME: S22}
# - {SOURCE: Y_band_per_detector_throughput.fits}
# - {FILTER: Y DECam c0005 10095.0 1130.0}
# - {CALIB_CREATION_DATE: '2012-09-12'}
# - {CALIB_CREATION_TIME: '00:00:00'}
# schema: astropy-2.0
wavelength throughput
9250.0 0.0
9260.0 0.0
9270.0 0.0
9280.0 0.0
9290.0 0.0
9300.0 0.0
9310.0 0.0064450521022081375
9320.0 0.0073967198841273785
9330.0 0.00834838766604662
9340.0 0.009559890255331993
9350.0 0.010771382600069046
9360.0 0.012248877435922623
9370.0 0.013726373203098774
9380.0 0.016133707016706467
9390.0 0.018541039898991585
9400.0 0.022795213386416435
9410.0 0.02704939991235733
9420.0 0.03568190336227417
9430.0 0.044314417988061905
9440.0 0.06314828246831894
9450.0 0.08198215067386627
9460.0 0.08856287598609924
9470.0 0.17194031178951263
9480.0 0.17961494624614716
9490.0 0.33495277166366577
9500.0 0.34171566367149353
9510.0 0.560650110244751
9520.0 0.6654853224754333
9530.0 0.7703205943107605
9540.0 0.8195291757583618
9550.0 0.8687378168106079
9560.0 0.8780199289321899
9570.0 0.8873021602630615
9580.0 0.8854042291641235
9590.0 0.8835062384605408
9600.0 0.8806632161140442
9610.0 0.8778201937675476
9620.0 0.8746269345283508
9630.0 0.8714336156845093
9640.0 0.8692861199378967
9650.0 0.8671385645866394
9660.0 0.8648236989974976
9670.0 0.8625088334083557
9680.0 0.858995795249939
9690.0 0.8554827570915222
9700.0 0.8529251217842102
9710.0 0.8503674864768982
9720.0 0.8413901925086975
9730.0 0.832412838935852
9740.0 0.8262125849723816
9750.0 0.8200123310089111
9760.0 0.8133241534233093
9770.0 0.8066360354423523
9780.0 0.7995390892028809
9790.0 0.7924422025680542
9800.0 0.7857814431190491
9810.0 0.7791206240653992
9820.0 0.7727318406105042
9830.0 0.7663429379463196
9840.0 0.7584906816482544
9850.0 0.7506383657455444
9860.0 0.7431350350379944
9870.0 0.7356317639350891
9880.0 0.7254879474639893
9890.0 0.7153440713882446
9900.0 0.705848753452301
9910.0 0.6963534355163574
9920.0 0.6857168078422546
9930.0 0.6750801801681519
9940.0 0.6663291454315186
9950.0 0.6575781106948853
9960.0 0.6470971703529358
9970.0 0.6366162300109863
9980.0 0.6265296339988708
9990.0 0.6164429783821106
10000.0 0.605175793170929
10010.0 0.5939085483551025
10020.0 0.5821017622947693
10030.0 0.570294976234436
10040.0 0.5578948855400085
10050.0 0.545494794845581
10060.0 0.5339035987854004
10070.0 0.5223124623298645
10080.0 0.5096188187599182
10090.0 0.4969252347946167
10100.0 0.48368629813194275
10110.0 0.4704473316669464
10120.0 0.4600198268890381
10130.0 0.44959232211112976
10140.0 0.4370250999927521
10150.0 0.424457848072052
10160.0 0.4125537872314453
10170.0 0.40064969658851624
10180.0 0.38786590099334717
10190.0 0.3750821352005005
10200.0 0.36316466331481934
10210.0 0.35124722123146057
10220.0 0.3393222689628601
10230.0 0.32739731669425964
10240.0 0.3154286742210388
10250.0 0.303460031747818
10260.0 0.29240158200263977
10270.0 0.28134316205978394
10280.0 0.2713964581489563
10290.0 0.26144981384277344
10300.0 0.2504282593727112
10310.0 0.23940670490264893
10320.0 0.2285180389881134
10330.0 0.21762938797473907
10340.0 0.20509159564971924
10350.0 0.1925538033246994
10360.0 0.18010063469409943
10370.0 0.16764746606349945
10380.0 0.1610083281993866
10390.0 0.15436919033527374
10400.0 0.14974434673786163
10410.0 0.14511950314044952
10420.0 0.1409844309091568
10430.0 0.1368493288755417
10440.0 0.1327497512102127
10450.0 0.12865018844604492
10460.0 0.12476825714111328
10470.0 0.12088633328676224
10480.0 0.11736719310283661
10490.0 0.11384805291891098
10500.0 0.10983102768659592
10510.0 0.10581399500370026
10520.0 0.10295411944389343
10530.0 0.10009424388408661
10540.0 0.09800602495670319
10550.0 0.09591781347990036
10560.0 0.09467511624097824
10570.0 0.09343240410089493
10580.0 0.09187084436416626
10590.0 0.0903092697262764
10600.0 0.08625943958759308
10610.0 0.08220957219600677
10620.0 0.07268719375133514
10630.0 0.06316481530666351
10640.0 0.05021921545267105
10650.0 0.03727361187338829
10660.0 0.027051789686083794
10670.0 0.016829963773489
10680.0 0.011664560995995998
10690.0 0.006499158684164286
10700.0 0.0
10710.0 0.0
10720.0 0.0
10730.0 0.0
10740.0 0.0
10750.0 0.0
