decam/transmission_system/s20/y_decam_c0005_10095.0_1130.0/2012-09-12T00:00:00.ecsv
# %ECSV 1.0
# ---
# datatype:
# - {name: wavelength, unit: Angstrom, datatype: float64}
# - {name: throughput, datatype: float64}
# meta: !!omap
# - {MODE: DETECTOR}
# - {TYPE: transmission_system}
# - {CALIBDATE: '2012-09-12T00:00:00'}
# - {INSTRUME: DECam}
# - {OBSTYPE: transmission_system}
# - {CALIBCLS: lsst.ip.isr.IntermediateSystemTransmissionCurve}
# - {DETECTOR: 8}
# - {DETECTOR_NAME: S20}
# - {SOURCE: Y_band_per_detector_throughput.fits}
# - {FILTER: Y DECam c0005 10095.0 1130.0}
# - {CALIB_CREATION_DATE: '2012-09-12'}
# - {CALIB_CREATION_TIME: '00:00:00'}
# schema: astropy-2.0
wavelength throughput
9250.0 0.0
9260.0 0.0
9270.0 0.0
9280.0 0.0
9290.0 0.0
9300.0 0.0
9310.0 0.007617205381393433
9320.0 0.00841035507619381
9330.0 0.009203505702316761
9340.0 0.01024965662509203
9350.0 0.011295807547867298
9360.0 0.012684749439358711
9370.0 0.014073691330850124
9380.0 0.016448955982923508
9390.0 0.01882421039044857
9400.0 0.02299593761563301
9410.0 0.027167653664946556
9420.0 0.03548033908009529
9430.0 0.043793004006147385
9440.0 0.06192346662282944
9450.0 0.08005391061306
9460.0 0.0853802040219307
9470.0 0.1628488004207611
9480.0 0.1733217090368271
9490.0 0.308520644903183
9500.0 0.3237283527851105
9510.0 0.5182636380195618
9520.0 0.6171287298202515
9530.0 0.7159937620162964
9540.0 0.7686311602592468
9550.0 0.8212685585021973
9560.0 0.8336631059646606
9570.0 0.8460577726364136
9580.0 0.8454596400260925
9590.0 0.8448614478111267
9600.0 0.844167172908783
9610.0 0.8434728384017944
9620.0 0.8425167798995972
9630.0 0.8415606617927551
9640.0 0.8409062623977661
9650.0 0.8402518630027771
9660.0 0.8385461568832397
9670.0 0.8368405103683472
9680.0 0.8331530094146729
9690.0 0.8294655084609985
9700.0 0.8272844552993774
9710.0 0.8251034021377563
9720.0 0.816733181476593
9730.0 0.8083629608154297
9740.0 0.8031854629516602
9750.0 0.7980079054832458
9760.0 0.792348325252533
9770.0 0.7866888046264648
9780.0 0.7806460857391357
9790.0 0.7746034860610962
9800.0 0.7689241170883179
9810.0 0.7632447481155396
9820.0 0.7573566436767578
9830.0 0.7514684796333313
9840.0 0.7440557479858398
9850.0 0.7366429567337036
9860.0 0.7296111583709717
9870.0 0.7225793600082397
9880.0 0.7131035327911377
9890.0 0.7036276459693909
9900.0 0.6948785185813904
9910.0 0.6861292719841003
9920.0 0.6761556267738342
9930.0 0.6661819219589233
9940.0 0.6579744815826416
9950.0 0.6497669816017151
9960.0 0.6397916674613953
9970.0 0.629816472530365
9980.0 0.6202319264411926
9990.0 0.6106474995613098
10000.0 0.5999162197113037
10010.0 0.5891849398612976
10020.0 0.5779154300689697
10030.0 0.5666459798812866
10040.0 0.5546953082084656
10050.0 0.542744517326355
10060.0 0.5316686630249023
10070.0 0.5205928683280945
10080.0 0.5084468126296997
10090.0 0.49630069732666016
10100.0 0.4836401641368866
10110.0 0.4709796607494354
10120.0 0.45952749252319336
10130.0 0.4480753242969513
10140.0 0.43613725900650024
10150.0 0.42419925332069397
10160.0 0.41291162371635437
10170.0 0.4016239643096924
10180.0 0.3894249498844147
10190.0 0.37722593545913696
10200.0 0.3658256530761719
10210.0 0.3544253706932068
10220.0 0.34293362498283386
10230.0 0.3314419090747833
10240.0 0.3199993371963501
10250.0 0.30855676531791687
10260.0 0.297867089509964
10270.0 0.2871773838996887
10280.0 0.2776566743850708
10290.0 0.26813599467277527
10300.0 0.2574348449707031
10310.0 0.24673369526863098
10320.0 0.23620383441448212
10330.0 0.22567395865917206
10340.0 0.21337978541851044
10350.0 0.20108559727668762
10360.0 0.18881261348724365
10370.0 0.1765396147966385
10380.0 0.16993092000484467
10390.0 0.16332224011421204
10400.0 0.15863429009914398
10410.0 0.15394635498523712
10420.0 0.14953486621379852
10430.0 0.14512339234352112
10440.0 0.14060020446777344
10450.0 0.13607704639434814
10460.0 0.131591796875
10470.0 0.12710653245449066
10480.0 0.12296278774738312
10490.0 0.11881905049085617
10500.0 0.11417963355779648
10510.0 0.10954022407531738
10520.0 0.10601479560136795
10530.0 0.10248936712741852
10540.0 0.09984808415174484
10550.0 0.09720681607723236
10560.0 0.09535836428403854
10570.0 0.09350989013910294
10580.0 0.09095653891563416
10590.0 0.08840321004390717
10600.0 0.08260248601436615
10610.0 0.07680176198482513
10620.0 0.06531105190515518
10630.0 0.05382032319903374
10640.0 0.04105681553483009
10650.0 0.028293315321207047
10660.0 0.0200148094445467
10670.0 0.011736300773918629
10680.0 0.008065353147685528
10690.0 0.004394404124468565
10700.0 0.0
10710.0 0.0
10720.0 0.0
10730.0 0.0
10740.0 0.0
10750.0 0.0
