decam/transmission_system/n31/r_decam_sdss_c0002_6415.0_1480.0/2012-09-12T00:00:00.ecsv
# %ECSV 1.0
# ---
# datatype:
# - {name: wavelength, unit: Angstrom, datatype: float64}
# - {name: throughput, datatype: float64}
# meta: !!omap
# - {MODE: DETECTOR}
# - {TYPE: transmission_system}
# - {CALIBDATE: '2012-09-12T00:00:00'}
# - {INSTRUME: DECam}
# - {OBSTYPE: transmission_system}
# - {CALIBCLS: lsst.ip.isr.IntermediateSystemTransmissionCurve}
# - {DETECTOR: 62}
# - {DETECTOR_NAME: N31}
# - {SOURCE: r_band_per_detector_throughput.fits}
# - {FILTER: r DECam SDSS c0002 6415.0 1480.0}
# - {CALIB_CREATION_DATE: '2012-09-12'}
# - {CALIB_CREATION_TIME: '00:00:00'}
# schema: astropy-2.0
wavelength throughput
5350.0 0.0
5360.0 0.0
5370.0 0.0
5380.0 0.0
5390.0 0.0
5400.0 0.0
5410.0 0.0041481428779661655
5420.0 0.004625929053872824
5430.0 0.005288362503051758
5440.0 0.005950795020908117
5450.0 0.006714201997965574
5460.0 0.007477608975023031
5470.0 0.008211398497223854
5480.0 0.008945186622440815
5490.0 0.00995490700006485
5500.0 0.01096462830901146
5510.0 0.012069516815245152
5520.0 0.013174416497349739
5530.0 0.014501411467790604
5540.0 0.015828397125005722
5550.0 0.017526960000395775
5560.0 0.019225511699914932
5570.0 0.021350765600800514
5580.0 0.023476019501686096
5590.0 0.02687188796699047
5600.0 0.030267756432294846
5610.0 0.038595978170633316
5620.0 0.04692419618368149
5630.0 0.07966987788677216
5640.0 0.11241557449102402
5650.0 0.2282835990190506
5660.0 0.3441516160964966
5670.0 0.5185295343399048
5680.0 0.692907452583313
5690.0 0.7553457617759705
5700.0 0.8177841305732727
5710.0 0.8247770071029663
5720.0 0.8317698836326599
5730.0 0.8352950215339661
5740.0 0.8388200998306274
5750.0 0.8409568071365356
5760.0 0.8430935144424438
5770.0 0.8450072407722473
5780.0 0.8469210267066956
5790.0 0.8489014506340027
5800.0 0.8508818745613098
5810.0 0.8547611236572266
5820.0 0.8586403727531433
5830.0 0.8604034781455994
5840.0 0.8621665239334106
5850.0 0.8599355816841125
5860.0 0.8577046394348145
5870.0 0.8551831245422363
5880.0 0.8526615500450134
5890.0 0.8538823127746582
5900.0 0.8551031947135925
5910.0 0.8585004210472107
5920.0 0.8618977069854736
5930.0 0.8636627793312073
5940.0 0.8654279112815857
5950.0 0.8642444014549255
5960.0 0.8630608916282654
5970.0 0.863048255443573
5980.0 0.8630355000495911
5990.0 0.8655035495758057
6000.0 0.8679715991020203
6010.0 0.8709185719490051
6020.0 0.8738654851913452
6030.0 0.8757345676422119
6040.0 0.8787638545036316
6050.0 0.8788112998008728
6060.0 0.878858745098114
6070.0 0.8781724572181702
6080.0 0.8774862289428711
6090.0 0.878440260887146
6100.0 0.8793941736221313
6110.0 0.8816787600517273
6120.0 0.8839632868766785
6130.0 0.8870545029640198
6140.0 0.8901456594467163
6150.0 0.8916547894477844
6160.0 0.8931638598442078
6170.0 0.89372318983078
6180.0 0.8942825198173523
6190.0 0.8941552639007568
6200.0 0.8940280079841614
6210.0 0.8944185972213745
6220.0 0.8948092460632324
6230.0 0.8949703574180603
6240.0 0.8951314091682434
6250.0 0.8960980176925659
6260.0 0.8970645666122437
6270.0 0.8986592292785645
6280.0 0.90025395154953
6290.0 0.9009951949119568
6300.0 0.9017364382743835
6310.0 0.9025987982749939
6320.0 0.9034610390663147
6330.0 0.904157817363739
6340.0 0.9048545360565186
6350.0 0.905837893486023
6360.0 0.9068211913108826
6370.0 0.9084963798522949
6380.0 0.910171627998352
6390.0 0.9107987284660339
6400.0 0.9114258289337158
6410.0 0.911756694316864
6420.0 0.9120875597000122
6430.0 0.9118725061416626
6440.0 0.911657452583313
6450.0 0.9112498164176941
6460.0 0.9108421802520752
6470.0 0.9106672406196594
6480.0 0.9104923009872437
6490.0 0.9111030101776123
6500.0 0.911713719367981
6510.0 0.9126229882240295
6520.0 0.9135322570800781
6530.0 0.9151170253753662
6540.0 0.9167019128799438
6550.0 0.9185382723808289
6560.0 0.9203746318817139
6570.0 0.9213587641716003
6580.0 0.9223429560661316
6590.0 0.9222495555877686
6600.0 0.9221562147140503
6610.0 0.9212519526481628
6620.0 0.9203476905822754
6630.0 0.9197720289230347
6640.0 0.9191963076591492
6650.0 0.9194749593734741
6660.0 0.9197536110877991
6670.0 0.9216729998588562
6680.0 0.9235923886299133
6690.0 0.9254705309867859
6700.0 0.927348792552948
6710.0 0.9280243515968323
6720.0 0.9286999106407166
6730.0 0.9280288219451904
6740.0 0.9273576736450195
6750.0 0.9262881278991699
6760.0 0.9252185821533203
6770.0 0.9251318573951721
6780.0 0.9250451326370239
6790.0 0.9257559776306152
6800.0 0.9264668226242065
6810.0 0.9269019365310669
6820.0 0.9273370504379272
6830.0 0.9278621077537537
6840.0 0.9283872246742249
6850.0 0.9284113049507141
6860.0 0.9284353852272034
6870.0 0.927619218826294
6880.0 0.9268030524253845
6890.0 0.9261621236801147
6900.0 0.925521194934845
6910.0 0.9244722127914429
6920.0 0.9234232902526855
6930.0 0.92253178358078
6940.0 0.9216402769088745
6950.0 0.9208949208259583
6960.0 0.9201495051383972
6970.0 0.9203266501426697
6980.0 0.9205038547515869
6990.0 0.9209265112876892
7000.0 0.921349048614502
7010.0 0.9209498167037964
7020.0 0.9205505847930908
7030.0 0.917612612247467
7040.0 0.9146745800971985
7050.0 0.9073536992073059
7060.0 0.9000328183174133
7070.0 0.8870879411697388
7080.0 0.8741430640220642
7090.0 0.8643258213996887
7100.0 0.854508638381958
7110.0 0.8199516534805298
7120.0 0.7853946685791016
7130.0 0.6898623704910278
7140.0 0.5943301320075989
7150.0 0.45807594060897827
7160.0 0.32182174921035767
7170.0 0.21245060861110687
7180.0 0.10307947546243668
7190.0 0.06666853278875351
7200.0 0.030257590115070343
7210.0 0.019895192235708237
7220.0 0.009532785043120384
7230.0 0.007537219673395157
7240.0 0.0055416543036699295
7250.0 0.003913107793778181
7260.0 0.002284571761265397
7270.0 0.0017007538117468357
7280.0 0.001116946223191917
7290.0 0.0008974576485343277
7300.0 0.0006779690738767385
7310.0 0.0005967161851003766
7320.0 0.0005154633545316756
7330.0 0.00045490797492675483
7340.0 0.00039435256621800363
7350.0 0.0
7360.0 0.0
7370.0 0.0
7380.0 0.0
7390.0 0.0
7400.0 0.0
