decam/transmission_system/s17/g_decam_sdss_c0001_4720.0_1520.0/2012-09-12T00:00:00.ecsv
# %ECSV 1.0
# ---
# datatype:
# - {name: wavelength, unit: Angstrom, datatype: float64}
# - {name: throughput, datatype: float64}
# meta: !!omap
# - {MODE: DETECTOR}
# - {TYPE: transmission_system}
# - {CALIBDATE: '2012-09-12T00:00:00'}
# - {INSTRUME: DECam}
# - {OBSTYPE: transmission_system}
# - {CALIBCLS: lsst.ip.isr.IntermediateSystemTransmissionCurve}
# - {DETECTOR: 16}
# - {DETECTOR_NAME: S17}
# - {SOURCE: g_band_per_detector_throughput.fits}
# - {FILTER: g DECam SDSS c0001 4720.0 1520.0}
# - {CALIB_CREATION_DATE: '2012-09-12'}
# - {CALIB_CREATION_TIME: '00:00:00'}
# schema: astropy-2.0
wavelength throughput
3750.0 0.0
3760.0 0.0
3770.0 0.0
3780.0 0.0
3790.0 0.0
3800.0 0.0
3810.0 0.0006441344739869237
3820.0 0.0007833152776584029
3830.0 0.0007595853530801833
3840.0 0.0010829351376742125
3850.0 0.0013396231224760413
3860.0 0.0015963111072778702
3870.0 0.0019357993733137846
3880.0 0.00227529788389802
3890.0 0.002815415384247899
3900.0 0.0033555328845977783
3910.0 0.003506604814901948
3920.0 0.006295922212302685
3930.0 0.012643406167626381
3940.0 0.018990879878401756
3950.0 0.019723225384950638
3960.0 0.10773118585348129
3970.0 0.211114764213562
3980.0 0.3144983649253845
3990.0 0.3134356439113617
4000.0 0.35153254866600037
4010.0 0.36783817410469055
4020.0 0.38414376974105835
4030.0 0.38806813955307007
4040.0 0.395162433385849
4050.0 0.3950120806694031
4060.0 0.40285563468933105
4070.0 0.4066496789455414
4080.0 0.41980135440826416
4090.0 0.42016667127609253
4100.0 0.4274304509162903
4110.0 0.4310436546802521
4120.0 0.4346568286418915
4130.0 0.4372471868991852
4140.0 0.44480186700820923
4150.0 0.44693106412887573
4160.0 0.4588529169559479
4170.0 0.4671233296394348
4180.0 0.47539374232292175
4190.0 0.4754966199398041
4200.0 0.4786680340766907
4210.0 0.48031777143478394
4220.0 0.4841679036617279
4230.0 0.48363131284713745
4240.0 0.4997881054878235
4250.0 0.5039343237876892
4260.0 0.5080804228782654
4270.0 0.5104112029075623
4280.0 0.5211449861526489
4290.0 0.5200420022010803
4300.0 0.5317710638046265
4310.0 0.5358589291572571
4320.0 0.5399467945098877
4330.0 0.5440741777420044
4340.0 0.5482016205787659
4350.0 0.5542222261428833
4360.0 0.560242772102356
4370.0 0.5648131966590881
4380.0 0.5693835616111755
4390.0 0.5752851963043213
4400.0 0.581186830997467
4410.0 0.585529088973999
4420.0 0.589871346950531
4430.0 0.5933562517166138
4440.0 0.5968412160873413
4450.0 0.6006913781166077
4460.0 0.6045414805412292
4470.0 0.6079753041267395
4480.0 0.6114091277122498
4490.0 0.6143618822097778
4500.0 0.6173146367073059
4510.0 0.6204527616500854
4520.0 0.6235909461975098
4530.0 0.6284306645393372
4540.0 0.6332704424858093
4550.0 0.6360465884208679
4560.0 0.6388226747512817
4570.0 0.6404238939285278
4580.0 0.6420251727104187
4590.0 0.6453809142112732
4600.0 0.6487367153167725
4610.0 0.6531991958618164
4620.0 0.6576617360115051
4630.0 0.6610615253448486
4640.0 0.6644613146781921
4650.0 0.6675276756286621
4660.0 0.6705939769744873
4670.0 0.6719030141830444
4680.0 0.673211932182312
4690.0 0.6745626330375671
4700.0 0.6759133338928223
4710.0 0.6786231994628906
4720.0 0.6813330054283142
4730.0 0.6845470070838928
4740.0 0.6877610087394714
4750.0 0.6922240853309631
4760.0 0.6966872215270996
4770.0 0.6986052393913269
4780.0 0.7005232572555542
4790.0 0.7009133696556091
4800.0 0.7013034224510193
4810.0 0.7051002383232117
4820.0 0.7088969945907593
4830.0 0.7113041877746582
4840.0 0.7137113213539124
4850.0 0.7127273678779602
4860.0 0.7117434144020081
4870.0 0.7142601013183594
4880.0 0.7167767286300659
4890.0 0.720477283000946
4900.0 0.724177896976471
4910.0 0.7263906002044678
4920.0 0.7286033630371094
4930.0 0.7293011546134949
4940.0 0.7299990057945251
4950.0 0.7304480075836182
4960.0 0.730897068977356
4970.0 0.7346274852752686
4980.0 0.7383579015731812
4990.0 0.7411876320838928
5000.0 0.7440174221992493
5010.0 0.7469085454940796
5020.0 0.7497996687889099
5030.0 0.7507627010345459
5040.0 0.7517257928848267
5050.0 0.7539551258087158
5060.0 0.7561845183372498
5070.0 0.7601832151412964
5080.0 0.7641819715499878
5090.0 0.7668052911758423
5100.0 0.7694286704063416
5110.0 0.7684881091117859
5120.0 0.7675474882125854
5130.0 0.76784348487854
5140.0 0.7681394815444946
5150.0 0.7714444398880005
5160.0 0.7747493982315063
5170.0 0.7758219838142395
5180.0 0.7768946290016174
5190.0 0.7783980965614319
5200.0 0.7799015641212463
5210.0 0.7839651703834534
5220.0 0.7880287766456604
5230.0 0.791285514831543
5240.0 0.7945422530174255
5250.0 0.796485185623169
5260.0 0.7984281182289124
5270.0 0.798966646194458
5280.0 0.7995051741600037
5290.0 0.8000856637954712
5300.0 0.8006662130355835
5310.0 0.8034407496452332
5320.0 0.8062153458595276
5330.0 0.8088262677192688
5340.0 0.8114371299743652
5350.0 0.8155485987663269
5360.0 0.8196600675582886
5370.0 0.8221052885055542
5380.0 0.824550449848175
5390.0 0.8245185017585754
5400.0 0.8244865536689758
5410.0 0.8311749696731567
5420.0 0.8378633260726929
5430.0 0.8638162612915039
5440.0 0.8897693157196045
5450.0 0.8777108192443848
5460.0 0.865652322769165
5470.0 0.6634465456008911
5480.0 0.4612407982349396
5490.0 0.2808104455471039
5500.0 0.1003800630569458
5510.0 0.06109220162034035
5520.0 0.021804332733154297
5530.0 0.013279169797897339
5540.0 0.004753998015075922
5550.0 0.0031711249612271786
5560.0 0.0015882522566244006
5570.0 0.0012082415632903576
5580.0 0.0008282203343696892
5590.0 0.0007129355799406767
5600.0 0.0005976508837193251
5610.0 0.0005215178825892508
5620.0 0.0004453848523553461
5630.0 0.00041387652163393795
5640.0 0.0003823785809800029
5650.0 0.0
5660.0 0.0
5670.0 0.0
5680.0 0.0
5690.0 0.0
5700.0 0.0
