decam/transmission_system/s20/g_decam_sdss_c0001_4720.0_1520.0/2012-09-12T00:00:00.ecsv
# %ECSV 1.0
# ---
# datatype:
# - {name: wavelength, unit: Angstrom, datatype: float64}
# - {name: throughput, datatype: float64}
# meta: !!omap
# - {MODE: DETECTOR}
# - {TYPE: transmission_system}
# - {CALIBDATE: '2012-09-12T00:00:00'}
# - {INSTRUME: DECam}
# - {OBSTYPE: transmission_system}
# - {CALIBCLS: lsst.ip.isr.IntermediateSystemTransmissionCurve}
# - {DETECTOR: 8}
# - {DETECTOR_NAME: S20}
# - {SOURCE: g_band_per_detector_throughput.fits}
# - {FILTER: g DECam SDSS c0001 4720.0 1520.0}
# - {CALIB_CREATION_DATE: '2012-09-12'}
# - {CALIB_CREATION_TIME: '00:00:00'}
# schema: astropy-2.0
wavelength throughput
3750.0 0.0
3760.0 0.0
3770.0 0.0
3780.0 0.0
3790.0 0.0
3800.0 0.0
3810.0 0.0008502470445819199
3820.0 0.001025910722091794
3830.0 0.001037323847413063
3840.0 0.0013922754442319274
3850.0 0.0016868585953488946
3860.0 0.001981431385502219
3870.0 0.002369573572650552
3880.0 0.0027577055152505636
3890.0 0.0034149044658988714
3900.0 0.004072092939168215
3910.0 0.003920013550668955
3920.0 0.007045215927064419
3930.0 0.013830275274813175
3940.0 0.020615335553884506
3950.0 0.022083088755607605
3960.0 0.12391188740730286
3970.0 0.2341228574514389
3980.0 0.34433382749557495
3990.0 0.3427306115627289
4000.0 0.3778831958770752
4010.0 0.3940196931362152
4020.0 0.4101561903953552
4030.0 0.41588830947875977
4040.0 0.42028066515922546
4050.0 0.4219566285610199
4060.0 0.4313356280326843
4070.0 0.43628251552581787
4080.0 0.44705286622047424
4090.0 0.4482676088809967
4100.0 0.45577433705329895
4110.0 0.4598850905895233
4120.0 0.46399590373039246
4130.0 0.46710440516471863
4140.0 0.4722144305706024
4150.0 0.4753841161727905
4160.0 0.48962512612342834
4170.0 0.49636468291282654
4180.0 0.5031042695045471
4190.0 0.5049516558647156
4200.0 0.5059117078781128
4210.0 0.504705548286438
4220.0 0.5121027827262878
4230.0 0.5132466554641724
4240.0 0.5259648561477661
4250.0 0.5304263234138489
4260.0 0.5348879098892212
4270.0 0.5389931797981262
4280.0 0.5497978925704956
4290.0 0.5503115057945251
4300.0 0.560518741607666
4310.0 0.5636599659919739
4320.0 0.5668011903762817
4330.0 0.5715078115463257
4340.0 0.5762143731117249
4350.0 0.5812259912490845
4360.0 0.5862374901771545
4370.0 0.5908604860305786
4380.0 0.5954834818840027
4390.0 0.6027811169624329
4400.0 0.610078752040863
4410.0 0.6135436296463013
4420.0 0.6170085072517395
4430.0 0.6198140978813171
4440.0 0.62261962890625
4450.0 0.625133752822876
4460.0 0.6276479363441467
4470.0 0.6295018196105957
4480.0 0.6313556432723999
4490.0 0.6352570652961731
4500.0 0.6391584873199463
4510.0 0.6415274739265442
4520.0 0.6438964605331421
4530.0 0.6476895809173584
4540.0 0.6514827609062195
4550.0 0.6529849767684937
4560.0 0.654487133026123
4570.0 0.6548033356666565
4580.0 0.6551195383071899
4590.0 0.6591792106628418
4600.0 0.6632390022277832
4610.0 0.6659984588623047
4620.0 0.6687580347061157
4630.0 0.6708295345306396
4640.0 0.6729009747505188
4650.0 0.6744110584259033
4660.0 0.6759210228919983
4670.0 0.6746923327445984
4680.0 0.6734635233879089
4690.0 0.674117386341095
4700.0 0.6747713088989258
4710.0 0.6771559119224548
4720.0 0.6795406341552734
4730.0 0.6830635666847229
4740.0 0.6865865588188171
4750.0 0.6898070573806763
4760.0 0.6930274367332458
4770.0 0.693091094493866
4780.0 0.6931546330451965
4790.0 0.6934707760810852
4800.0 0.6937869191169739
4810.0 0.6951497197151184
4820.0 0.6965124607086182
4830.0 0.6962682008743286
4840.0 0.6960239410400391
4850.0 0.6953759789466858
4860.0 0.6947280168533325
4870.0 0.6975873708724976
4880.0 0.7004467844963074
4890.0 0.7040972113609314
4900.0 0.7077476382255554
4910.0 0.7084290385246277
4920.0 0.7091104388237
4930.0 0.7062796950340271
4940.0 0.7034489512443542
4950.0 0.7032657861709595
4960.0 0.7030826210975647
4970.0 0.7086432576179504
4980.0 0.7142038345336914
4990.0 0.7170174717903137
5000.0 0.7198312282562256
5010.0 0.7213044166564941
5020.0 0.7227776646614075
5030.0 0.7236776947975159
5040.0 0.724577784538269
5050.0 0.7255362868309021
5060.0 0.7264947891235352
5070.0 0.7283688187599182
5080.0 0.7302427887916565
5090.0 0.7318360805511475
5100.0 0.7334293723106384
5110.0 0.7317490577697754
5120.0 0.7300686836242676
5130.0 0.7301831245422363
5140.0 0.7302976250648499
5150.0 0.7333819270133972
5160.0 0.7364662289619446
5170.0 0.7383349537849426
5180.0 0.7402036786079407
5190.0 0.74248868227005
5200.0 0.7447735667228699
5210.0 0.7476472854614258
5220.0 0.7505210041999817
5230.0 0.7535225749015808
5240.0 0.7565242052078247
5250.0 0.7582815289497375
5260.0 0.7600388526916504
5270.0 0.7601456046104431
5280.0 0.7602523565292358
5290.0 0.7611120939254761
5300.0 0.7619717717170715
5310.0 0.7636777758598328
5320.0 0.7653838396072388
5330.0 0.7668144702911377
5340.0 0.7682451009750366
5350.0 0.7695320844650269
5360.0 0.7708191871643066
5370.0 0.7672128677368164
5380.0 0.7636065483093262
5390.0 0.7578336000442505
5400.0 0.75206059217453
5410.0 0.7532595992088318
5420.0 0.7544585466384888
5430.0 0.7562486529350281
5440.0 0.7580386400222778
5450.0 0.6784435510635376
5460.0 0.5988485217094421
5470.0 0.40550827980041504
5480.0 0.21216800808906555
5490.0 0.12424280494451523
5500.0 0.0363176167011261
5510.0 0.022438684478402138
5520.0 0.00855974480509758
5530.0 0.005346362944692373
5540.0 0.0021329806186258793
5550.0 0.0015159513568505645
5560.0 0.0008989219786599278
5570.0 0.0007288766792044044
5580.0 0.0005588313797488809
5590.0 0.0004886387032456696
5600.0 0.000418445939430967
5610.0 0.0003817866381723434
5620.0 0.0003451273078098893
5630.0 0.0003194553719367832
5640.0 0.00029378346516750753
5650.0 0.0
5660.0 0.0
5670.0 0.0
5680.0 0.0
5690.0 0.0
5700.0 0.0
