decam/transmission_system/s7/g_decam_sdss_c0001_4720.0_1520.0/2012-09-12T00:00:00.ecsv
# %ECSV 1.0
# ---
# datatype:
# - {name: wavelength, unit: Angstrom, datatype: float64}
# - {name: throughput, datatype: float64}
# meta: !!omap
# - {MODE: DETECTOR}
# - {TYPE: transmission_system}
# - {CALIBDATE: '2012-09-12T00:00:00'}
# - {INSTRUME: DECam}
# - {OBSTYPE: transmission_system}
# - {CALIBCLS: lsst.ip.isr.IntermediateSystemTransmissionCurve}
# - {DETECTOR: 31}
# - {DETECTOR_NAME: S7}
# - {SOURCE: g_band_per_detector_throughput.fits}
# - {FILTER: g DECam SDSS c0001 4720.0 1520.0}
# - {CALIB_CREATION_DATE: '2012-09-12'}
# - {CALIB_CREATION_TIME: '00:00:00'}
# schema: astropy-2.0
wavelength throughput
3750.0 0.0
3760.0 0.0
3770.0 0.0
3780.0 0.0
3790.0 0.0
3800.0 0.0
3810.0 0.001080505084246397
3820.0 0.0011470422614365816
3830.0 0.0015751878963783383
3840.0 0.0016307273181155324
3850.0 0.0019408464431762695
3860.0 0.0022509656846523285
3870.0 0.0025951063726097345
3880.0 0.0029392470605671406
3890.0 0.003516335505992174
3900.0 0.00409342348575592
3910.0 0.004071906208992004
3920.0 0.007631391752511263
3930.0 0.016791632398962975
3940.0 0.025951873511075974
3950.0 0.026050874963402748
3960.0 0.15043625235557556
3970.0 0.23871833086013794
3980.0 0.3270004093647003
3990.0 0.32631999254226685
4000.0 0.34894880652427673
4010.0 0.3635421097278595
4020.0 0.37813541293144226
4030.0 0.3828634023666382
4040.0 0.3859412372112274
4050.0 0.3864394426345825
4060.0 0.39889732003211975
4070.0 0.4024111330509186
4080.0 0.41354599595069885
4090.0 0.4139958918094635
4100.0 0.4219996929168701
4110.0 0.4270928204059601
4120.0 0.43218597769737244
4130.0 0.43420910835266113
4140.0 0.4401325583457947
4150.0 0.4419451355934143
4160.0 0.4575948119163513
4170.0 0.46428704261779785
4180.0 0.4709792733192444
4190.0 0.47219714522361755
4200.0 0.4725092649459839
4210.0 0.4736071825027466
4220.0 0.48394083976745605
4230.0 0.48428797721862793
4240.0 0.4998028576374054
4250.0 0.5057228207588196
4260.0 0.5116428136825562
4270.0 0.5145820379257202
4280.0 0.5246574282646179
4290.0 0.5244346857070923
4300.0 0.534936785697937
4310.0 0.5390426516532898
4320.0 0.5431486368179321
4330.0 0.5484358072280884
4340.0 0.5537229776382446
4350.0 0.558910608291626
4360.0 0.5640982389450073
4370.0 0.5692477822303772
4380.0 0.5743972659111023
4390.0 0.5814482569694519
4400.0 0.5884991884231567
4410.0 0.5925489664077759
4420.0 0.596598744392395
4430.0 0.6002461910247803
4440.0 0.6038936972618103
4450.0 0.6075902581214905
4460.0 0.6112867593765259
4470.0 0.6134436130523682
4480.0 0.6156004667282104
4490.0 0.6189586520195007
4500.0 0.622316837310791
4510.0 0.6258774399757385
4520.0 0.6294379830360413
4530.0 0.6341202855110168
4540.0 0.6388025879859924
4550.0 0.6413632035255432
4560.0 0.6439237594604492
4570.0 0.6448741555213928
4580.0 0.6458244919776917
4590.0 0.6506808400154114
4600.0 0.6555371284484863
4610.0 0.6591840386390686
4620.0 0.6628308892250061
4630.0 0.6657515168190002
4640.0 0.6686720848083496
4650.0 0.6709831357002258
4660.0 0.6732943058013916
4670.0 0.6730287075042725
4680.0 0.6727631092071533
4690.0 0.6745524406433105
4700.0 0.6763418316841125
4710.0 0.6791613698005676
4720.0 0.6819809675216675
4730.0 0.6863046884536743
4740.0 0.6906284093856812
4750.0 0.6946375966072083
4760.0 0.6986467838287354
4770.0 0.6990552544593811
4780.0 0.6994637846946716
4790.0 0.7009474039077759
4800.0 0.7024310827255249
4810.0 0.7044432759284973
4820.0 0.7064554691314697
4830.0 0.7066922187805176
4840.0 0.7069289088249207
4850.0 0.7080745697021484
4860.0 0.7092201709747314
4870.0 0.7126280069351196
4880.0 0.716035783290863
4890.0 0.7198051810264587
4900.0 0.7235745787620544
4910.0 0.724888265132904
4920.0 0.7262018918991089
4930.0 0.724206805229187
4940.0 0.7222116589546204
4950.0 0.7238965034484863
4960.0 0.7255812883377075
4970.0 0.7325262427330017
4980.0 0.7394711971282959
4990.0 0.7417097091674805
5000.0 0.743948221206665
5010.0 0.7461885213851929
5020.0 0.7484288811683655
5030.0 0.7500218749046326
5040.0 0.7516149282455444
5050.0 0.7533273696899414
5060.0 0.7550398707389832
5070.0 0.7572240233421326
5080.0 0.7594081163406372
5090.0 0.7611297369003296
5100.0 0.762851357460022
5110.0 0.7632452845573425
5120.0 0.7636392116546631
5130.0 0.7649625539779663
5140.0 0.7662858366966248
5150.0 0.7696377038955688
5160.0 0.7729895114898682
5170.0 0.775398850440979
5180.0 0.7778082489967346
5190.0 0.780377209186554
5200.0 0.7829462289810181
5210.0 0.7863593101501465
5220.0 0.7897723317146301
5230.0 0.7933679223060608
5240.0 0.7969635128974915
5250.0 0.7998085618019104
5260.0 0.8026536107063293
5270.0 0.8036827445030212
5280.0 0.8047119379043579
5290.0 0.8058211803436279
5300.0 0.8069304823875427
5310.0 0.8096106648445129
5320.0 0.8122909069061279
5330.0 0.8140179514884949
5340.0 0.8157450556755066
5350.0 0.8163526058197021
5360.0 0.8169601559638977
5370.0 0.8114265203475952
5380.0 0.805892825126648
5390.0 0.8011765480041504
5400.0 0.7964602708816528
5410.0 0.8007243275642395
5420.0 0.804988443851471
5430.0 0.8026562333106995
5440.0 0.800324022769928
5450.0 0.6894757151603699
5460.0 0.5786275267601013
5470.0 0.3778111934661865
5480.0 0.17699488997459412
5490.0 0.10371170192956924
5500.0 0.030428528785705566
5510.0 0.019022556021809578
5520.0 0.007616572082042694
5530.0 0.004810430575162172
5540.0 0.002004278590902686
5550.0 0.0014462571125477552
5560.0 0.0008882356924004853
5570.0 0.0007338096620514989
5580.0 0.0005793835152871907
5590.0 0.0005146117764525115
5600.0 0.0004498504276853055
5610.0 0.0004102209641132504
5620.0 0.00037059152964502573
5630.0 0.0003526876389514655
5640.0 0.0003347941383253783
5650.0 0.0
5660.0 0.0
5670.0 0.0
5680.0 0.0
5690.0 0.0
5700.0 0.0
