decam/transmission_system/s21/r_decam_sdss_c0002_6415.0_1480.0/2012-09-12T00:00:00.ecsv
# %ECSV 1.0
# ---
# datatype:
# - {name: wavelength, unit: Angstrom, datatype: float64}
# - {name: throughput, datatype: float64}
# meta: !!omap
# - {MODE: DETECTOR}
# - {TYPE: transmission_system}
# - {CALIBDATE: '2012-09-12T00:00:00'}
# - {INSTRUME: DECam}
# - {OBSTYPE: transmission_system}
# - {CALIBCLS: lsst.ip.isr.IntermediateSystemTransmissionCurve}
# - {DETECTOR: 9}
# - {DETECTOR_NAME: S21}
# - {SOURCE: r_band_per_detector_throughput.fits}
# - {FILTER: r DECam SDSS c0002 6415.0 1480.0}
# - {CALIB_CREATION_DATE: '2012-09-12'}
# - {CALIB_CREATION_TIME: '00:00:00'}
# schema: astropy-2.0
wavelength throughput
5350.0 0.0
5360.0 0.0
5370.0 0.0
5380.0 0.0
5390.0 0.0
5400.0 0.0
5410.0 0.002746333833783865
5420.0 0.0030865592416375875
5430.0 0.003537780838087201
5440.0 0.003989001736044884
5450.0 0.0045463587157428265
5460.0 0.005103725474327803
5470.0 0.005689163692295551
5480.0 0.006274591665714979
5490.0 0.007135067600756884
5500.0 0.007995544001460075
5510.0 0.008976279757916927
5520.0 0.0099570257589221
5530.0 0.011174115352332592
5540.0 0.012391204945743084
5550.0 0.014112542383372784
5560.0 0.015833867713809013
5570.0 0.01816091500222683
5580.0 0.020487962290644646
5590.0 0.024306626990437508
5600.0 0.028125284239649773
5610.0 0.0376935750246048
5620.0 0.04726187512278557
5630.0 0.08012610673904419
5640.0 0.1129903495311737
5650.0 0.2047574371099472
5660.0 0.2965245544910431
5670.0 0.4507085382938385
5680.0 0.6048924922943115
5690.0 0.698915421962738
5700.0 0.7929382920265198
5710.0 0.8079198002815247
5720.0 0.8229012489318848
5730.0 0.8273990750312805
5740.0 0.8318968415260315
5750.0 0.83604896068573
5760.0 0.8402011394500732
5770.0 0.8414546847343445
5780.0 0.842708170413971
5790.0 0.8447424173355103
5800.0 0.8467766046524048
5810.0 0.851685106754303
5820.0 0.8565935492515564
5830.0 0.857847273349762
5840.0 0.8591009378433228
5850.0 0.8582340478897095
5860.0 0.8573670387268066
5870.0 0.8545753955841064
5880.0 0.8517836928367615
5890.0 0.8521149754524231
5900.0 0.8524461984634399
5910.0 0.856390655040741
5920.0 0.8603351712226868
5930.0 0.8623546957969666
5940.0 0.8643741607666016
5950.0 0.8644247055053711
5960.0 0.8644751906394958
5970.0 0.865769624710083
5980.0 0.8670640587806702
5990.0 0.8688214421272278
6000.0 0.8705788254737854
6010.0 0.8717724084854126
6020.0 0.8729658722877502
6030.0 0.8734666109085083
6040.0 0.876459002494812
6050.0 0.8768793940544128
6060.0 0.8772997856140137
6070.0 0.875554084777832
6080.0 0.8738083243370056
6090.0 0.8747683763504028
6100.0 0.8757283687591553
6110.0 0.8794520497322083
6120.0 0.8831757307052612
6130.0 0.8851861357688904
6140.0 0.8871965408325195
6150.0 0.8885399699211121
6160.0 0.8898833990097046
6170.0 0.8921383023262024
6180.0 0.894393265247345
6190.0 0.8938555717468262
6200.0 0.8933178782463074
6210.0 0.8936516046524048
6220.0 0.8939852714538574
6230.0 0.8950857520103455
6240.0 0.8961862325668335
6250.0 0.8956373929977417
6260.0 0.8950886130332947
6270.0 0.8965906500816345
6280.0 0.8980927467346191
6290.0 0.9006888270378113
6300.0 0.9032849669456482
6310.0 0.9027842879295349
6320.0 0.9022836685180664
6330.0 0.9023853540420532
6340.0 0.9024870991706848
6350.0 0.9053285717964172
6360.0 0.9081701040267944
6370.0 0.9095864295959473
6380.0 0.9110027551651001
6390.0 0.9108923077583313
6400.0 0.9107819199562073
6410.0 0.9117858409881592
6420.0 0.9127898812294006
6430.0 0.9123607873916626
6440.0 0.9119316935539246
6450.0 0.9119688272476196
6460.0 0.9120059609413147
6470.0 0.9132555723190308
6480.0 0.9145052433013916
6490.0 0.9142098426818848
6500.0 0.9139143824577332
6510.0 0.9135338068008423
6520.0 0.9131531715393066
6530.0 0.9156051874160767
6540.0 0.9180572032928467
6550.0 0.9202158451080322
6560.0 0.9223745465278625
6570.0 0.9227956533432007
6580.0 0.9232167601585388
6590.0 0.9238461852073669
6600.0 0.9244754910469055
6610.0 0.9239059686660767
6620.0 0.9233364462852478
6630.0 0.9215974807739258
6640.0 0.9198585748672485
6650.0 0.920152485370636
6660.0 0.9204463362693787
6670.0 0.9231371879577637
6680.0 0.9258279800415039
6690.0 0.9277470111846924
6700.0 0.9296659231185913
6710.0 0.9300676584243774
6720.0 0.9304693937301636
6730.0 0.9299928545951843
6740.0 0.9295161962509155
6750.0 0.9284075498580933
6760.0 0.9272989630699158
6770.0 0.9272390604019165
6780.0 0.9271790385246277
6790.0 0.9284626841545105
6800.0 0.9297463297843933
6810.0 0.9300116300582886
6820.0 0.9302768707275391
6830.0 0.9303240776062012
6840.0 0.9303712248802185
6850.0 0.9305256605148315
6860.0 0.9306801557540894
6870.0 0.9304850697517395
6880.0 0.9302899837493896
6890.0 0.9299197793006897
6900.0 0.9295496344566345
6910.0 0.9281803965568542
6920.0 0.926811158657074
6930.0 0.9266137480735779
6940.0 0.9264163374900818
6950.0 0.9257792830467224
6960.0 0.9251423478126526
6970.0 0.9238278269767761
6980.0 0.9225133657455444
6990.0 0.9233961701393127
7000.0 0.9242789149284363
7010.0 0.9247240424156189
7020.0 0.9251691102981567
7030.0 0.9207679033279419
7040.0 0.9163667559623718
7050.0 0.9135622382164001
7060.0 0.910757839679718
7070.0 0.898774266242981
7080.0 0.8867906332015991
7090.0 0.8656362891197205
7100.0 0.8444818258285522
7110.0 0.8461298942565918
7120.0 0.8477778434753418
7130.0 0.768309473991394
7140.0 0.6888410449028015
7150.0 0.4966903328895569
7160.0 0.30453968048095703
7170.0 0.19790159165859222
7180.0 0.09126348793506622
7190.0 0.05919428914785385
7200.0 0.027125095948576927
7210.0 0.017534788697957993
7220.0 0.007944491691887379
7230.0 0.006333713419735432
7240.0 0.004722936544567347
7250.0 0.0034370869398117065
7260.0 0.0021512482780963182
7270.0 0.00164799764752388
7280.0 0.0011447471333667636
7290.0 0.000920107529964298
7300.0 0.0006954679265618324
7310.0 0.0006104971980676055
7320.0 0.0005255264695733786
7330.0 0.00047294682008214295
7340.0 0.0004203775606583804
7350.0 0.0
7360.0 0.0
7370.0 0.0
7380.0 0.0
7390.0 0.0
7400.0 0.0
