decam/transmission_system/n29/y_decam_c0005_10095.0_1130.0/2012-09-12T00:00:00.ecsv
# %ECSV 1.0
# ---
# datatype:
# - {name: wavelength, unit: Angstrom, datatype: float64}
# - {name: throughput, datatype: float64}
# meta: !!omap
# - {MODE: DETECTOR}
# - {TYPE: transmission_system}
# - {CALIBDATE: '2012-09-12T00:00:00'}
# - {INSTRUME: DECam}
# - {OBSTYPE: transmission_system}
# - {CALIBCLS: lsst.ip.isr.IntermediateSystemTransmissionCurve}
# - {DETECTOR: 60}
# - {DETECTOR_NAME: N29}
# - {SOURCE: Y_band_per_detector_throughput.fits}
# - {FILTER: Y DECam c0005 10095.0 1130.0}
# - {CALIB_CREATION_DATE: '2012-09-12'}
# - {CALIB_CREATION_TIME: '00:00:00'}
# schema: astropy-2.0
wavelength throughput
9250.0 0.0
9260.0 0.0
9270.0 0.0
9280.0 0.0
9290.0 0.0
9300.0 0.0
9310.0 0.008365990594029427
9320.0 0.009214668534696102
9330.0 0.010063337162137032
9340.0 0.011153179220855236
9350.0 0.012243030592799187
9360.0 0.013687045313417912
9370.0 0.015131048858165741
9380.0 0.01761033944785595
9390.0 0.020089631900191307
9400.0 0.02473575994372368
9410.0 0.029381878674030304
9420.0 0.03922953084111214
9430.0 0.04907717928290367
9440.0 0.07149939239025116
9450.0 0.09392160922288895
9460.0 0.093528613448143
9470.0 0.18366195261478424
9480.0 0.18384769558906555
9490.0 0.3309955894947052
9500.0 0.3362787663936615
9510.0 0.521584689617157
9520.0 0.6107355952262878
9530.0 0.6998865604400635
9540.0 0.7529572248458862
9550.0 0.806027889251709
9560.0 0.8233039379119873
9570.0 0.8405799865722656
9580.0 0.8424158692359924
9590.0 0.8442516922950745
9600.0 0.8450185060501099
9610.0 0.84578537940979
9620.0 0.8459162712097168
9630.0 0.8460471034049988
9640.0 0.8459485173225403
9650.0 0.8458499908447266
9660.0 0.8439052700996399
9670.0 0.8419605493545532
9680.0 0.8379337191581726
9690.0 0.8339068293571472
9700.0 0.8308092355728149
9710.0 0.8277116417884827
9720.0 0.8189358115196228
9730.0 0.8101600408554077
9740.0 0.8048352003097534
9750.0 0.7995103597640991
9760.0 0.7943245768547058
9770.0 0.7891387939453125
9780.0 0.7834622859954834
9790.0 0.7777858972549438
9800.0 0.7723166346549988
9810.0 0.7668473720550537
9820.0 0.7609102129936218
9830.0 0.7549729943275452
9840.0 0.7473844885826111
9850.0 0.7397960424423218
9860.0 0.7326100468635559
9870.0 0.7254241108894348
9880.0 0.7158677577972412
9890.0 0.7063114047050476
9900.0 0.6977115869522095
9910.0 0.6891117691993713
9920.0 0.679440975189209
9930.0 0.6697701811790466
9940.0 0.661744236946106
9950.0 0.6537182927131653
9960.0 0.6438043117523193
9970.0 0.6338903903961182
9980.0 0.6241863369941711
9990.0 0.6144822835922241
10000.0 0.6036012172698975
10010.0 0.5927201509475708
10020.0 0.5812715888023376
10030.0 0.5698230266571045
10040.0 0.5578359961509705
10050.0 0.5458489656448364
10060.0 0.5347353219985962
10070.0 0.523621678352356
10080.0 0.5115097761154175
10090.0 0.499397873878479
10100.0 0.48672935366630554
10110.0 0.4740608036518097
10120.0 0.4628874361515045
10130.0 0.45171409845352173
10140.0 0.4396892189979553
10150.0 0.4276643395423889
10160.0 0.4162276089191437
10170.0 0.40479084849357605
10180.0 0.39245203137397766
10190.0 0.3801131844520569
10200.0 0.3685757517814636
10210.0 0.35703837871551514
10220.0 0.34539857506752014
10230.0 0.33375874161720276
10240.0 0.3221471607685089
10250.0 0.31053557991981506
10260.0 0.29964107275009155
10270.0 0.28874656558036804
10280.0 0.2790190577507019
10290.0 0.26929154992103577
10300.0 0.25864800810813904
10310.0 0.24800442159175873
10320.0 0.23788104951381683
10330.0 0.22775769233703613
10340.0 0.2168390154838562
10350.0 0.20592033863067627
10360.0 0.19318787753582
10370.0 0.18045543134212494
10380.0 0.17105677723884583
10390.0 0.1616581380367279
10400.0 0.15630371868610382
10410.0 0.15094931423664093
10420.0 0.14648258686065674
10430.0 0.14201584458351135
10440.0 0.13751442730426788
10450.0 0.13301299512386322
10460.0 0.12864235043525696
10470.0 0.1242717057466507
10480.0 0.12025156617164612
10490.0 0.11623144894838333
10500.0 0.11173626035451889
10510.0 0.10724108666181564
10520.0 0.10401434451341629
10530.0 0.10078760981559753
10540.0 0.09835547208786011
10550.0 0.09592331945896149
10560.0 0.09395920485258102
10570.0 0.09199509024620056
10580.0 0.08862573653459549
10590.0 0.08525638282299042
10600.0 0.07778701931238174
10610.0 0.07031767815351486
10620.0 0.05812160298228264
10630.0 0.04592554643750191
10640.0 0.03439759090542793
10650.0 0.022869635373353958
10660.0 0.016095302999019623
10670.0 0.009320960380136967
10680.0 0.006362158339470625
10690.0 0.003403366543352604
10700.0 0.0
10710.0 0.0
10720.0 0.0
10730.0 0.0
10740.0 0.0
10750.0 0.0
