decam/transmission_system/n20/g_decam_sdss_c0001_4720.0_1520.0/2012-09-12T00:00:00.ecsv
# %ECSV 1.0
# ---
# datatype:
# - {name: wavelength, unit: Angstrom, datatype: float64}
# - {name: throughput, datatype: float64}
# meta: !!omap
# - {MODE: DETECTOR}
# - {TYPE: transmission_system}
# - {CALIBDATE: '2012-09-12T00:00:00'}
# - {INSTRUME: DECam}
# - {OBSTYPE: transmission_system}
# - {CALIBCLS: lsst.ip.isr.IntermediateSystemTransmissionCurve}
# - {DETECTOR: 51}
# - {DETECTOR_NAME: N20}
# - {SOURCE: g_band_per_detector_throughput.fits}
# - {FILTER: g DECam SDSS c0001 4720.0 1520.0}
# - {CALIB_CREATION_DATE: '2012-09-12'}
# - {CALIB_CREATION_TIME: '00:00:00'}
# schema: astropy-2.0
wavelength throughput
3750.0 0.0
3760.0 0.0
3770.0 0.0
3780.0 0.0
3790.0 0.0
3800.0 0.0
3810.0 0.0009702882380224764
3820.0 0.001249688328243792
3830.0 0.0015095541020855308
3840.0 0.0016821022145450115
3850.0 0.0020514577627182007
3860.0 0.002420813776552677
3870.0 0.0029505458660423756
3880.0 0.0034802784211933613
3890.0 0.004214721731841564
3900.0 0.00494916457682848
3910.0 0.004903293680399656
3920.0 0.008482261560857296
3930.0 0.016018971800804138
3940.0 0.023555682972073555
3950.0 0.025261545553803444
3960.0 0.13207480311393738
3970.0 0.2536788284778595
3980.0 0.37528282403945923
3990.0 0.37055325508117676
4000.0 0.4234171211719513
4010.0 0.44082632660865784
4020.0 0.45823556184768677
4030.0 0.4657000005245209
4040.0 0.46815431118011475
4050.0 0.472351610660553
4060.0 0.47616884112358093
4070.0 0.483944833278656
4080.0 0.4895611107349396
4090.0 0.4932042062282562
4100.0 0.495501846075058
4110.0 0.4974312484264374
4120.0 0.4993606507778168
4130.0 0.5055489540100098
4140.0 0.506462574005127
4150.0 0.5122743248939514
4160.0 0.5218458771705627
4170.0 0.5274913907051086
4180.0 0.5331369638442993
4190.0 0.5376091599464417
4200.0 0.5352530479431152
4210.0 0.5322244167327881
4220.0 0.5365195274353027
4230.0 0.5397214889526367
4240.0 0.5510689616203308
4250.0 0.554090142250061
4260.0 0.5571113228797913
4270.0 0.5643392205238342
4280.0 0.5694612860679626
4290.0 0.5728673934936523
4300.0 0.5789931416511536
4310.0 0.5813782811164856
4320.0 0.5837634205818176
4330.0 0.5878772139549255
4340.0 0.5919909477233887
4350.0 0.5963161587715149
4360.0 0.6006413698196411
4370.0 0.6045181751251221
4380.0 0.6083949208259583
4390.0 0.6143335700035095
4400.0 0.620272159576416
4410.0 0.6228052377700806
4420.0 0.6253383755683899
4430.0 0.6273902654647827
4440.0 0.6294422149658203
4450.0 0.6312413215637207
4460.0 0.6330404877662659
4470.0 0.6343738436698914
4480.0 0.6357071399688721
4490.0 0.6397139430046082
4500.0 0.6437207460403442
4510.0 0.6454511880874634
4520.0 0.6471815705299377
4530.0 0.6504645943641663
4540.0 0.65374755859375
4550.0 0.6543954014778137
4560.0 0.6550432443618774
4570.0 0.6546622514724731
4580.0 0.6542813181877136
4590.0 0.657511830329895
4600.0 0.6607422828674316
4610.0 0.6637570858001709
4620.0 0.6667718887329102
4630.0 0.6688957214355469
4640.0 0.6710194945335388
4650.0 0.6720601916313171
4660.0 0.6731008887290955
4670.0 0.6716265678405762
4680.0 0.6701521873474121
4690.0 0.6697282195091248
4700.0 0.6693041920661926
4710.0 0.671235203742981
4720.0 0.6731662154197693
4730.0 0.6766425371170044
4740.0 0.6801188588142395
4750.0 0.6832707524299622
4760.0 0.6864227652549744
4770.0 0.6862883567810059
4780.0 0.6861538887023926
4790.0 0.6857889294624329
4800.0 0.6854239702224731
4810.0 0.6874268651008606
4820.0 0.689429759979248
4830.0 0.6894849538803101
4840.0 0.6895402073860168
4850.0 0.6879947185516357
4860.0 0.6864492297172546
4870.0 0.6887911558151245
4880.0 0.6911330223083496
4890.0 0.6943042278289795
4900.0 0.6974754333496094
4910.0 0.6979254484176636
4920.0 0.6983755230903625
4930.0 0.6961191296577454
4940.0 0.693862795829773
4950.0 0.6936532855033875
4960.0 0.6934438347816467
4970.0 0.6964341402053833
4980.0 0.6994244456291199
4990.0 0.7021559476852417
5000.0 0.7048875093460083
5010.0 0.7062216401100159
5020.0 0.7075557112693787
5030.0 0.7080721259117126
5040.0 0.7085886001586914
5050.0 0.7095535397529602
5060.0 0.710518479347229
5070.0 0.7127130627632141
5080.0 0.714907705783844
5090.0 0.7164910435676575
5100.0 0.718074381351471
5110.0 0.7159746885299683
5120.0 0.7138751149177551
5130.0 0.713931679725647
5140.0 0.7139883041381836
5150.0 0.7166485786437988
5160.0 0.7193088531494141
5170.0 0.7204872369766235
5180.0 0.7216655611991882
5190.0 0.7238956689834595
5200.0 0.7261257171630859
5210.0 0.729137122631073
5220.0 0.7321485280990601
5230.0 0.7349858283996582
5240.0 0.7378231287002563
5250.0 0.7391617894172668
5260.0 0.7405004501342773
5270.0 0.7402573823928833
5280.0 0.7400142550468445
5290.0 0.740860104560852
5300.0 0.7417058944702148
5310.0 0.7434019446372986
5320.0 0.7450979351997375
5330.0 0.7466577291488647
5340.0 0.7482175230979919
5350.0 0.7499874830245972
5360.0 0.7517575025558472
5370.0 0.7493818402290344
5380.0 0.7470062375068665
5390.0 0.7421977519989014
5400.0 0.7373892068862915
5410.0 0.7387234568595886
5420.0 0.7400577068328857
5430.0 0.7407627701759338
5440.0 0.7414677739143372
5450.0 0.673913300037384
5460.0 0.6063588857650757
5470.0 0.42536523938179016
5480.0 0.24437159299850464
5490.0 0.1444828361272812
5500.0 0.044594064354896545
5510.0 0.027342965826392174
5520.0 0.010091865435242653
5530.0 0.006272690836340189
5540.0 0.0024535057600587606
5550.0 0.0017161860596388578
5560.0 0.0009788662428036332
5570.0 0.0007882689824327826
5580.0 0.0005976716638542712
5590.0 0.0005224213236942887
5600.0 0.0004471814609132707
5610.0 0.0004016532620880753
5620.0 0.0003561250923667103
5630.0 0.00033327791607007384
5640.0 0.0003104203497059643
5650.0 0.0
5660.0 0.0
5670.0 0.0
5680.0 0.0
5690.0 0.0
5700.0 0.0
