decam/transmission_system/n14/y_decam_c0005_10095.0_1130.0/2012-09-12T00:00:00.ecsv
# %ECSV 1.0
# ---
# datatype:
# - {name: wavelength, unit: Angstrom, datatype: float64}
# - {name: throughput, datatype: float64}
# meta: !!omap
# - {MODE: DETECTOR}
# - {TYPE: transmission_system}
# - {CALIBDATE: '2012-09-12T00:00:00'}
# - {INSTRUME: DECam}
# - {OBSTYPE: transmission_system}
# - {CALIBCLS: lsst.ip.isr.IntermediateSystemTransmissionCurve}
# - {DETECTOR: 45}
# - {DETECTOR_NAME: N14}
# - {SOURCE: Y_band_per_detector_throughput.fits}
# - {FILTER: Y DECam c0005 10095.0 1130.0}
# - {CALIB_CREATION_DATE: '2012-09-12'}
# - {CALIB_CREATION_TIME: '00:00:00'}
# schema: astropy-2.0
wavelength throughput
9250.0 0.0
9260.0 0.0
9270.0 0.0
9280.0 0.0
9290.0 0.0
9300.0 0.0
9310.0 0.0079640569165349
9320.0 0.008780126459896564
9330.0 0.009596196934580803
9340.0 0.010628431104123592
9350.0 0.011660667136311531
9360.0 0.01298785861581564
9370.0 0.014315061271190643
9380.0 0.016474440693855286
9390.0 0.018633820116519928
9400.0 0.02250002883374691
9410.0 0.026366228237748146
9420.0 0.03406188264489174
9430.0 0.04175752401351929
9440.0 0.05914336070418358
9450.0 0.07652919739484787
9460.0 0.07989425957202911
9470.0 0.15671057999134064
9480.0 0.1604517549276352
9490.0 0.3002412021160126
9500.0 0.3095775544643402
9510.0 0.503427267074585
9520.0 0.6077429056167603
9530.0 0.7120585441589355
9540.0 0.7777628302574158
9550.0 0.8434669971466064
9560.0 0.8632810711860657
9570.0 0.8830952644348145
9580.0 0.8823971152305603
9590.0 0.8816989660263062
9600.0 0.878993034362793
9610.0 0.8762869834899902
9620.0 0.8738057613372803
9630.0 0.8713244795799255
9640.0 0.8694131374359131
9650.0 0.8675017952919006
9660.0 0.8646826148033142
9670.0 0.8618635535240173
9680.0 0.8567672967910767
9690.0 0.8516710996627808
9700.0 0.8487928509712219
9710.0 0.8459146618843079
9720.0 0.83665531873703
9730.0 0.8273959159851074
9740.0 0.8215680122375488
9750.0 0.8157400488853455
9760.0 0.8098351359367371
9770.0 0.8039302229881287
9780.0 0.7978390455245972
9790.0 0.7917479276657104
9800.0 0.7859383225440979
9810.0 0.7801285982131958
9820.0 0.7738794088363647
9830.0 0.7676301598548889
9840.0 0.7596617937088013
9850.0 0.7516934275627136
9860.0 0.7440112233161926
9870.0 0.7363290190696716
9880.0 0.726163923740387
9890.0 0.7159988284111023
9900.0 0.7068190574645996
9910.0 0.6976392269134521
9920.0 0.68735271692276
9930.0 0.6770662665367126
9940.0 0.66874098777771
9950.0 0.6604157090187073
9960.0 0.6502132415771484
9970.0 0.6400107145309448
9980.0 0.6300061941146851
9990.0 0.6200016736984253
10000.0 0.6087077260017395
10010.0 0.5974137783050537
10020.0 0.5854861736297607
10030.0 0.5735585689544678
10040.0 0.5611501932144165
10050.0 0.5487418174743652
10060.0 0.5372535586357117
10070.0 0.5257653594017029
10080.0 0.5133288502693176
10090.0 0.5008923411369324
10100.0 0.48788008093833923
10110.0 0.47486788034439087
10120.0 0.46443280577659607
10130.0 0.45399773120880127
10140.0 0.4416300654411316
10150.0 0.4292624294757843
10160.0 0.41742271184921265
10170.0 0.4055830240249634
10180.0 0.39290693402290344
10190.0 0.3802309036254883
10200.0 0.36828917264938354
10210.0 0.3563474416732788
10220.0 0.34446749091148376
10230.0 0.3325875401496887
10240.0 0.3208404779434204
10250.0 0.3090934455394745
10260.0 0.2981361746788025
10270.0 0.2871789336204529
10280.0 0.2773728668689728
10290.0 0.26756682991981506
10300.0 0.2566741108894348
10310.0 0.24578137695789337
10320.0 0.23484721779823303
10330.0 0.2239130288362503
10340.0 0.21147865056991577
10350.0 0.19904425740242004
10360.0 0.18640947341918945
10370.0 0.17377468943595886
10380.0 0.16672536730766296
10390.0 0.15967606008052826
10400.0 0.15484857559204102
10410.0 0.15002109110355377
10420.0 0.14545178413391113
10430.0 0.1408824771642685
10440.0 0.1362573802471161
10450.0 0.13163229823112488
10460.0 0.12706391513347626
10470.0 0.12249552458524704
10480.0 0.11823959648609161
10490.0 0.11398366838693619
10500.0 0.1094425693154335
10510.0 0.10490149259567261
10520.0 0.10176368802785873
10530.0 0.09862588346004486
10540.0 0.09629861265420914
10550.0 0.09397134929895401
10560.0 0.09194491803646088
10570.0 0.08991850167512894
10580.0 0.08606468886137009
10590.0 0.08221087604761124
10600.0 0.07375196367502213
10610.0 0.06529303640127182
10620.0 0.0526769794523716
10630.0 0.04006092622876167
10640.0 0.02938670665025711
10650.0 0.018712498247623444
10660.0 0.013074013404548168
10670.0 0.007435528561472893
10680.0 0.005133977625519037
10690.0 0.002832436701282859
10700.0 0.0
10710.0 0.0
10720.0 0.0
10730.0 0.0
10740.0 0.0
10750.0 0.0
