decam/transmission_system/n24/y_decam_c0005_10095.0_1130.0/2012-09-12T00:00:00.ecsv
# %ECSV 1.0
# ---
# datatype:
# - {name: wavelength, unit: Angstrom, datatype: float64}
# - {name: throughput, datatype: float64}
# meta: !!omap
# - {MODE: DETECTOR}
# - {TYPE: transmission_system}
# - {CALIBDATE: '2012-09-12T00:00:00'}
# - {INSTRUME: DECam}
# - {OBSTYPE: transmission_system}
# - {CALIBCLS: lsst.ip.isr.IntermediateSystemTransmissionCurve}
# - {DETECTOR: 55}
# - {DETECTOR_NAME: N24}
# - {SOURCE: Y_band_per_detector_throughput.fits}
# - {FILTER: Y DECam c0005 10095.0 1130.0}
# - {CALIB_CREATION_DATE: '2012-09-12'}
# - {CALIB_CREATION_TIME: '00:00:00'}
# schema: astropy-2.0
wavelength throughput
9250.0 0.0
9260.0 0.0
9270.0 0.0
9280.0 0.0
9290.0 0.0
9300.0 0.0
9310.0 0.0074539207853376865
9320.0 0.00824843067675829
9330.0 0.009042931720614433
9340.0 0.01009424403309822
9350.0 0.011145556345582008
9360.0 0.012461521662771702
9370.0 0.013777477666735649
9380.0 0.015919774770736694
9390.0 0.018062060698866844
9400.0 0.021792743355035782
9410.0 0.025523439049720764
9420.0 0.032955922186374664
9430.0 0.04038842022418976
9440.0 0.05773056671023369
9450.0 0.07507271319627762
9460.0 0.07552449405193329
9470.0 0.1516490876674652
9480.0 0.1508866846561432
9490.0 0.2922925353050232
9500.0 0.28996866941452026
9510.0 0.4879363179206848
9520.0 0.5902115702629089
9530.0 0.6924868226051331
9540.0 0.7637090086936951
9550.0 0.8349311947822571
9560.0 0.8631306886672974
9570.0 0.8913301229476929
9580.0 0.8931161165237427
9590.0 0.8949021100997925
9600.0 0.8918116092681885
9610.0 0.8887211680412292
9620.0 0.8858305811882019
9630.0 0.8829399943351746
9640.0 0.8807112574577332
9650.0 0.8784825205802917
9660.0 0.8751528263092041
9670.0 0.8718230724334717
9680.0 0.8671869039535522
9690.0 0.8625507354736328
9700.0 0.859014093875885
9710.0 0.855477511882782
9720.0 0.845952570438385
9730.0 0.8364277482032776
9740.0 0.8304222822189331
9750.0 0.8244168758392334
9760.0 0.818393886089325
9770.0 0.8123709559440613
9780.0 0.8058762550354004
9790.0 0.7993816137313843
9800.0 0.7932969331741333
9810.0 0.7872123718261719
9820.0 0.7808902263641357
9830.0 0.7745681405067444
9840.0 0.766475260257721
9850.0 0.758382260799408
9860.0 0.7507230639457703
9870.0 0.7430638670921326
9880.0 0.7328281998634338
9890.0 0.7225924730300903
9900.0 0.7131516933441162
9910.0 0.7037109732627869
9920.0 0.6931989192962646
9930.0 0.6826868057250977
9940.0 0.6739453077316284
9950.0 0.6652038097381592
9960.0 0.6547750234603882
9970.0 0.6443463563919067
9980.0 0.6341415643692017
9990.0 0.6239368915557861
10000.0 0.6125743985176086
10010.0 0.6012119054794312
10020.0 0.5892056226730347
10030.0 0.5771992206573486
10040.0 0.5645691752433777
10050.0 0.5519391298294067
10060.0 0.5402567386627197
10070.0 0.5285742878913879
10080.0 0.5158402323722839
10090.0 0.5031061768531799
10100.0 0.48988282680511475
10110.0 0.4766594469547272
10120.0 0.466349720954895
10130.0 0.45604005455970764
10140.0 0.443475604057312
10150.0 0.430911123752594
10160.0 0.418949156999588
10170.0 0.4069872200489044
10180.0 0.3941514194011688
10190.0 0.38131558895111084
10200.0 0.36931324005126953
10210.0 0.35731086134910583
10220.0 0.34525641798973083
10230.0 0.33320197463035583
10240.0 0.32119104266166687
10250.0 0.3091801106929779
10260.0 0.29821157455444336
10270.0 0.2872430384159088
10280.0 0.27735990285873413
10290.0 0.26747679710388184
10300.0 0.2564917802810669
10310.0 0.24550674855709076
10320.0 0.23455186188220978
10330.0 0.2235969603061676
10340.0 0.2109973132610321
10350.0 0.1983976662158966
10360.0 0.18593785166740417
10370.0 0.17347803711891174
10380.0 0.16669943928718567
10390.0 0.1599208414554596
10400.0 0.15510053932666779
10410.0 0.15028025209903717
10420.0 0.14583949744701385
10430.0 0.14139872789382935
10440.0 0.13680677115917206
10450.0 0.13221478462219238
10460.0 0.12770138680934906
10470.0 0.12318798154592514
10480.0 0.1190192773938179
10490.0 0.11485058814287186
10500.0 0.11025295406579971
10510.0 0.10565533488988876
10520.0 0.1022949069738388
10530.0 0.09893449395895004
10540.0 0.09651767462491989
10550.0 0.09410084784030914
10560.0 0.09225734323263168
10570.0 0.09041383862495422
10580.0 0.08731244504451752
10590.0 0.084211066365242
10600.0 0.07679279893636703
10610.0 0.06937453150749207
10620.0 0.0568404495716095
10630.0 0.04430636391043663
10640.0 0.032822560518980026
10650.0 0.02133876085281372
10660.0 0.01493089646100998
10670.0 0.008523033000528812
10680.0 0.005834856070578098
10690.0 0.003146678674966097
10700.0 0.0
10710.0 0.0
10720.0 0.0
10730.0 0.0
10740.0 0.0
10750.0 0.0
