decam/transmission_system/n29/i_decam_sdss_c0003_7835.0_1470.0/2012-09-12T00:00:00.ecsv
# %ECSV 1.0
# ---
# datatype:
# - {name: wavelength, unit: Angstrom, datatype: float64}
# - {name: throughput, datatype: float64}
# meta: !!omap
# - {MODE: DETECTOR}
# - {TYPE: transmission_system}
# - {CALIBDATE: '2012-09-12T00:00:00'}
# - {INSTRUME: DECam}
# - {OBSTYPE: transmission_system}
# - {CALIBCLS: lsst.ip.isr.IntermediateSystemTransmissionCurve}
# - {DETECTOR: 60}
# - {DETECTOR_NAME: N29}
# - {SOURCE: i_band_per_detector_throughput.fits}
# - {FILTER: i DECam SDSS c0003 7835.0 1470.0}
# - {CALIB_CREATION_DATE: '2012-09-12'}
# - {CALIB_CREATION_TIME: '00:00:00'}
# schema: astropy-2.0
wavelength throughput
6700.0 0.0
6710.0 0.0
6720.0 0.0
6730.0 0.0
6740.0 0.0
6750.0 0.0
6760.0 0.0013567897258326411
6770.0 0.0015551341930404305
6780.0 0.0017534788930788636
6790.0 0.0019675984513014555
6800.0 0.002181707415729761
6810.0 0.0024414383806288242
6820.0 0.0027011691126972437
6830.0 0.0029725313652306795
6840.0 0.0032438829075545073
6850.0 0.0036048165056854486
6860.0 0.003965760115534067
6870.0 0.0044255489483475685
6880.0 0.00488533778116107
6890.0 0.0054275221191346645
6900.0 0.005969695746898651
6910.0 0.00662097567692399
6920.0 0.007272254675626755
6930.0 0.008144248276948929
6940.0 0.009016231633722782
6950.0 0.010324293747544289
6960.0 0.01163235679268837
6970.0 0.014036793261766434
6980.0 0.01644122041761875
6990.0 0.02193627506494522
7000.0 0.02743133157491684
7010.0 0.04012569785118103
7020.0 0.05282006412744522
7030.0 0.07871304452419281
7040.0 0.10460603982210159
7050.0 0.15018069744110107
7060.0 0.19575537741184235
7070.0 0.2639012336730957
7080.0 0.33204707503318787
7090.0 0.4197881519794464
7100.0 0.5075291991233826
7110.0 0.5994388461112976
7120.0 0.6913484334945679
7130.0 0.7653293609619141
7140.0 0.8393102884292603
7150.0 0.8841402530670166
7160.0 0.9289702773094177
7170.0 0.9480435252189636
7180.0 0.9671167731285095
7190.0 0.9680706262588501
7200.0 0.9690244197845459
7210.0 0.9660997986793518
7220.0 0.9631751179695129
7230.0 0.964607834815979
7240.0 0.9660404920578003
7250.0 0.9729284644126892
7260.0 0.9798164963722229
7270.0 0.9882758855819702
7280.0 0.9967353940010071
7290.0 0.9997283816337585
7300.0 1.0027213096618652
7310.0 0.9993890523910522
7320.0 0.9960567355155945
7330.0 0.9902093410491943
7340.0 0.984362006187439
7350.0 0.9819660782814026
7360.0 0.9795702695846558
7370.0 0.9821175932884216
7380.0 0.984665036201477
7390.0 0.9902418255805969
7400.0 0.9958186745643616
7410.0 0.9997443556785583
7420.0 1.0036699771881104
7430.0 1.0050194263458252
7440.0 1.00636887550354
7450.0 1.0057423114776611
7460.0 1.0051157474517822
7470.0 1.00434148311615
7480.0 1.0035673379898071
7490.0 1.004246473312378
7500.0 1.0049257278442383
7510.0 1.0060237646102905
7520.0 1.0071216821670532
7530.0 1.008067011833191
7540.0 1.0090124607086182
7550.0 1.0078927278518677
7560.0 1.0067729949951172
7570.0 1.0041460990905762
7580.0 1.0015192031860352
7590.0 0.9913777112960815
7600.0 0.9812363386154175
7610.0 0.9821296334266663
7620.0 0.9830228686332703
7630.0 0.9833738207817078
7640.0 0.9837247729301453
7650.0 0.9867981672286987
7660.0 0.9898715615272522
7670.0 0.9915304780006409
7680.0 0.9931893348693848
7690.0 0.9938828349113464
7700.0 0.9945762753486633
7710.0 0.9967590570449829
7720.0 0.9989418387413025
7730.0 1.0019867420196533
7740.0 1.005031704902649
7750.0 1.0101464986801147
7760.0 1.0152614116668701
7770.0 1.0174643993377686
7780.0 1.0196675062179565
7790.0 1.0195845365524292
7800.0 1.0195016860961914
7810.0 1.0174986124038696
7820.0 1.0154955387115479
7830.0 1.0140141248703003
7840.0 1.0125327110290527
7850.0 1.0141215324401855
7860.0 1.0157103538513184
7870.0 1.0180869102478027
7880.0 1.020463466644287
7890.0 1.0196449756622314
7900.0 1.0188264846801758
7910.0 1.0138370990753174
7920.0 1.008847713470459
7930.0 1.0005781650543213
7940.0 0.992308497428894
7950.0 0.9835460186004639
7960.0 0.9747835993766785
7970.0 0.9718760251998901
7980.0 0.9689685106277466
7990.0 0.9747284054756165
8000.0 0.9804881811141968
8010.0 0.9886900186538696
8020.0 0.9968917965888977
8030.0 1.0030137300491333
8040.0 1.0091357231140137
8050.0 1.010807991027832
8060.0 1.0124801397323608
8070.0 1.0113294124603271
8080.0 1.0101786851882935
8090.0 1.0029455423355103
8100.0 0.9957123398780823
8110.0 0.9827293753623962
8120.0 0.9876987934112549
8130.0 0.9888248443603516
8140.0 0.9899508953094482
8150.0 0.9956064820289612
8160.0 1.0012620687484741
8170.0 1.0169405937194824
8180.0 1.0158613920211792
8190.0 1.0131033658981323
8200.0 1.006625771522522
8210.0 1.0001482963562012
8220.0 0.9909480214118958
8230.0 0.9817477464675903
8240.0 0.9772010445594788
8250.0 0.9726542234420776
8260.0 0.9752342104911804
8270.0 0.9778141379356384
8280.0 0.9847790598869324
8290.0 0.9917439818382263
8300.0 0.9987089037895203
8310.0 1.020781397819519
8320.0 1.0242315530776978
8330.0 1.027681827545166
8340.0 1.0311321020126343
8350.0 1.0223618745803833
8360.0 1.015885353088379
8370.0 1.009408950805664
8380.0 1.0029324293136597
8390.0 0.9923909902572632
8400.0 0.987908124923706
8410.0 0.9869430661201477
8420.0 0.9859781265258789
8430.0 0.9892540574073792
8440.0 0.9949718713760376
8450.0 0.9979679584503174
8460.0 1.0009639263153076
8470.0 1.011085867881775
8480.0 1.0212079286575317
8490.0 1.0255945920944214
8500.0 1.029981255531311
8510.0 1.0119951963424683
8520.0 0.9940090775489807
8530.0 0.9264365434646606
8540.0 0.8588640689849854
8550.0 0.7294873595237732
8560.0 0.6001105904579163
8570.0 0.33487921953201294
8580.0 0.33640748262405396
8590.0 0.14607398211956024
8600.0 0.14594995975494385
8610.0 0.05428415164351463
8620.0 0.05371934920549393
8630.0 0.018651403486728668
8640.0 0.019224274903535843
8650.0 0.0073105338960886
8660.0 0.006600724533200264
8670.0 0.0029979124665260315
8680.0 0.002410521963611245
8690.0 0.001823142054490745
8700.0 0.0
8710.0 0.0
8720.0 0.0
8730.0 0.0
8740.0 0.0
8750.0 0.0
