decam/transmission_system/s7/r_decam_sdss_c0002_6415.0_1480.0/2012-09-12T00:00:00.ecsv
# %ECSV 1.0
# ---
# datatype:
# - {name: wavelength, unit: Angstrom, datatype: float64}
# - {name: throughput, datatype: float64}
# meta: !!omap
# - {MODE: DETECTOR}
# - {TYPE: transmission_system}
# - {CALIBDATE: '2012-09-12T00:00:00'}
# - {INSTRUME: DECam}
# - {OBSTYPE: transmission_system}
# - {CALIBCLS: lsst.ip.isr.IntermediateSystemTransmissionCurve}
# - {DETECTOR: 31}
# - {DETECTOR_NAME: S7}
# - {SOURCE: r_band_per_detector_throughput.fits}
# - {FILTER: r DECam SDSS c0002 6415.0 1480.0}
# - {CALIB_CREATION_DATE: '2012-09-12'}
# - {CALIB_CREATION_TIME: '00:00:00'}
# schema: astropy-2.0
wavelength throughput
5350.0 0.0
5360.0 0.0
5370.0 0.0
5380.0 0.0
5390.0 0.0
5400.0 0.0
5410.0 0.0038062455132603645
5420.0 0.004245326388627291
5430.0 0.004827191587537527
5440.0 0.005409047473222017
5450.0 0.0061394087970256805
5460.0 0.006869770586490631
5470.0 0.007553866598755121
5480.0 0.008237963542342186
5490.0 0.009208479896187782
5500.0 0.010179007425904274
5510.0 0.011246228590607643
5520.0 0.012313462793827057
5530.0 0.013584055937826633
5540.0 0.01485464908182621
5550.0 0.016495563089847565
5560.0 0.018136469647288322
5570.0 0.020218564197421074
5580.0 0.022300656884908676
5590.0 0.025406677275896072
5600.0 0.028512688353657722
5610.0 0.03563578054308891
5620.0 0.04275887459516525
5630.0 0.06925912201404572
5640.0 0.09575936943292618
5650.0 0.19435375928878784
5660.0 0.2929481565952301
5670.0 0.46635982394218445
5680.0 0.6397715210914612
5690.0 0.7195093035697937
5700.0 0.7992472052574158
5710.0 0.8093088269233704
5720.0 0.8193705677986145
5730.0 0.8234220743179321
5740.0 0.8274736404418945
5750.0 0.8300314545631409
5760.0 0.832589328289032
5770.0 0.8335133194923401
5780.0 0.834437370300293
5790.0 0.835594654083252
5800.0 0.8367519974708557
5810.0 0.8412624597549438
5820.0 0.8457729816436768
5830.0 0.8479658365249634
5840.0 0.8501586318016052
5850.0 0.8488554358482361
5860.0 0.8475522994995117
5870.0 0.8450814485549927
5880.0 0.8426106572151184
5890.0 0.843601644039154
5900.0 0.8445925116539001
5910.0 0.8492928743362427
5920.0 0.85399329662323
5930.0 0.8568138480186462
5940.0 0.8596344590187073
5950.0 0.8599761128425598
5960.0 0.8603178262710571
5970.0 0.8613460659980774
5980.0 0.8623742461204529
5990.0 0.864233136177063
6000.0 0.8660919070243835
6010.0 0.8688046336174011
6020.0 0.8715173006057739
6030.0 0.8713889122009277
6040.0 0.8759337663650513
6050.0 0.8760483264923096
6060.0 0.8761628866195679
6070.0 0.8753919005393982
6080.0 0.8746208548545837
6090.0 0.8755558729171753
6100.0 0.8764907717704773
6110.0 0.8792986273765564
6120.0 0.8821064829826355
6130.0 0.8852711319923401
6140.0 0.8884358406066895
6150.0 0.8902413249015808
6160.0 0.8920468688011169
6170.0 0.8934160470962524
6180.0 0.8947853446006775
6190.0 0.8947389721870422
6200.0 0.894692599773407
6210.0 0.8953253030776978
6220.0 0.8959579467773438
6230.0 0.8963594436645508
6240.0 0.8967610001564026
6250.0 0.897709310054779
6260.0 0.8986576199531555
6270.0 0.9004616737365723
6280.0 0.9022657871246338
6290.0 0.903602659702301
6300.0 0.9049395322799683
6310.0 0.9056705236434937
6320.0 0.9064014554023743
6330.0 0.9072592258453369
6340.0 0.9081170558929443
6350.0 0.9098005890846252
6360.0 0.9114840626716614
6370.0 0.9131134748458862
6380.0 0.9147428870201111
6390.0 0.9149288535118103
6400.0 0.9151148200035095
6410.0 0.9151224493980408
6420.0 0.915130078792572
6430.0 0.9150212407112122
6440.0 0.9149123430252075
6450.0 0.9150145649909973
6460.0 0.9151167869567871
6470.0 0.915499210357666
6480.0 0.9158816933631897
6490.0 0.9162493348121643
6500.0 0.9166170358657837
6510.0 0.9175627827644348
6520.0 0.9185085296630859
6530.0 0.9203447699546814
6540.0 0.9221809506416321
6550.0 0.9240247011184692
6560.0 0.9258683919906616
6570.0 0.9267262816429138
6580.0 0.927584171295166
6590.0 0.9273456931114197
6600.0 0.9271072149276733
6610.0 0.9263039231300354
6620.0 0.9255006313323975
6630.0 0.9246773719787598
6640.0 0.9238541126251221
6650.0 0.9247072339057922
6660.0 0.9255602359771729
6670.0 0.9278894662857056
6680.0 0.9302186369895935
6690.0 0.9318325519561768
6700.0 0.93344646692276
6710.0 0.9337986707687378
6720.0 0.9341509342193604
6730.0 0.9331848621368408
6740.0 0.9322187304496765
6750.0 0.9309759140014648
6760.0 0.9297330975532532
6770.0 0.9298883676528931
6780.0 0.930043637752533
6790.0 0.9309836030006409
6800.0 0.9319235682487488
6810.0 0.9322524666786194
6820.0 0.9325814247131348
6830.0 0.9329257607460022
6840.0 0.9332700371742249
6850.0 0.9335893392562866
6860.0 0.9339086413383484
6870.0 0.9332054257392883
6880.0 0.9325022101402283
6890.0 0.9317177534103394
6900.0 0.9309332966804504
6910.0 0.930209219455719
6920.0 0.9294852614402771
6930.0 0.9286977648735046
6940.0 0.927910327911377
6950.0 0.9274004697799683
6960.0 0.9268906116485596
6970.0 0.927125871181488
6980.0 0.9273611903190613
6990.0 0.9277647137641907
7000.0 0.9281681776046753
7010.0 0.9275192022323608
7020.0 0.9268701672554016
7030.0 0.9229719638824463
7040.0 0.919073760509491
7050.0 0.9106192588806152
7060.0 0.902164876461029
7070.0 0.8892170190811157
7080.0 0.8762691617012024
7090.0 0.8663574457168579
7100.0 0.8564457297325134
7110.0 0.8079142570495605
7120.0 0.7593826651573181
7130.0 0.6250481009483337
7140.0 0.490713506937027
7150.0 0.3376019299030304
7160.0 0.184490367770195
7170.0 0.11793247610330582
7180.0 0.051374584436416626
7190.0 0.03397360071539879
7200.0 0.01657262071967125
7210.0 0.010996613651514053
7220.0 0.005420595407485962
7230.0 0.004417012445628643
7240.0 0.0034134192392230034
7250.0 0.0025434300769120455
7260.0 0.0016734306700527668
7270.0 0.0013045943342149258
7280.0 0.0009357474627904594
7290.0 0.0007620466058142483
7300.0 0.0005883353878743947
7310.0 0.000531529076397419
7320.0 0.0004747227067127824
7330.0 0.00042788597056642175
7340.0 0.0003810596826951951
7350.0 0.0
7360.0 0.0
7370.0 0.0
7380.0 0.0
7390.0 0.0
7400.0 0.0
