decam/transmission_system/s26/z_decam_sdss_c0004_9260.0_1520.0/2012-09-12T00:00:00.ecsv
# %ECSV 1.0
# ---
# datatype:
# - {name: wavelength, unit: Angstrom, datatype: float64}
# - {name: throughput, datatype: float64}
# meta: !!omap
# - {MODE: DETECTOR}
# - {TYPE: transmission_system}
# - {CALIBDATE: '2012-09-12T00:00:00'}
# - {INSTRUME: DECam}
# - {OBSTYPE: transmission_system}
# - {CALIBCLS: lsst.ip.isr.IntermediateSystemTransmissionCurve}
# - {DETECTOR: 5}
# - {DETECTOR_NAME: S26}
# - {SOURCE: z_band_per_detector_throughput.fits}
# - {FILTER: z DECam SDSS c0004 9260.0 1520.0}
# - {CALIB_CREATION_DATE: '2012-09-12'}
# - {CALIB_CREATION_TIME: '00:00:00'}
# schema: astropy-2.0
wavelength throughput
8200.0 0.0
8210.0 0.0
8220.0 0.0
8230.0 0.0
8240.0 0.0
8250.0 0.0
8260.0 0.004612771328538656
8270.0 0.005225200206041336
8280.0 0.006506604142487049
8290.0 0.006413159891963005
8300.0 0.006319714710116386
8310.0 0.007033823523670435
8320.0 0.008102457970380783
8330.0 0.009171083569526672
8340.0 0.010239718481898308
8350.0 0.014845707453787327
8360.0 0.015922080725431442
8370.0 0.01699846237897873
8380.0 0.018074844032526016
8390.0 0.02769370935857296
8400.0 0.03405783325433731
8410.0 0.04042195528745651
8420.0 0.046786073595285416
8430.0 0.09697157144546509
8440.0 0.09271059185266495
8450.0 0.14917638897895813
8460.0 0.2056421935558319
8470.0 0.42336955666542053
8480.0 0.41628384590148926
8490.0 0.5535497665405273
8500.0 0.6908156871795654
8510.0 0.7837852239608765
8520.0 0.8767547607421875
8530.0 0.9250018000602722
8540.0 0.9732487797737122
8550.0 0.9811257123947144
8560.0 0.9890027046203613
8570.0 0.9753440022468567
8580.0 0.9856306314468384
8590.0 0.9699115753173828
8600.0 0.9690768122673035
8610.0 0.9790294170379639
8620.0 0.9833230972290039
8630.0 0.9964087605476379
8640.0 1.00468111038208
8650.0 1.0057971477508545
8660.0 1.0031284093856812
8670.0 1.0072927474975586
8680.0 1.0060789585113525
8690.0 1.0048651695251465
8700.0 1.005342721939087
8710.0 1.0058201551437378
8720.0 1.0067098140716553
8730.0 1.0075993537902832
8740.0 1.006523847579956
8750.0 1.0105538368225098
8760.0 1.0120455026626587
8770.0 1.0135372877120972
8780.0 1.0150055885314941
8790.0 1.0164740085601807
8800.0 1.0170785188674927
8810.0 1.0176831483840942
8820.0 1.0189701318740845
8830.0 1.0202569961547852
8840.0 1.0211807489395142
8850.0 1.0221043825149536
8860.0 1.023603916168213
8870.0 1.0251034498214722
8880.0 1.0268290042877197
8890.0 1.0285545587539673
8900.0 1.0238794088363647
8910.0 1.0248982906341553
8920.0 1.0240124464035034
8930.0 1.0231266021728516
8940.0 1.0222407579421997
8950.0 1.021506428718567
8960.0 1.0207719802856445
8970.0 1.0213351249694824
8980.0 1.0218983888626099
8990.0 1.023282766342163
9000.0 1.0246671438217163
9010.0 1.026732325553894
9020.0 1.0287973880767822
9030.0 1.0305731296539307
9040.0 1.0323487520217896
9050.0 1.032027244567871
9060.0 1.034633994102478
9070.0 1.0333398580551147
9080.0 1.0320457220077515
9090.0 1.0295013189315796
9100.0 1.0269570350646973
9110.0 1.0244808197021484
9120.0 1.026697039604187
9130.0 1.0239746570587158
9140.0 1.0231229066848755
9150.0 1.0239516496658325
9160.0 1.0230599641799927
9170.0 1.0221682786941528
9180.0 1.0219727754592896
9190.0 1.0217772722244263
9200.0 1.0198049545288086
9210.0 1.0178327560424805
9220.0 1.0155683755874634
9230.0 1.0133039951324463
9240.0 1.007562518119812
9250.0 1.0018209218978882
9260.0 0.9982010722160339
9270.0 0.9945811629295349
9280.0 0.9876688718795776
9290.0 0.9807565808296204
9300.0 0.9760242700576782
9310.0 0.9712919592857361
9320.0 0.9663810729980469
9330.0 0.9614701271057129
9340.0 0.9528133273124695
9350.0 0.9441565275192261
9360.0 0.9320205450057983
9370.0 0.9198846220970154
9380.0 0.9108317494392395
9390.0 0.9017788767814636
9400.0 0.8894447088241577
9410.0 0.8771106004714966
9420.0 0.8688206672668457
9430.0 0.8605307340621948
9440.0 0.8535832762718201
9450.0 0.8579383492469788
9460.0 0.859076201915741
9470.0 0.859800398349762
9480.0 0.8615555167198181
9490.0 0.8633106350898743
9500.0 0.8628256320953369
9510.0 0.8674863576889038
9520.0 0.868122398853302
9530.0 0.868758499622345
9540.0 0.8693101406097412
9550.0 0.8698618412017822
9560.0 0.8703991174697876
9570.0 0.8709363341331482
9580.0 0.8700510859489441
9590.0 0.8691658973693848
9600.0 0.8666853308677673
9610.0 0.8642048239707947
9620.0 0.8628734946250916
9630.0 0.8615421652793884
9640.0 0.8599787354469299
9650.0 0.8584152460098267
9660.0 0.8576698303222656
9670.0 0.8569243550300598
9680.0 0.8538901209831238
9690.0 0.8508558869361877
9700.0 0.8478215932846069
9710.0 0.8447874188423157
9720.0 0.8402860760688782
9730.0 0.8357847929000854
9740.0 0.8312755227088928
9750.0 0.8267662525177002
9760.0 0.8205113410949707
9770.0 0.814256489276886
9780.0 0.8081879019737244
9790.0 0.8021193146705627
9800.0 0.7934683561325073
9810.0 0.7848173975944519
9820.0 0.7755105495452881
9830.0 0.7662036418914795
9840.0 0.7558736205101013
9850.0 0.7455435991287231
9860.0 0.7336361408233643
9870.0 0.7217285633087158
9880.0 0.710945188999176
9890.0 0.7001617550849915
9900.0 0.6891538500785828
9910.0 0.6781459450721741
9920.0 0.6643903255462646
9930.0 0.6506347060203552
9940.0 0.6189896464347839
9950.0 0.5873446464538574
9960.0 0.5342843532562256
9970.0 0.48122408986091614
9980.0 0.40647366642951965
9990.0 0.33172324299812317
10000.0 0.25739648938179016
10010.0 0.18306970596313477
10020.0 0.13131865859031677
10030.0 0.07956762611865997
10040.0 0.05571027472615242
10050.0 0.03185292333364487
10060.0 0.022449858486652374
10070.0 0.01304678339511156
10080.0 0.00982937216758728
10090.0 0.006611960940063
10100.0 0.005155287683010101
10110.0 0.0036986039485782385
10120.0 0.0027488574851304293
10130.0 0.0017991109052672982
10140.0 0.0018479622667655349
10150.0 0.0
10160.0 0.0
10170.0 0.0
10180.0 0.0
10190.0 0.0
10200.0 0.0
