decam/transmission_system/s29/z_decam_sdss_c0004_9260.0_1520.0/2012-09-12T00:00:00.ecsv
# %ECSV 1.0
# ---
# datatype:
# - {name: wavelength, unit: Angstrom, datatype: float64}
# - {name: throughput, datatype: float64}
# meta: !!omap
# - {MODE: DETECTOR}
# - {TYPE: transmission_system}
# - {CALIBDATE: '2012-09-12T00:00:00'}
# - {INSTRUME: DECam}
# - {OBSTYPE: transmission_system}
# - {CALIBCLS: lsst.ip.isr.IntermediateSystemTransmissionCurve}
# - {DETECTOR: 1}
# - {DETECTOR_NAME: S29}
# - {SOURCE: z_band_per_detector_throughput.fits}
# - {FILTER: z DECam SDSS c0004 9260.0 1520.0}
# - {CALIB_CREATION_DATE: '2012-09-12'}
# - {CALIB_CREATION_TIME: '00:00:00'}
# schema: astropy-2.0
wavelength throughput
8200.0 0.0
8210.0 0.0
8220.0 0.0
8230.0 0.0
8240.0 0.0
8250.0 0.0
8260.0 0.00636573089286685
8270.0 0.00713023915886879
8280.0 0.008524175733327866
8290.0 0.008288154378533363
8300.0 0.008052132092416286
8310.0 0.00907882209867239
8320.0 0.010213049128651619
8330.0 0.011347265914082527
8340.0 0.012481492944061756
8350.0 0.01740512065589428
8360.0 0.018714481964707375
8370.0 0.02002384141087532
8380.0 0.021333204582333565
8390.0 0.03316040337085724
8400.0 0.041801247745752335
8410.0 0.05044208839535713
8420.0 0.05908292159438133
8430.0 0.12636920809745789
8440.0 0.12169664353132248
8450.0 0.18800979852676392
8460.0 0.25432297587394714
8470.0 0.4705885946750641
8480.0 0.46248117089271545
8490.0 0.5906497240066528
8500.0 0.7188182473182678
8510.0 0.802560031414032
8520.0 0.8863018751144409
8530.0 0.9266908764839172
8540.0 0.967079758644104
8550.0 0.9726818203926086
8560.0 0.9782840013504028
8570.0 0.9694513082504272
8580.0 0.9786480665206909
8590.0 0.9661800265312195
8600.0 0.9646902084350586
8610.0 0.9729363322257996
8620.0 0.977302074432373
8630.0 0.9878087043762207
8640.0 0.9965567588806152
8650.0 0.9981083273887634
8660.0 0.9952391982078552
8670.0 1.0025136470794678
8680.0 1.0024330615997314
8690.0 1.0023524761199951
8700.0 1.0028808116912842
8710.0 1.0034090280532837
8720.0 1.0035640001296997
8730.0 1.0037188529968262
8740.0 1.002630352973938
8750.0 1.0048855543136597
8760.0 1.0059236288070679
8770.0 1.006961703300476
8780.0 1.0086568593978882
8790.0 1.0103521347045898
8800.0 1.0117517709732056
8810.0 1.0131516456604004
8820.0 1.0154829025268555
8830.0 1.0178142786026
8840.0 1.0194321870803833
8850.0 1.0210500955581665
8860.0 1.0227501392364502
8870.0 1.0244501829147339
8880.0 1.0258257389068604
8890.0 1.0272012948989868
8900.0 1.0230907201766968
8910.0 1.0230216979980469
8920.0 1.0218167304992676
8930.0 1.0206118822097778
8940.0 1.0194069147109985
8950.0 1.0185567140579224
8960.0 1.0177065134048462
8970.0 1.018246054649353
8980.0 1.0187857151031494
8990.0 1.0202503204345703
9000.0 1.0217148065567017
9010.0 1.0238926410675049
9020.0 1.026070475578308
9030.0 1.0281347036361694
9040.0 1.0301989316940308
9050.0 1.0307133197784424
9060.0 1.0336991548538208
9070.0 1.0328952074050903
9080.0 1.0320911407470703
9090.0 1.0298575162887573
9100.0 1.0276237726211548
9110.0 1.0254946947097778
9120.0 1.0275238752365112
9130.0 1.025382399559021
9140.0 1.0240658521652222
9150.0 1.0250650644302368
9160.0 1.024453043937683
9170.0 1.0238410234451294
9180.0 1.0243358612060547
9190.0 1.02483069896698
9200.0 1.023600697517395
9210.0 1.02237069606781
9220.0 1.0208940505981445
9230.0 1.019417405128479
9240.0 1.0140951871871948
9250.0 1.0087729692459106
9260.0 1.0051064491271973
9270.0 1.0014400482177734
9280.0 0.9940136075019836
9290.0 0.9865871667861938
9300.0 0.9809111952781677
9310.0 0.9752352237701416
9320.0 0.9694573283195496
9330.0 0.9636795520782471
9340.0 0.9543991088867188
9350.0 0.9451185464859009
9360.0 0.9327820539474487
9370.0 0.9204455614089966
9380.0 0.9116278886795044
9390.0 0.9028100967407227
9400.0 0.8909472823143005
9410.0 0.8790844082832336
9420.0 0.8711093068122864
9430.0 0.8631343245506287
9440.0 0.856347918510437
9450.0 0.860653281211853
9460.0 0.8617684245109558
9470.0 0.862203061580658
9480.0 0.8635118007659912
9490.0 0.8648205399513245
9500.0 0.8647122979164124
9510.0 0.86868816614151
9520.0 0.869753897190094
9530.0 0.870819628238678
9540.0 0.8720256686210632
9550.0 0.873231828212738
9560.0 0.8746770024299622
9570.0 0.876122236251831
9580.0 0.8760128021240234
9590.0 0.8759033679962158
9600.0 0.8735070824623108
9610.0 0.8711107969284058
9620.0 0.8691434860229492
9630.0 0.8671762347221375
9640.0 0.8645732998847961
9650.0 0.8619704842567444
9660.0 0.8599374890327454
9670.0 0.8579044938087463
9680.0 0.8542459607124329
9690.0 0.8505873680114746
9700.0 0.8469287753105164
9710.0 0.8432702422142029
9720.0 0.8387666344642639
9730.0 0.834263026714325
9740.0 0.8297905325889587
9750.0 0.8253180980682373
9760.0 0.8187097311019897
9770.0 0.8121013045310974
9780.0 0.8053762316703796
9790.0 0.7986510992050171
9800.0 0.789004385471344
9810.0 0.7793576717376709
9820.0 0.7695820927619934
9830.0 0.7598066329956055
9840.0 0.749835729598999
9850.0 0.7398648262023926
9860.0 0.728754460811615
9870.0 0.7176439762115479
9880.0 0.7065977454185486
9890.0 0.6955515742301941
9900.0 0.6817033886909485
9910.0 0.6678552031517029
9920.0 0.648510217666626
9930.0 0.6291651725769043
9940.0 0.5953623056411743
9950.0 0.5615594387054443
9960.0 0.518106997013092
9970.0 0.47465458512306213
9980.0 0.42294418811798096
9990.0 0.37123382091522217
10000.0 0.3131236135959625
10010.0 0.25501343607902527
10020.0 0.19457335770130157
10030.0 0.1341332644224167
10040.0 0.09459254890680313
10050.0 0.05505181849002838
10060.0 0.038038402795791626
10070.0 0.021024994552135468
10080.0 0.01522099319845438
10090.0 0.009416991844773293
10100.0 0.007094669621437788
10110.0 0.004772348329424858
10120.0 0.003483664011582732
10130.0 0.002194969216361642
10140.0 0.0021091471426188946
10150.0 0.0
10160.0 0.0
10170.0 0.0
10180.0 0.0
10190.0 0.0
10200.0 0.0
