decam/transmission_system/s23/y_decam_c0005_10095.0_1130.0/2012-09-12T00:00:00.ecsv
# %ECSV 1.0
# ---
# datatype:
# - {name: wavelength, unit: Angstrom, datatype: float64}
# - {name: throughput, datatype: float64}
# meta: !!omap
# - {MODE: DETECTOR}
# - {TYPE: transmission_system}
# - {CALIBDATE: '2012-09-12T00:00:00'}
# - {INSTRUME: DECam}
# - {OBSTYPE: transmission_system}
# - {CALIBCLS: lsst.ip.isr.IntermediateSystemTransmissionCurve}
# - {DETECTOR: 11}
# - {DETECTOR_NAME: S23}
# - {SOURCE: Y_band_per_detector_throughput.fits}
# - {FILTER: Y DECam c0005 10095.0 1130.0}
# - {CALIB_CREATION_DATE: '2012-09-12'}
# - {CALIB_CREATION_TIME: '00:00:00'}
# schema: astropy-2.0
wavelength throughput
9250.0 0.0
9260.0 0.0
9270.0 0.0
9280.0 0.0
9290.0 0.0
9300.0 0.0
9310.0 0.006411300972104073
9320.0 0.0073177102021873
9330.0 0.008224119432270527
9340.0 0.009351160377264023
9350.0 0.010478191077709198
9360.0 0.011890686117112637
9370.0 0.0133031802251935
9380.0 0.015631411224603653
9390.0 0.017959631979465485
9400.0 0.02209204062819481
9410.0 0.02622446045279503
9420.0 0.034710098057985306
9430.0 0.04319574683904648
9440.0 0.0621914342045784
9450.0 0.08118711411952972
9460.0 0.08592960238456726
9470.0 0.16933554410934448
9480.0 0.17309165000915527
9490.0 0.3255160450935364
9500.0 0.3308899700641632
9510.0 0.5414347052574158
9520.0 0.6467885971069336
9530.0 0.7521424293518066
9540.0 0.8072122931480408
9550.0 0.8622822165489197
9560.0 0.8743757605552673
9570.0 0.8864694237709045
9580.0 0.8847976326942444
9590.0 0.8831257820129395
9600.0 0.8804547190666199
9610.0 0.8777836561203003
9620.0 0.8747545480728149
9630.0 0.8717254400253296
9640.0 0.869688093662262
9650.0 0.8676508069038391
9660.0 0.8650126457214355
9670.0 0.8623744249343872
9680.0 0.858841598033905
9690.0 0.8553087115287781
9700.0 0.8522522449493408
9710.0 0.8491958379745483
9720.0 0.8400725722312927
9730.0 0.8309493660926819
9740.0 0.824744701385498
9750.0 0.8185400366783142
9760.0 0.8122191429138184
9770.0 0.8058983087539673
9780.0 0.7989493012428284
9790.0 0.7920002937316895
9800.0 0.785524308681488
9810.0 0.7790483832359314
9820.0 0.7726789712905884
9830.0 0.7663094997406006
9840.0 0.7584404945373535
9850.0 0.7505715489387512
9860.0 0.7430616021156311
9870.0 0.7355515956878662
9880.0 0.7253208160400391
9890.0 0.7150899767875671
9900.0 0.7056568264961243
9910.0 0.6962236166000366
9920.0 0.6855879426002502
9930.0 0.6749522686004639
9940.0 0.6662639379501343
9950.0 0.6575756072998047
9960.0 0.6471816301345825
9970.0 0.6367875933647156
9980.0 0.6268013715744019
9990.0 0.6168150305747986
10000.0 0.6056163907051086
10010.0 0.5944176912307739
10020.0 0.5826795697212219
10030.0 0.5709414482116699
10040.0 0.5585518479347229
10050.0 0.5461622476577759
10060.0 0.5346412658691406
10070.0 0.5231202840805054
10080.0 0.5104795098304749
10090.0 0.4978387653827667
10100.0 0.48469704389572144
10110.0 0.47155532240867615
10120.0 0.46104294061660767
10130.0 0.4505305588245392
10140.0 0.4381152093410492
10150.0 0.4256998300552368
10160.0 0.41383883357048035
10170.0 0.4019778370857239
10180.0 0.3892630934715271
10190.0 0.3765483498573303
10200.0 0.3647005558013916
10210.0 0.3528527617454529
10220.0 0.3409229516983032
10230.0 0.32899314165115356
10240.0 0.31707140803337097
10250.0 0.305149644613266
10260.0 0.29413992166519165
10270.0 0.28313013911247253
10280.0 0.2732563018798828
10290.0 0.2633824348449707
10300.0 0.25240832567214966
10310.0 0.241434246301651
10320.0 0.23057052493095398
10330.0 0.21970680356025696
10340.0 0.2071359008550644
10350.0 0.1945650279521942
10360.0 0.18219706416130066
10370.0 0.1698291003704071
10380.0 0.16313941776752472
10390.0 0.15644973516464233
10400.0 0.15178830921649933
10410.0 0.14712688326835632
10420.0 0.14299486577510834
10430.0 0.13886283338069916
10440.0 0.13464252650737762
10450.0 0.13042224943637848
10460.0 0.12634123861789703
10470.0 0.12226022034883499
10480.0 0.11855620890855789
10490.0 0.11485219746828079
10500.0 0.11064600199460983
10510.0 0.10643982887268066
10520.0 0.10336577147245407
10530.0 0.10029172897338867
10540.0 0.09804181754589081
10550.0 0.09579189121723175
10560.0 0.09439096599817276
10570.0 0.09299004822969437
10580.0 0.09107602387666702
10590.0 0.08916197717189789
10600.0 0.0843968391418457
10610.0 0.07963168621063232
10620.0 0.06924876570701599
10630.0 0.05886584147810936
10640.0 0.04597454518079758
10650.0 0.0330832339823246
10660.0 0.023771140724420547
10670.0 0.014459040015935898
10680.0 0.009985272772610188
10690.0 0.0055115059949457645
10700.0 0.0
10710.0 0.0
10720.0 0.0
10730.0 0.0
10740.0 0.0
10750.0 0.0
