decam/transmission_system/n21/y_decam_c0005_10095.0_1130.0/2012-09-12T00:00:00.ecsv
# %ECSV 1.0
# ---
# datatype:
# - {name: wavelength, unit: Angstrom, datatype: float64}
# - {name: throughput, datatype: float64}
# meta: !!omap
# - {MODE: DETECTOR}
# - {TYPE: transmission_system}
# - {CALIBDATE: '2012-09-12T00:00:00'}
# - {INSTRUME: DECam}
# - {OBSTYPE: transmission_system}
# - {CALIBCLS: lsst.ip.isr.IntermediateSystemTransmissionCurve}
# - {DETECTOR: 52}
# - {DETECTOR_NAME: N21}
# - {SOURCE: Y_band_per_detector_throughput.fits}
# - {FILTER: Y DECam c0005 10095.0 1130.0}
# - {CALIB_CREATION_DATE: '2012-09-12'}
# - {CALIB_CREATION_TIME: '00:00:00'}
# schema: astropy-2.0
wavelength throughput
9250.0 0.0
9260.0 0.0
9270.0 0.0
9280.0 0.0
9290.0 0.0
9300.0 0.0
9310.0 0.0064005726017057896
9320.0 0.007261880207806826
9330.0 0.008123187348246574
9340.0 0.00921180285513401
9350.0 0.01030041929334402
9360.0 0.0116933174431324
9370.0 0.013086226768791676
9380.0 0.015415485017001629
9390.0 0.017744744196534157
9400.0 0.0219501294195652
9410.0 0.026155514642596245
9420.0 0.03470838442444801
9430.0 0.04326126351952553
9440.0 0.0633787289261818
9450.0 0.08349619805812836
9460.0 0.08319918066263199
9470.0 0.1709417700767517
9480.0 0.17293882369995117
9490.0 0.3293224275112152
9500.0 0.3387767970561981
9510.0 0.5527482628822327
9520.0 0.6506311893463135
9530.0 0.7485141754150391
9540.0 0.792181134223938
9550.0 0.8358480930328369
9560.0 0.8435055613517761
9570.0 0.8511629700660706
9580.0 0.8492822051048279
9590.0 0.8474014401435852
9600.0 0.8450774550437927
9610.0 0.842753529548645
9620.0 0.8401679396629333
9630.0 0.8375823497772217
9640.0 0.8359028100967407
9650.0 0.8342233300209045
9660.0 0.8326740860939026
9670.0 0.8311249017715454
9680.0 0.8271465301513672
9690.0 0.8231682181358337
9700.0 0.8214426040649414
9710.0 0.8197169303894043
9720.0 0.8110476136207581
9730.0 0.8023782968521118
9740.0 0.796467125415802
9750.0 0.7905559539794922
9760.0 0.7838273644447327
9770.0 0.7770988941192627
9780.0 0.7703779339790344
9790.0 0.7636569738388062
9800.0 0.7576732635498047
9810.0 0.7516895532608032
9820.0 0.7458791732788086
9830.0 0.7400687336921692
9840.0 0.7329472303390503
9850.0 0.7258257269859314
9860.0 0.7190452218055725
9870.0 0.7122645974159241
9880.0 0.7029464244842529
9890.0 0.6936282515525818
9900.0 0.6848782896995544
9910.0 0.6761283874511719
9920.0 0.6662878394126892
9930.0 0.6564473509788513
9940.0 0.6483206152915955
9950.0 0.6401939392089844
9960.0 0.6304564476013184
9970.0 0.6207188367843628
9980.0 0.6113709807395935
9990.0 0.6020230650901794
10000.0 0.5916754603385925
10010.0 0.5813278555870056
10020.0 0.5703387260437012
10030.0 0.559349536895752
10040.0 0.5477843284606934
10050.0 0.53621906042099
10060.0 0.5254113674163818
10070.0 0.5146036744117737
10080.0 0.502655029296875
10090.0 0.49070629477500916
10100.0 0.47820937633514404
10110.0 0.4657125174999237
10120.0 0.4537729322910309
10130.0 0.44183337688446045
10140.0 0.43015363812446594
10150.0 0.4184739589691162
10160.0 0.4074597656726837
10170.0 0.3964455723762512
10180.0 0.3845677077770233
10190.0 0.372689813375473
10200.0 0.36158236861228943
10210.0 0.3504749536514282
10220.0 0.3392883837223053
10230.0 0.32810184359550476
10240.0 0.31685885787010193
10250.0 0.3056158125400543
10260.0 0.2951311767101288
10270.0 0.28464657068252563
10280.0 0.27528756856918335
10290.0 0.2659285366535187
10300.0 0.2555634677410126
10310.0 0.24519836902618408
10320.0 0.23493216931819916
10330.0 0.22466598451137543
10340.0 0.21288280189037323
10350.0 0.20109961926937103
10360.0 0.18883423507213593
10370.0 0.17656883597373962
10380.0 0.16981250047683716
10390.0 0.1630561798810959
10400.0 0.15851496160030365
10410.0 0.1539737433195114
10420.0 0.1499401479959488
10430.0 0.14590655267238617
10440.0 0.14187395572662354
10450.0 0.1378413587808609
10460.0 0.1340399980545044
10470.0 0.1302386373281479
10480.0 0.12673532962799072
10490.0 0.12323201447725296
10500.0 0.11918041855096817
10510.0 0.11512883007526398
10520.0 0.11210191994905472
10530.0 0.10907501727342606
10540.0 0.10690556466579437
10550.0 0.1047360971570015
10560.0 0.10328026860952377
10570.0 0.10182443261146545
10580.0 0.10008256882429123
10590.0 0.0983407199382782
10600.0 0.09416849911212921
10610.0 0.08999629318714142
10620.0 0.0800873264670372
10630.0 0.07017838209867477
10640.0 0.05633700266480446
10650.0 0.04249562323093414
10660.0 0.03099719248712063
10670.0 0.019498752430081367
10680.0 0.01352590974420309
10690.0 0.007553067523986101
10700.0 0.0
10710.0 0.0
10720.0 0.0
10730.0 0.0
10740.0 0.0
10750.0 0.0
