decam/transmission_system/n21/z_decam_sdss_c0004_9260.0_1520.0/2012-09-12T00:00:00.ecsv
# %ECSV 1.0
# ---
# datatype:
# - {name: wavelength, unit: Angstrom, datatype: float64}
# - {name: throughput, datatype: float64}
# meta: !!omap
# - {MODE: DETECTOR}
# - {TYPE: transmission_system}
# - {CALIBDATE: '2012-09-12T00:00:00'}
# - {INSTRUME: DECam}
# - {OBSTYPE: transmission_system}
# - {CALIBCLS: lsst.ip.isr.IntermediateSystemTransmissionCurve}
# - {DETECTOR: 52}
# - {DETECTOR_NAME: N21}
# - {SOURCE: z_band_per_detector_throughput.fits}
# - {FILTER: z DECam SDSS c0004 9260.0 1520.0}
# - {CALIB_CREATION_DATE: '2012-09-12'}
# - {CALIB_CREATION_TIME: '00:00:00'}
# schema: astropy-2.0
wavelength throughput
8200.0 0.0
8210.0 0.0
8220.0 0.0
8230.0 0.0
8240.0 0.0
8250.0 0.0
8260.0 0.0043348767794668674
8270.0 0.004934210330247879
8280.0 0.006453536916524172
8290.0 0.006064376328140497
8300.0 0.005675226915627718
8310.0 0.006307397969067097
8320.0 0.007328375708311796
8330.0 0.008349363692104816
8340.0 0.009370340965688229
8350.0 0.013628046959638596
8360.0 0.014440170489251614
8370.0 0.015252304263412952
8380.0 0.01606442779302597
8390.0 0.02389782853424549
8400.0 0.028959911316633224
8410.0 0.03402198106050491
8420.0 0.0390840545296669
8430.0 0.07876425236463547
8440.0 0.07470860332250595
8450.0 0.11940718442201614
8460.0 0.16410575807094574
8470.0 0.35374706983566284
8480.0 0.34991341829299927
8490.0 0.48952263593673706
8500.0 0.6291318535804749
8510.0 0.738660454750061
8520.0 0.848189115524292
8530.0 0.9089334011077881
8540.0 0.969677746295929
8550.0 0.9851186275482178
8560.0 1.000559687614441
8570.0 0.9895530343055725
8580.0 1.0012222528457642
8590.0 0.979889452457428
8600.0 0.980304479598999
8610.0 0.9840430617332458
8620.0 0.990006148815155
8630.0 1.001015067100525
8640.0 1.0105332136154175
8650.0 1.0120359659194946
8660.0 1.009468913078308
8670.0 1.0154527425765991
8680.0 1.0140124559402466
8690.0 1.0125722885131836
8700.0 1.012653112411499
8710.0 1.0127339363098145
8720.0 1.0135596990585327
8730.0 1.014385461807251
8740.0 1.0148980617523193
8750.0 1.0183446407318115
8760.0 1.020121693611145
8770.0 1.021898865699768
8780.0 1.0237418413162231
8790.0 1.0255848169326782
8800.0 1.0262112617492676
8810.0 1.0268375873565674
8820.0 1.0278817415237427
8830.0 1.0289256572723389
8840.0 1.0292490720748901
8850.0 1.0295724868774414
8860.0 1.0304933786392212
8870.0 1.0314141511917114
8880.0 1.0326932668685913
8890.0 1.0339723825454712
8900.0 1.0309381484985352
8910.0 1.0306569337844849
8920.0 1.0299763679504395
8930.0 1.029295802116394
8940.0 1.0286152362823486
8950.0 1.0278724431991577
8960.0 1.0271295309066772
8970.0 1.0274235010147095
8980.0 1.0277173519134521
8990.0 1.028835654258728
9000.0 1.0299538373947144
9010.0 1.031670093536377
9020.0 1.033386468887329
9030.0 1.034993052482605
9040.0 1.0365996360778809
9050.0 1.0359894037246704
9060.0 1.038408875465393
9070.0 1.0374090671539307
9080.0 1.0364091396331787
9090.0 1.0333102941513062
9100.0 1.0302115678787231
9110.0 1.0270453691482544
9120.0 1.0293601751327515
9130.0 1.025999665260315
9140.0 1.0251798629760742
9150.0 1.025353193283081
9160.0 1.0248388051986694
9170.0 1.0243245363235474
9180.0 1.024411916732788
9190.0 1.0244994163513184
9200.0 1.0222077369689941
9210.0 1.01991605758667
9220.0 1.0177943706512451
9230.0 1.0156725645065308
9240.0 1.0095196962356567
9250.0 1.0033669471740723
9260.0 0.9992973208427429
9270.0 0.9952276349067688
9280.0 0.9880573153495789
9290.0 0.9808870553970337
9300.0 0.9759664535522461
9310.0 0.9710458517074585
9320.0 0.9661343097686768
9330.0 0.961222767829895
9340.0 0.952870786190033
9350.0 0.9445188045501709
9360.0 0.9323873519897461
9370.0 0.9202558398246765
9380.0 0.9109348058700562
9390.0 0.901613712310791
9400.0 0.8888684511184692
9410.0 0.8761232495307922
9420.0 0.8672181963920593
9430.0 0.8583130836486816
9440.0 0.853122353553772
9450.0 0.8550862669944763
9460.0 0.8561580181121826
9470.0 0.8562320470809937
9480.0 0.85744309425354
9490.0 0.8586540818214417
9500.0 0.8594138622283936
9510.0 0.8630656599998474
9520.0 0.8641297221183777
9530.0 0.865193784236908
9540.0 0.865908145904541
9550.0 0.8666224479675293
9560.0 0.867107093334198
9570.0 0.8675916790962219
9580.0 0.866554319858551
9590.0 0.8655169010162354
9600.0 0.8626108169555664
9610.0 0.8597047924995422
9620.0 0.8580993413925171
9630.0 0.8564938902854919
9640.0 0.8545960187911987
9650.0 0.8526981472969055
9660.0 0.851940929889679
9670.0 0.8511836528778076
9680.0 0.8492313027381897
9690.0 0.8472790122032166
9700.0 0.8453267216682434
9710.0 0.8433744311332703
9720.0 0.8389873504638672
9730.0 0.8346002697944641
9740.0 0.8301553130149841
9750.0 0.8257103562355042
9760.0 0.8196287751197815
9770.0 0.8135472536087036
9780.0 0.8058309555053711
9790.0 0.7981146574020386
9800.0 0.7915310263633728
9810.0 0.784947395324707
9820.0 0.7766339778900146
9830.0 0.7683206796646118
9840.0 0.7588540315628052
9850.0 0.7493873834609985
9860.0 0.7390642762184143
9870.0 0.7287411689758301
9880.0 0.720626711845398
9890.0 0.712512195110321
9900.0 0.7055507898330688
9910.0 0.6985892653465271
9920.0 0.6877375841140747
9930.0 0.6768858432769775
9940.0 0.639298677444458
9950.0 0.6017115116119385
9960.0 0.528741717338562
9970.0 0.4557719826698303
9980.0 0.36216211318969727
9990.0 0.2685522437095642
10000.0 0.19742794334888458
10010.0 0.12630365788936615
10020.0 0.0890401154756546
10030.0 0.05177658423781395
10040.0 0.036711644381284714
10050.0 0.021646708250045776
10060.0 0.015549598261713982
10070.0 0.009452487342059612
10080.0 0.007407458033412695
10090.0 0.00536242825910449
10100.0 0.0043386053293943405
10110.0 0.003314792178571224
10120.0 0.0025399199221283197
10130.0 0.001765047898516059
10140.0 0.0018418662948533893
10150.0 0.0
10160.0 0.0
10170.0 0.0
10180.0 0.0
10190.0 0.0
10200.0 0.0
