decam/transmission_system/s6/y_decam_c0005_10095.0_1130.0/2012-09-12T00:00:00.ecsv
# %ECSV 1.0
# ---
# datatype:
# - {name: wavelength, unit: Angstrom, datatype: float64}
# - {name: throughput, datatype: float64}
# meta: !!omap
# - {MODE: DETECTOR}
# - {TYPE: transmission_system}
# - {CALIBDATE: '2012-09-12T00:00:00'}
# - {INSTRUME: DECam}
# - {OBSTYPE: transmission_system}
# - {CALIBCLS: lsst.ip.isr.IntermediateSystemTransmissionCurve}
# - {DETECTOR: 30}
# - {DETECTOR_NAME: S6}
# - {SOURCE: Y_band_per_detector_throughput.fits}
# - {FILTER: Y DECam c0005 10095.0 1130.0}
# - {CALIB_CREATION_DATE: '2012-09-12'}
# - {CALIB_CREATION_TIME: '00:00:00'}
# schema: astropy-2.0
wavelength throughput
9250.0 0.0
9260.0 0.0
9270.0 0.0
9280.0 0.0
9290.0 0.0
9300.0 0.0
9310.0 0.006289680954068899
9320.0 0.007125990930944681
9330.0 0.007962311618030071
9340.0 0.009027363732457161
9350.0 0.01009241584688425
9360.0 0.011482282541692257
9370.0 0.012872138060629368
9380.0 0.015172640793025494
9390.0 0.01747315190732479
9400.0 0.021558964625000954
9410.0 0.025644786655902863
9420.0 0.033885885030031204
9430.0 0.042126987129449844
9440.0 0.06094867363572121
9450.0 0.07977037131786346
9460.0 0.08181115984916687
9470.0 0.16630420088768005
9480.0 0.1684161126613617
9490.0 0.33362725377082825
9500.0 0.3336794078350067
9510.0 0.5643212199211121
9520.0 0.6677975654602051
9530.0 0.7712738513946533
9540.0 0.8169795870780945
9550.0 0.8626854419708252
9560.0 0.8708912134170532
9570.0 0.8790969848632812
9580.0 0.8770697712898254
9590.0 0.8750426173210144
9600.0 0.8721749782562256
9610.0 0.8693073987960815
9620.0 0.8663727641105652
9630.0 0.8634380102157593
9640.0 0.8614674210548401
9650.0 0.8594968914985657
9660.0 0.8572514057159424
9670.0 0.8550060391426086
9680.0 0.8516457080841064
9690.0 0.848285436630249
9700.0 0.8459073901176453
9710.0 0.8435293436050415
9720.0 0.8344611525535583
9730.0 0.8253929018974304
9740.0 0.8190933465957642
9750.0 0.8127937316894531
9760.0 0.806095540523529
9770.0 0.7993974089622498
9780.0 0.792192816734314
9790.0 0.7849881649017334
9800.0 0.7786679267883301
9810.0 0.7723476886749268
9820.0 0.766227126121521
9830.0 0.76010662317276
9840.0 0.752739667892456
9850.0 0.7453726530075073
9860.0 0.7384058237075806
9870.0 0.7314389944076538
9880.0 0.7215812802314758
9890.0 0.7117236256599426
9900.0 0.7025104761123657
9910.0 0.6932974457740784
9920.0 0.6828342080116272
9930.0 0.672370970249176
9940.0 0.6637412309646606
9950.0 0.65511155128479
9960.0 0.6448923945426941
9970.0 0.6346732974052429
9980.0 0.6248069405555725
9990.0 0.6149406433105469
10000.0 0.6039610505104065
10010.0 0.5929814577102661
10020.0 0.5814800262451172
10030.0 0.5699784755706787
10040.0 0.5577272772789001
10050.0 0.5454761385917664
10060.0 0.534055769443512
10070.0 0.5226354002952576
10080.0 0.5101243853569031
10090.0 0.49761340022087097
10100.0 0.48449864983558655
10110.0 0.4713838994503021
10120.0 0.46076804399490356
10130.0 0.450152188539505
10140.0 0.4378212094306946
10150.0 0.42549026012420654
10160.0 0.41372033953666687
10170.0 0.4019504189491272
10180.0 0.38940051198005676
10190.0 0.37685054540634155
10200.0 0.36513954401016235
10210.0 0.35342854261398315
10220.0 0.3415771424770355
10230.0 0.3297256827354431
10240.0 0.3178541958332062
10250.0 0.30598270893096924
10260.0 0.29503318667411804
10270.0 0.28408366441726685
10280.0 0.2742122709751129
10290.0 0.264340877532959
10300.0 0.25338515639305115
10310.0 0.2424294650554657
10320.0 0.2316923588514328
10330.0 0.2209552824497223
10340.0 0.20854778587818146
10350.0 0.19614025950431824
10360.0 0.18354734778404236
10370.0 0.17095445096492767
10380.0 0.16392777860164642
10390.0 0.15690107643604279
10400.0 0.15226270258426666
10410.0 0.14762434363365173
10420.0 0.1434677690267563
10430.0 0.13931119441986084
10440.0 0.1351795792579651
10450.0 0.13104796409606934
10460.0 0.12703213095664978
10470.0 0.12301631271839142
10480.0 0.11935671418905258
10490.0 0.11569712311029434
10500.0 0.11146946996450424
10510.0 0.10724182426929474
10520.0 0.10409797728061676
10530.0 0.10095411539077759
10540.0 0.09862959384918213
10550.0 0.09630507230758667
10560.0 0.0947781354188919
10570.0 0.09325120598077774
10580.0 0.09141306579113007
10590.0 0.0895749181509018
10600.0 0.08555282652378082
10610.0 0.08153071254491806
10620.0 0.07263650745153427
10630.0 0.06374230980873108
10640.0 0.051387544721364975
10650.0 0.039032794535160065
10660.0 0.028616810217499733
10670.0 0.018200824037194252
10680.0 0.012651413679122925
10690.0 0.007102001924067736
10700.0 0.0
10710.0 0.0
10720.0 0.0
10730.0 0.0
10740.0 0.0
10750.0 0.0
