decam/transmission_system/s8/z_decam_sdss_c0004_9260.0_1520.0/2012-09-12T00:00:00.ecsv
# %ECSV 1.0
# ---
# datatype:
# - {name: wavelength, unit: Angstrom, datatype: float64}
# - {name: throughput, datatype: float64}
# meta: !!omap
# - {MODE: DETECTOR}
# - {TYPE: transmission_system}
# - {CALIBDATE: '2012-09-12T00:00:00'}
# - {INSTRUME: DECam}
# - {OBSTYPE: transmission_system}
# - {CALIBCLS: lsst.ip.isr.IntermediateSystemTransmissionCurve}
# - {DETECTOR: 19}
# - {DETECTOR_NAME: S8}
# - {SOURCE: z_band_per_detector_throughput.fits}
# - {FILTER: z DECam SDSS c0004 9260.0 1520.0}
# - {CALIB_CREATION_DATE: '2012-09-12'}
# - {CALIB_CREATION_TIME: '00:00:00'}
# schema: astropy-2.0
wavelength throughput
8200.0 0.0
8210.0 0.0
8220.0 0.0
8230.0 0.0
8240.0 0.0
8250.0 0.0
8260.0 0.005427574273198843
8270.0 0.006068686489015818
8280.0 0.008834492415189743
8290.0 0.007989936508238316
8300.0 0.007145380135625601
8310.0 0.008460515178740025
8320.0 0.009456859901547432
8330.0 0.010453193448483944
8340.0 0.011449538171291351
8350.0 0.015569796785712242
8360.0 0.016442934051156044
8370.0 0.017316080629825592
8380.0 0.01818922534584999
8390.0 0.026549628004431725
8400.0 0.031954698264598846
8410.0 0.03735976666212082
8420.0 0.04276483878493309
8430.0 0.08614999800920486
8440.0 0.08236133307218552
8450.0 0.12994533777236938
8460.0 0.17752934992313385
8470.0 0.35828420519828796
8480.0 0.3529849350452423
8490.0 0.4773063361644745
8500.0 0.6016276478767395
8510.0 0.7070093154907227
8520.0 0.8123909831047058
8530.0 0.8757224678993225
8540.0 0.9390539526939392
8550.0 0.957006573677063
8560.0 0.9749591946601868
8570.0 0.972646951675415
8580.0 0.9840269684791565
8590.0 0.9673638939857483
8600.0 0.9682562947273254
8610.0 0.9717506170272827
8620.0 0.9783557057380676
8630.0 0.9875648021697998
8640.0 0.9985721707344055
8650.0 1.0005903244018555
8660.0 0.9971309304237366
8670.0 1.0068882703781128
8680.0 1.0057905912399292
8690.0 1.0046929121017456
8700.0 1.0039353370666504
8710.0 1.0031777620315552
8720.0 1.0026183128356934
8730.0 1.0020588636398315
8740.0 1.0036076307296753
8750.0 1.0055400133132935
8760.0 1.0085957050323486
8770.0 1.0116513967514038
8780.0 1.0158113241195679
8790.0 1.019971251487732
8800.0 1.0231482982635498
8810.0 1.0263253450393677
8820.0 1.029180884361267
8830.0 1.032036304473877
8840.0 1.0327566862106323
8850.0 1.0334771871566772
8860.0 1.0335586071014404
8870.0 1.0336400270462036
8880.0 1.0332356691360474
8890.0 1.0328314304351807
8900.0 1.029420018196106
8910.0 1.0262889862060547
8920.0 1.0247479677200317
8930.0 1.0232068300247192
8940.0 1.0216659307479858
8950.0 1.0206959247589111
8960.0 1.019726037979126
8970.0 1.0206620693206787
8980.0 1.021598219871521
8990.0 1.0237394571304321
9000.0 1.0258808135986328
9010.0 1.028734564781189
9020.0 1.0315884351730347
9030.0 1.0339070558547974
9040.0 1.0362257957458496
9050.0 1.0359516143798828
9060.0 1.0392837524414062
9070.0 1.0381571054458618
9080.0 1.0370303392410278
9090.0 1.0334513187408447
9100.0 1.0298722982406616
9110.0 1.0268166065216064
9120.0 1.028242588043213
9130.0 1.0272537469863892
9140.0 1.0255204439163208
9150.0 1.0279080867767334
9160.0 1.0291361808776855
9170.0 1.0303641557693481
9180.0 1.0324840545654297
9190.0 1.0346040725708008
9200.0 1.0339579582214355
9210.0 1.0333119630813599
9220.0 1.0316221714019775
9230.0 1.0299323797225952
9240.0 1.0227211713790894
9250.0 1.015509843826294
9260.0 1.0091605186462402
9270.0 1.0028111934661865
9280.0 0.9931904673576355
9290.0 0.9835697412490845
9300.0 0.9763763546943665
9310.0 0.9691829681396484
9320.0 0.9631004929542542
9330.0 0.9570180177688599
9340.0 0.9493225812911987
9350.0 0.9416271448135376
9360.0 0.9304656386375427
9370.0 0.9193040728569031
9380.0 0.911485493183136
9390.0 0.9036669135093689
9400.0 0.8916868567466736
9410.0 0.8797067403793335
9420.0 0.8704279065132141
9430.0 0.8611491918563843
9440.0 0.855686604976654
9450.0 0.855743944644928
9460.0 0.8573566675186157
9470.0 0.8556297421455383
9480.0 0.856606662273407
9490.0 0.8575837016105652
9500.0 0.8594470024108887
9510.0 0.865261435508728
9520.0 0.8690921068191528
9530.0 0.8729227185249329
9540.0 0.8765005469322205
9550.0 0.8800783753395081
9560.0 0.8830564022064209
9570.0 0.8860343098640442
9580.0 0.8855859637260437
9590.0 0.8851375579833984
9600.0 0.8808936476707458
9610.0 0.8766497373580933
9620.0 0.8722345232963562
9630.0 0.8678194284439087
9640.0 0.8637233376502991
9650.0 0.8596272468566895
9660.0 0.85692298412323
9670.0 0.8542187213897705
9680.0 0.8537766337394714
9690.0 0.8533344864845276
9700.0 0.8528923392295837
9710.0 0.8524502515792847
9720.0 0.8489910364151001
9730.0 0.8455318808555603
9740.0 0.8405359983444214
9750.0 0.8355400562286377
9760.0 0.8272212743759155
9770.0 0.8189024925231934
9780.0 0.8070325255393982
9790.0 0.7951626181602478
9800.0 0.7893315553665161
9810.0 0.7835004925727844
9820.0 0.7761409282684326
9830.0 0.7687813639640808
9840.0 0.7605685591697693
9850.0 0.7523557543754578
9860.0 0.7415468096733093
9870.0 0.7307378649711609
9880.0 0.7180946469306946
9890.0 0.7054514288902283
9900.0 0.689586877822876
9910.0 0.6737222671508789
9920.0 0.6510806083679199
9930.0 0.6284388899803162
9940.0 0.5865896344184875
9950.0 0.5447404384613037
9960.0 0.4892558753490448
9970.0 0.4337713420391083
9980.0 0.36019760370254517
9990.0 0.28662389516830444
10000.0 0.21358723938465118
10010.0 0.14055056869983673
10020.0 0.09675368666648865
10030.0 0.05295681580901146
10040.0 0.036675721406936646
10050.0 0.02039463259279728
10060.0 0.014513405971229076
10070.0 0.008632180280983448
10080.0 0.0068514407612383366
10090.0 0.005070690996944904
10100.0 0.004057792481034994
10110.0 0.003044883953407407
10120.0 0.002326859859749675
10130.0 0.0016088251722976565
10140.0 0.0016879490576684475
10150.0 0.0
10160.0 0.0
10170.0 0.0
10180.0 0.0
10190.0 0.0
10200.0 0.0
