decam/transmission_system/s29/i_decam_sdss_c0003_7835.0_1470.0/2012-09-12T00:00:00.ecsv
# %ECSV 1.0
# ---
# datatype:
# - {name: wavelength, unit: Angstrom, datatype: float64}
# - {name: throughput, datatype: float64}
# meta: !!omap
# - {MODE: DETECTOR}
# - {TYPE: transmission_system}
# - {CALIBDATE: '2012-09-12T00:00:00'}
# - {INSTRUME: DECam}
# - {OBSTYPE: transmission_system}
# - {CALIBCLS: lsst.ip.isr.IntermediateSystemTransmissionCurve}
# - {DETECTOR: 1}
# - {DETECTOR_NAME: S29}
# - {SOURCE: i_band_per_detector_throughput.fits}
# - {FILTER: i DECam SDSS c0003 7835.0 1470.0}
# - {CALIB_CREATION_DATE: '2012-09-12'}
# - {CALIB_CREATION_TIME: '00:00:00'}
# schema: astropy-2.0
wavelength throughput
6700.0 0.0
6710.0 0.0
6720.0 0.0
6730.0 0.0
6740.0 0.0
6750.0 0.0
6760.0 0.0013307646149769425
6770.0 0.0015504194889217615
6780.0 0.0017700637690722942
6790.0 0.001997746294364333
6800.0 0.0022254183422774076
6810.0 0.00249153608456254
6820.0 0.002757653594017029
6830.0 0.0030575019773095846
6840.0 0.0033573503606021404
6850.0 0.0037352426443248987
6860.0 0.004113145172595978
6870.0 0.004569558892399073
6880.0 0.0050259726122021675
6890.0 0.005562704522162676
6900.0 0.0060994261875748634
6910.0 0.006706859450787306
6920.0 0.007314283400774002
6930.0 0.008200628682971
6940.0 0.009086973965168
6950.0 0.010342872701585293
6960.0 0.011598772369325161
6970.0 0.013908080756664276
6980.0 0.016217399388551712
6990.0 0.021403511986136436
7000.0 0.02658963017165661
7010.0 0.03832974657416344
7020.0 0.05006985738873482
7030.0 0.07396361976861954
7040.0 0.09785736352205276
7050.0 0.14033406972885132
7060.0 0.18281079828739166
7070.0 0.24883337318897247
7080.0 0.3148559629917145
7090.0 0.40512678027153015
7100.0 0.4953976273536682
7110.0 0.5935920476913452
7120.0 0.6917864680290222
7130.0 0.7707614302635193
7140.0 0.8497364521026611
7150.0 0.8948892951011658
7160.0 0.9400420188903809
7170.0 0.9570379257202148
7180.0 0.9740338921546936
7190.0 0.9746008515357971
7200.0 0.9751678109169006
7210.0 0.974338173866272
7220.0 0.9735085964202881
7230.0 0.9766939282417297
7240.0 0.9798793196678162
7250.0 0.9859119653701782
7260.0 0.9919446706771851
7270.0 0.9973532557487488
7280.0 1.002761960029602
7290.0 1.0027966499328613
7300.0 1.002831220626831
7310.0 0.9992401599884033
7320.0 0.9956490993499756
7330.0 0.9929288029670715
7340.0 0.9902085661888123
7350.0 0.9907037615776062
7360.0 0.9911988973617554
7370.0 0.9942925572395325
7380.0 0.9973862767219543
7390.0 1.0008957386016846
7400.0 1.00440514087677
7410.0 1.005640983581543
7420.0 1.0068767070770264
7430.0 1.0069992542266846
7440.0 1.0071218013763428
7450.0 1.007093906402588
7460.0 1.0070658922195435
7470.0 1.00730562210083
7480.0 1.0075454711914062
7490.0 1.0082067251205444
7500.0 1.0088679790496826
7510.0 1.008805751800537
7520.0 1.008743405342102
7530.0 1.0084925889968872
7540.0 1.0082416534423828
7550.0 1.0070273876190186
7560.0 1.0058130025863647
7570.0 1.0044395923614502
7580.0 1.0030661821365356
7590.0 0.994398832321167
7600.0 0.985731303691864
7610.0 0.9874477982521057
7620.0 0.9891642928123474
7630.0 0.9897217154502869
7640.0 0.9902791380882263
7650.0 0.9930221438407898
7660.0 0.9957650899887085
7670.0 0.9975628852844238
7680.0 0.9993606209754944
7690.0 1.0006555318832397
7700.0 1.0019503831863403
7710.0 1.0041249990463257
7720.0 1.006299614906311
7730.0 1.0083041191101074
7740.0 1.0103087425231934
7750.0 1.0137382745742798
7760.0 1.0171680450439453
7770.0 1.0176750421524048
7780.0 1.0181821584701538
7790.0 1.017590880393982
7800.0 1.01699960231781
7810.0 1.015830636024475
7820.0 1.0146615505218506
7830.0 1.0144274234771729
7840.0 1.014193058013916
7850.0 1.015661358833313
7860.0 1.0171297788619995
7870.0 1.0177786350250244
7880.0 1.0184274911880493
7890.0 1.01544988155365
7900.0 1.012472152709961
7910.0 1.0067801475524902
7920.0 1.00108802318573
7930.0 0.9952308535575867
7940.0 0.9893736839294434
7950.0 0.9852259755134583
7960.0 0.9810782074928284
7970.0 0.9817388653755188
7980.0 0.9823995232582092
7990.0 0.9886560440063477
8000.0 0.9949125647544861
8010.0 1.0004608631134033
8020.0 1.0060092210769653
8030.0 1.0084694623947144
8040.0 1.010929822921753
8050.0 1.0086469650268555
8060.0 1.006364107131958
8070.0 1.004043459892273
8080.0 1.0017226934432983
8090.0 0.9963815808296204
8100.0 0.9910404682159424
8110.0 0.9828687310218811
8120.0 0.9885765910148621
8130.0 0.9898303151130676
8140.0 0.991084098815918
8150.0 0.9942925572395325
8160.0 0.9975009560585022
8170.0 1.0052179098129272
8180.0 1.0034629106521606
8190.0 0.9959568977355957
8200.0 0.9909548759460449
8210.0 0.9859528541564941
8220.0 0.9820637702941895
8230.0 0.9781747460365295
8240.0 0.9792489409446716
8250.0 0.980323076248169
8260.0 0.9851799011230469
8270.0 0.9900368452072144
8280.0 0.9954957962036133
8290.0 1.0009547472000122
8300.0 1.0064136981964111
8310.0 1.018363356590271
8320.0 1.0188735723495483
8330.0 1.0193836688995361
8340.0 1.019893765449524
8350.0 1.0104862451553345
8360.0 1.0065656900405884
8370.0 1.0026451349258423
8380.0 0.9987246990203857
8390.0 0.9985135197639465
8400.0 0.991962194442749
8410.0 0.9935891628265381
8420.0 0.9952161908149719
8430.0 0.9957015514373779
8440.0 1.00222909450531
8450.0 1.0020766258239746
8460.0 1.0019242763519287
8470.0 1.0089149475097656
8480.0 1.015905737876892
8490.0 1.015174150466919
8500.0 1.0144425630569458
8510.0 0.9822882413864136
8520.0 0.950133740901947
8530.0 0.8560237288475037
8540.0 0.7619137167930603
8550.0 0.6116999983787537
8560.0 0.4614863991737366
8570.0 0.20476199686527252
8580.0 0.212579607963562
8590.0 0.07562074810266495
8600.0 0.0777319073677063
8610.0 0.027263155207037926
8620.0 0.02800481766462326
8630.0 0.010140831582248211
8640.0 0.010494411922991276
8650.0 0.004544219467788935
8660.0 0.003731857053935528
8670.0 0.0020670979283750057
8680.0 0.0017452123574912548
8690.0 0.0014233269030228257
8700.0 0.0
8710.0 0.0
8720.0 0.0
8730.0 0.0
8740.0 0.0
8750.0 0.0
