decam/transmission_system/s26/g_decam_sdss_c0001_4720.0_1520.0/2012-09-12T00:00:00.ecsv
# %ECSV 1.0
# ---
# datatype:
# - {name: wavelength, unit: Angstrom, datatype: float64}
# - {name: throughput, datatype: float64}
# meta: !!omap
# - {MODE: DETECTOR}
# - {TYPE: transmission_system}
# - {CALIBDATE: '2012-09-12T00:00:00'}
# - {INSTRUME: DECam}
# - {OBSTYPE: transmission_system}
# - {CALIBCLS: lsst.ip.isr.IntermediateSystemTransmissionCurve}
# - {DETECTOR: 5}
# - {DETECTOR_NAME: S26}
# - {SOURCE: g_band_per_detector_throughput.fits}
# - {FILTER: g DECam SDSS c0001 4720.0 1520.0}
# - {CALIB_CREATION_DATE: '2012-09-12'}
# - {CALIB_CREATION_TIME: '00:00:00'}
# schema: astropy-2.0
wavelength throughput
3750.0 0.0
3760.0 0.0
3770.0 0.0
3780.0 0.0
3790.0 0.0
3800.0 0.0
3810.0 0.0008012606995180249
3820.0 0.0010306878248229623
3830.0 0.0009316245559602976
3840.0 0.0012660759966820478
3850.0 0.001562362303957343
3860.0 0.0018586382502689958
3870.0 0.0022724110167473555
3880.0 0.002686173189431429
3890.0 0.003323131473734975
3900.0 0.003960089758038521
3910.0 0.00394308939576149
3920.0 0.006693702191114426
3930.0 0.012858794070780277
3940.0 0.019023893401026726
3950.0 0.020587211474776268
3960.0 0.10658839344978333
3970.0 0.21534883975982666
3980.0 0.3241092562675476
3990.0 0.3239811956882477
4000.0 0.36815932393074036
4010.0 0.38593998551368713
4020.0 0.4037206470966339
4030.0 0.4088177978992462
4040.0 0.4144383370876312
4050.0 0.4158470928668976
4060.0 0.4233427047729492
4070.0 0.4280490279197693
4080.0 0.440142959356308
4090.0 0.4410969316959381
4100.0 0.4484328329563141
4110.0 0.45191437005996704
4120.0 0.4553958773612976
4130.0 0.45852822065353394
4140.0 0.46421176195144653
4150.0 0.46710118651390076
4160.0 0.4792560636997223
4170.0 0.4866977035999298
4180.0 0.4941393733024597
4190.0 0.49596720933914185
4200.0 0.49763089418411255
4210.0 0.4968591630458832
4220.0 0.5016378164291382
4230.0 0.5025619864463806
4240.0 0.5175641775131226
4250.0 0.5222136974334717
4260.0 0.5268632173538208
4270.0 0.5304586291313171
4280.0 0.5411512851715088
4290.0 0.5413713455200195
4300.0 0.5523348450660706
4310.0 0.5558589100837708
4320.0 0.559382975101471
4330.0 0.5636343955993652
4340.0 0.5678858757019043
4350.0 0.573538064956665
4360.0 0.5791902542114258
4370.0 0.5835927128791809
4380.0 0.587995171546936
4390.0 0.5947011709213257
4400.0 0.6014072299003601
4410.0 0.6053524613380432
4420.0 0.6092975735664368
4430.0 0.6122655272483826
4440.0 0.6152334213256836
4450.0 0.6181728839874268
4460.0 0.6211123466491699
4470.0 0.6233140230178833
4480.0 0.6255158185958862
4490.0 0.628873348236084
4500.0 0.6322308778762817
4510.0 0.6347504258155823
4520.0 0.637269914150238
4530.0 0.641575276851654
4540.0 0.6458805203437805
4550.0 0.6479126811027527
4560.0 0.6499449014663696
4570.0 0.6507028341293335
4580.0 0.6514607071876526
4590.0 0.6549057960510254
4600.0 0.6583507657051086
4610.0 0.6617724895477295
4620.0 0.6651942729949951
4630.0 0.6675587296485901
4640.0 0.6699231266975403
4650.0 0.6720364689826965
4660.0 0.674149751663208
4670.0 0.6738293170928955
4680.0 0.673508882522583
4690.0 0.6741224527359009
4700.0 0.6747360229492188
4710.0 0.6770578622817993
4720.0 0.6793797612190247
4730.0 0.6825504899024963
4740.0 0.6857212781906128
4750.0 0.6895901560783386
4760.0 0.6934590339660645
4770.0 0.6943944096565247
4780.0 0.6953297853469849
4790.0 0.6951852440834045
4800.0 0.6950406432151794
4810.0 0.6971295475959778
4820.0 0.6992184519767761
4830.0 0.7001280784606934
4840.0 0.7010377049446106
4850.0 0.6997445821762085
4860.0 0.6984513998031616
4870.0 0.7008261680603027
4880.0 0.7032008767127991
4890.0 0.7072258591651917
4900.0 0.7112508416175842
4910.0 0.7127475738525391
4920.0 0.7142443060874939
4930.0 0.7130144834518433
4940.0 0.7117846608161926
4950.0 0.7115586400032043
4960.0 0.7113326787948608
4970.0 0.7156878709793091
4980.0 0.7200431227684021
4990.0 0.7231777310371399
5000.0 0.7263124585151672
5010.0 0.7285059690475464
5020.0 0.7306995987892151
5030.0 0.7317373752593994
5040.0 0.7327752709388733
5050.0 0.7342108488082886
5060.0 0.7356464266777039
5070.0 0.7380706071853638
5080.0 0.7404948472976685
5090.0 0.7422131896018982
5100.0 0.7439314723014832
5110.0 0.7422020435333252
5120.0 0.7404726147651672
5130.0 0.7408449649810791
5140.0 0.7412174344062805
5150.0 0.7450857162475586
5160.0 0.7489541172981262
5170.0 0.7507044672966003
5180.0 0.7524548172950745
5190.0 0.7543389797210693
5200.0 0.7562231421470642
5210.0 0.7598056197166443
5220.0 0.7633880376815796
5230.0 0.7668977975845337
5240.0 0.7704075574874878
5250.0 0.7723343372344971
5260.0 0.7742609977722168
5270.0 0.7744052410125732
5280.0 0.7745495438575745
5290.0 0.7752178311347961
5300.0 0.7758861184120178
5310.0 0.7780164480209351
5320.0 0.7801468372344971
5330.0 0.782004714012146
5340.0 0.7838625907897949
5350.0 0.7859441041946411
5360.0 0.7880255579948425
5370.0 0.7859711050987244
5380.0 0.7839166522026062
5390.0 0.7778919339179993
5400.0 0.7718672156333923
5410.0 0.7705398201942444
5420.0 0.7692123651504517
5430.0 0.773125171661377
5440.0 0.7770379185676575
5450.0 0.7327314019203186
5460.0 0.688424825668335
5470.0 0.5125516057014465
5480.0 0.33667847514152527
5490.0 0.20212268829345703
5500.0 0.06756692379713058
5510.0 0.04089976102113724
5520.0 0.014232593588531017
5530.0 0.008761350065469742
5540.0 0.0032900965306907892
5550.0 0.0022413802798837423
5560.0 0.0011926637962460518
5570.0 0.0009228699491359293
5580.0 0.000653076043818146
5590.0 0.0005650208913721144
5600.0 0.00047696588444523513
5610.0 0.00042170684901066124
5620.0 0.0003664478426799178
5630.0 0.00033446180168539286
5640.0 0.0003024757606908679
5650.0 0.0
5660.0 0.0
5670.0 0.0
5680.0 0.0
5690.0 0.0
5700.0 0.0
