decam/transmission_system/s27/g_decam_sdss_c0001_4720.0_1520.0/2012-09-12T00:00:00.ecsv
# %ECSV 1.0
# ---
# datatype:
# - {name: wavelength, unit: Angstrom, datatype: float64}
# - {name: throughput, datatype: float64}
# meta: !!omap
# - {MODE: DETECTOR}
# - {TYPE: transmission_system}
# - {CALIBDATE: '2012-09-12T00:00:00'}
# - {INSTRUME: DECam}
# - {OBSTYPE: transmission_system}
# - {CALIBCLS: lsst.ip.isr.IntermediateSystemTransmissionCurve}
# - {DETECTOR: 6}
# - {DETECTOR_NAME: S27}
# - {SOURCE: g_band_per_detector_throughput.fits}
# - {FILTER: g DECam SDSS c0001 4720.0 1520.0}
# - {CALIB_CREATION_DATE: '2012-09-12'}
# - {CALIB_CREATION_TIME: '00:00:00'}
# schema: astropy-2.0
wavelength throughput
3750.0 0.0
3760.0 0.0
3770.0 0.0
3780.0 0.0
3790.0 0.0
3800.0 0.0
3810.0 0.0007810097886249423
3820.0 0.0009897914715111256
3830.0 0.0009969259845092893
3840.0 0.001296400441788137
3850.0 0.00160685193259269
3860.0 0.0019173139007762074
3870.0 0.002261247020214796
3880.0 0.0026051902677863836
3890.0 0.003230320056900382
3900.0 0.0038554498460143805
3910.0 0.003692456055432558
3920.0 0.006317554507404566
3930.0 0.012248472310602665
3940.0 0.018179379403591156
3950.0 0.018907850608229637
3960.0 0.10014580190181732
3970.0 0.20373035967350006
3980.0 0.3073149025440216
3990.0 0.3048066794872284
4000.0 0.34898409247398376
4010.0 0.3665663003921509
4020.0 0.38414856791496277
4030.0 0.3895752429962158
4040.0 0.3951553404331207
4050.0 0.39588871598243713
4060.0 0.4042133688926697
4070.0 0.40791425108909607
4080.0 0.4213404059410095
4090.0 0.4216892719268799
4100.0 0.4294629693031311
4110.0 0.4331774115562439
4120.0 0.4368917942047119
4130.0 0.4394823908805847
4140.0 0.4464443624019623
4150.0 0.4487256109714508
4160.0 0.46096470952033997
4170.0 0.4689636528491974
4180.0 0.47696253657341003
4190.0 0.47732946276664734
4200.0 0.47998154163360596
4210.0 0.48049506545066833
4220.0 0.48582661151885986
4230.0 0.4854315519332886
4240.0 0.5020053386688232
4250.0 0.5072187781333923
4260.0 0.5124322175979614
4270.0 0.5147731900215149
4280.0 0.5270813703536987
4290.0 0.5260589718818665
4300.0 0.5380406975746155
4310.0 0.5420997738838196
4320.0 0.5461589097976685
4330.0 0.5505692362785339
4340.0 0.5549795627593994
4350.0 0.5611250400543213
4360.0 0.5672705173492432
4370.0 0.5720323920249939
4380.0 0.5767943263053894
4390.0 0.5835808515548706
4400.0 0.5903674960136414
4410.0 0.5949068069458008
4420.0 0.5994460582733154
4430.0 0.6027981638908386
4440.0 0.606150209903717
4450.0 0.6097226738929749
4460.0 0.6132951974868774
4470.0 0.6158148646354675
4480.0 0.6183345913887024
4490.0 0.6213110089302063
4500.0 0.624287486076355
4510.0 0.6273218393325806
4520.0 0.6303560733795166
4530.0 0.6351414918899536
4540.0 0.6399269104003906
4550.0 0.6426482200622559
4560.0 0.6453694701194763
4570.0 0.6464931964874268
4580.0 0.6476168632507324
4590.0 0.6512655019760132
4600.0 0.654914140701294
4610.0 0.6589564085006714
4620.0 0.6629987359046936
4630.0 0.665695071220398
4640.0 0.6683912873268127
4650.0 0.6711440682411194
4660.0 0.673896849155426
4670.0 0.6740269064903259
4680.0 0.6741569638252258
4690.0 0.6749399900436401
4700.0 0.6757230162620544
4710.0 0.6785092353820801
4720.0 0.6812955141067505
4730.0 0.6847984790802002
4740.0 0.6883015036582947
4750.0 0.6927546858787537
4760.0 0.6972079873085022
4770.0 0.6986016035079956
4780.0 0.699995219707489
4790.0 0.7001716494560242
4800.0 0.7003481388092041
4810.0 0.7028914093971252
4820.0 0.7054347395896912
4830.0 0.706763505935669
4840.0 0.7080923914909363
4850.0 0.7072564959526062
4860.0 0.7064205408096313
4870.0 0.7090035676956177
4880.0 0.7115865349769592
4890.0 0.7157869338989258
4900.0 0.7199873924255371
4910.0 0.7222381234169006
4920.0 0.7244889140129089
4930.0 0.7237184047698975
4940.0 0.722947895526886
4950.0 0.7228406667709351
4960.0 0.7227333784103394
4970.0 0.7281186580657959
4980.0 0.7335039377212524
4990.0 0.7366900444030762
5000.0 0.7398761510848999
5010.0 0.7423837780952454
5020.0 0.744891345500946
5030.0 0.7463421821594238
5040.0 0.7477930188179016
5050.0 0.7495712637901306
5060.0 0.7513495087623596
5070.0 0.7538779377937317
5080.0 0.7564063668251038
5090.0 0.7582136392593384
5100.0 0.7600209712982178
5110.0 0.7587066292762756
5120.0 0.7573922872543335
5130.0 0.7577058672904968
5140.0 0.7580195069313049
5150.0 0.7622477412223816
5160.0 0.7664759755134583
5170.0 0.7686477899551392
5180.0 0.7708196640014648
5190.0 0.7724687457084656
5200.0 0.7741177678108215
5210.0 0.7777827382087708
5220.0 0.7814477682113647
5230.0 0.7852738499641418
5240.0 0.7891000509262085
5250.0 0.7914634346961975
5260.0 0.7938268184661865
5270.0 0.7940138578414917
5280.0 0.7942009568214417
5290.0 0.7945536971092224
5300.0 0.794906497001648
5310.0 0.7973008751869202
5320.0 0.7996952533721924
5330.0 0.8016037940979004
5340.0 0.8035123944282532
5350.0 0.8057758808135986
5360.0 0.8080393075942993
5370.0 0.8061482906341553
5380.0 0.804257333278656
5390.0 0.7975192666053772
5400.0 0.7907812595367432
5410.0 0.7887065410614014
5420.0 0.7866317629814148
5430.0 0.7913306355476379
5440.0 0.7960295677185059
5450.0 0.7571778893470764
5460.0 0.7183261513710022
5470.0 0.5410187244415283
5480.0 0.36371123790740967
5490.0 0.21874207258224487
5500.0 0.07377291470766068
5510.0 0.044644296169281006
5520.0 0.01551567018032074
5530.0 0.009543565101921558
5540.0 0.003571459325030446
5550.0 0.00242785457521677
5560.0 0.0012842394644394517
5570.0 0.0009917541174218059
5580.0 0.0006992584094405174
5590.0 0.0006079009035602212
5600.0 0.000516543397679925
5610.0 0.00045959162525832653
5620.0 0.0004026294918730855
5630.0 0.0003713911573868245
5640.0 0.00034016321296803653
5650.0 0.0
5660.0 0.0
5670.0 0.0
5680.0 0.0
5690.0 0.0
5700.0 0.0
