decam/transmission_system/s26/y_decam_c0005_10095.0_1130.0/2012-09-12T00:00:00.ecsv
# %ECSV 1.0
# ---
# datatype:
# - {name: wavelength, unit: Angstrom, datatype: float64}
# - {name: throughput, datatype: float64}
# meta: !!omap
# - {MODE: DETECTOR}
# - {TYPE: transmission_system}
# - {CALIBDATE: '2012-09-12T00:00:00'}
# - {INSTRUME: DECam}
# - {OBSTYPE: transmission_system}
# - {CALIBCLS: lsst.ip.isr.IntermediateSystemTransmissionCurve}
# - {DETECTOR: 5}
# - {DETECTOR_NAME: S26}
# - {SOURCE: Y_band_per_detector_throughput.fits}
# - {FILTER: Y DECam c0005 10095.0 1130.0}
# - {CALIB_CREATION_DATE: '2012-09-12'}
# - {CALIB_CREATION_TIME: '00:00:00'}
# schema: astropy-2.0
wavelength throughput
9250.0 0.0
9260.0 0.0
9270.0 0.0
9280.0 0.0
9290.0 0.0
9300.0 0.0
9310.0 0.0071174027398228645
9320.0 0.007997320033609867
9330.0 0.008877227082848549
9340.0 0.01002415455877781
9350.0 0.011171082966029644
9360.0 0.012642627581954002
9370.0 0.014114173129200935
9380.0 0.01659926027059555
9390.0 0.01908433437347412
9400.0 0.023485688492655754
9410.0 0.027887050062417984
9420.0 0.03691811114549637
9430.0 0.04594917967915535
9440.0 0.0646907165646553
9450.0 0.08343224972486496
9460.0 0.09168808162212372
9470.0 0.16897627711296082
9480.0 0.17797589302062988
9490.0 0.31512710452079773
9500.0 0.32525426149368286
9510.0 0.5185678005218506
9520.0 0.6209270358085632
9530.0 0.7232863306999207
9540.0 0.7850207090377808
9550.0 0.8467550277709961
9560.0 0.8637770414352417
9570.0 0.8807991147041321
9580.0 0.8796711564064026
9590.0 0.8785431385040283
9600.0 0.8763689398765564
9610.0 0.8741947412490845
9620.0 0.8716791868209839
9630.0 0.8691635727882385
9640.0 0.8677123785018921
9650.0 0.8662611842155457
9660.0 0.8643629550933838
9670.0 0.8624647259712219
9680.0 0.8588805794715881
9690.0 0.8552964329719543
9700.0 0.8529843091964722
9710.0 0.8506721258163452
9720.0 0.8420820236206055
9730.0 0.8334919214248657
9740.0 0.8278734683990479
9750.0 0.82225501537323
9760.0 0.8160818219184875
9770.0 0.8099086880683899
9780.0 0.8034967184066772
9790.0 0.7970848083496094
9800.0 0.791009783744812
9810.0 0.7849346399307251
9820.0 0.7788227200508118
9830.0 0.7727108001708984
9840.0 0.7650262117385864
9850.0 0.7573416829109192
9860.0 0.7501084208488464
9870.0 0.7428751587867737
9880.0 0.7329322099685669
9890.0 0.7229892015457153
9900.0 0.7137766480445862
9910.0 0.7045640349388123
9920.0 0.6941094398498535
9930.0 0.6836549043655396
9940.0 0.6749354600906372
9950.0 0.6662160754203796
9960.0 0.6557630896568298
9970.0 0.64531010389328
9980.0 0.6351814866065979
9990.0 0.6250529289245605
10000.0 0.6138473153114319
10010.0 0.6026417016983032
10020.0 0.5907142162322998
10030.0 0.5787867307662964
10040.0 0.5662047266960144
10050.0 0.5536227226257324
10060.0 0.541856586933136
10070.0 0.5300904512405396
10080.0 0.5172467231750488
10090.0 0.5044029951095581
10100.0 0.49099379777908325
10110.0 0.477584570646286
10120.0 0.4673829674720764
10130.0 0.45718133449554443
10140.0 0.4444541037082672
10150.0 0.43172687292099
10160.0 0.41958045959472656
10170.0 0.40743404626846313
10180.0 0.3943946063518524
10190.0 0.3813551962375641
10200.0 0.36918705701828003
10210.0 0.35701894760131836
10220.0 0.34473496675491333
10230.0 0.3324510157108307
10240.0 0.32023394107818604
10250.0 0.3080168664455414
10260.0 0.29671522974967957
10270.0 0.28541356325149536
10280.0 0.27527573704719543
10290.0 0.2651379406452179
10300.0 0.25394877791404724
10310.0 0.2427596002817154
10320.0 0.2316049039363861
10330.0 0.22045022249221802
10340.0 0.20756028592586517
10350.0 0.19467036426067352
10360.0 0.18184271454811096
10370.0 0.1690150499343872
10380.0 0.1621008962392807
10390.0 0.155186727643013
10400.0 0.15038277208805084
10410.0 0.1455788016319275
10420.0 0.1412278115749359
10430.0 0.13687683641910553
10440.0 0.13242550194263458
10450.0 0.12797413766384125
10460.0 0.12365415692329407
10470.0 0.11933417618274689
10480.0 0.1153215765953064
10490.0 0.1113089844584465
10500.0 0.10683098435401917
10510.0 0.10235300660133362
10520.0 0.09892167150974274
10530.0 0.09549034386873245
10540.0 0.09285122156143188
10550.0 0.09021211415529251
10560.0 0.08834797143936157
10570.0 0.08648381382226944
10580.0 0.08419478684663773
10590.0 0.08190575987100601
10600.0 0.07713133096694946
10610.0 0.07235689461231232
10620.0 0.06254148483276367
10630.0 0.052726082503795624
10640.0 0.04091090336441994
10650.0 0.02909572795033455
10660.0 0.020814303308725357
10670.0 0.01253287773579359
10680.0 0.008625752292573452
10690.0 0.004718626383692026
10700.0 0.0
10710.0 0.0
10720.0 0.0
10730.0 0.0
10740.0 0.0
10750.0 0.0
