decam/transmission_system/n18/r_decam_sdss_c0002_6415.0_1480.0/2012-09-12T00:00:00.ecsv
# %ECSV 1.0
# ---
# datatype:
# - {name: wavelength, unit: Angstrom, datatype: float64}
# - {name: throughput, datatype: float64}
# meta: !!omap
# - {MODE: DETECTOR}
# - {TYPE: transmission_system}
# - {CALIBDATE: '2012-09-12T00:00:00'}
# - {INSTRUME: DECam}
# - {OBSTYPE: transmission_system}
# - {CALIBCLS: lsst.ip.isr.IntermediateSystemTransmissionCurve}
# - {DETECTOR: 49}
# - {DETECTOR_NAME: N18}
# - {SOURCE: r_band_per_detector_throughput.fits}
# - {FILTER: r DECam SDSS c0002 6415.0 1480.0}
# - {CALIB_CREATION_DATE: '2012-09-12'}
# - {CALIB_CREATION_TIME: '00:00:00'}
# schema: astropy-2.0
wavelength throughput
5350.0 0.0
5360.0 0.0
5370.0 0.0
5380.0 0.0
5390.0 0.0
5400.0 0.0
5410.0 0.0026063844561576843
5420.0 0.0029308144003152847
5430.0 0.0033535908441990614
5440.0 0.003776367288082838
5450.0 0.004325789865106344
5460.0 0.00487520219758153
5470.0 0.005437398329377174
5480.0 0.005999605171382427
5490.0 0.006833942141383886
5500.0 0.0076682791113853455
5510.0 0.00862191990017891
5520.0 0.009575551375746727
5530.0 0.010739832185208797
5540.0 0.011904102750122547
5550.0 0.013527290895581245
5560.0 0.015150478109717369
5570.0 0.017403073608875275
5580.0 0.019655659794807434
5590.0 0.023357316851615906
5600.0 0.027058962732553482
5610.0 0.0361158661544323
5620.0 0.045172762125730515
5630.0 0.07797875255346298
5640.0 0.11078475415706635
5650.0 0.20942868292331696
5660.0 0.30807262659072876
5670.0 0.465709388256073
5680.0 0.6233461499214172
5690.0 0.7094374299049377
5700.0 0.7955286502838135
5710.0 0.8100723028182983
5720.0 0.824616014957428
5730.0 0.82917320728302
5740.0 0.8337303996086121
5750.0 0.8390950560569763
5760.0 0.8444597721099854
5770.0 0.8474144339561462
5780.0 0.8503690958023071
5790.0 0.852242112159729
5800.0 0.8541151285171509
5810.0 0.8590632677078247
5820.0 0.8640113472938538
5830.0 0.8650391697883606
5840.0 0.866067111492157
5850.0 0.8648985028266907
5860.0 0.8637298941612244
5870.0 0.8610881567001343
5880.0 0.858446478843689
5890.0 0.858431875705719
5900.0 0.858417272567749
5910.0 0.8624124526977539
5920.0 0.8664076328277588
5930.0 0.868384063243866
5940.0 0.8703604936599731
5950.0 0.86922287940979
5960.0 0.8680852055549622
5970.0 0.8688691258430481
5980.0 0.8696529865264893
5990.0 0.872045636177063
6000.0 0.8744381666183472
6010.0 0.8756101727485657
6020.0 0.876782238483429
6030.0 0.879821240901947
6040.0 0.881121814250946
6050.0 0.8819423317909241
6060.0 0.8827627301216125
6070.0 0.8811309933662415
6080.0 0.8794992566108704
6090.0 0.8798351883888245
6100.0 0.8801711201667786
6110.0 0.8835844993591309
6120.0 0.8869979977607727
6130.0 0.8894450664520264
6140.0 0.8918921947479248
6150.0 0.8924410939216614
6160.0 0.8929899334907532
6170.0 0.8949680328369141
6180.0 0.8969460725784302
6190.0 0.8970329165458679
6200.0 0.8971197605133057
6210.0 0.8969049453735352
6220.0 0.8966900706291199
6230.0 0.8978912830352783
6240.0 0.8990926146507263
6250.0 0.8988468050956726
6260.0 0.8986009955406189
6270.0 0.8992616534233093
6280.0 0.8999223709106445
6290.0 0.9022207856178284
6300.0 0.9045192003250122
6310.0 0.9045846462249756
6320.0 0.9046502113342285
6330.0 0.9039214849472046
6340.0 0.9031927585601807
6350.0 0.9055728912353516
6360.0 0.9079530239105225
6370.0 0.9098482131958008
6380.0 0.9117434024810791
6390.0 0.9116336107254028
6400.0 0.9115238785743713
6410.0 0.9125062227249146
6420.0 0.913488507270813
6430.0 0.9128178358078003
6440.0 0.9121471643447876
6450.0 0.9114076495170593
6460.0 0.9106681942939758
6470.0 0.9117010235786438
6480.0 0.9127339720726013
6490.0 0.9129295349121094
6500.0 0.9131249785423279
6510.0 0.9122371673583984
6520.0 0.911349356174469
6530.0 0.9133180379867554
6540.0 0.9152867794036865
6550.0 0.9176601767539978
6560.0 0.9200335144996643
6570.0 0.9204622507095337
6580.0 0.9208909273147583
6590.0 0.9213009476661682
6600.0 0.9217110276222229
6610.0 0.9210886359214783
6620.0 0.9204663038253784
6630.0 0.9192951321601868
6640.0 0.9181239008903503
6650.0 0.917782187461853
6660.0 0.9174405932426453
6670.0 0.9198006391525269
6680.0 0.9221607446670532
6690.0 0.9240825772285461
6700.0 0.9260043501853943
6710.0 0.9261618256568909
6720.0 0.9263192415237427
6730.0 0.9256791472434998
6740.0 0.9250390529632568
6750.0 0.9235934019088745
6760.0 0.9221476912498474
6770.0 0.9215320944786072
6780.0 0.9209164977073669
6790.0 0.9218349456787109
6800.0 0.9227532744407654
6810.0 0.9230112433433533
6820.0 0.9232692718505859
6830.0 0.9234133958816528
6840.0 0.9235574007034302
6850.0 0.9233854413032532
6860.0 0.9232134819030762
6870.0 0.9227079749107361
6880.0 0.9222024083137512
6890.0 0.9216510653495789
6900.0 0.9210997819900513
6910.0 0.9193346500396729
6920.0 0.9175694584846497
6930.0 0.9168488383293152
6940.0 0.9161282181739807
6950.0 0.9154464602470398
6960.0 0.9147647619247437
6970.0 0.9132903814315796
6980.0 0.9118160009384155
6990.0 0.9119797945022583
7000.0 0.9121435880661011
7010.0 0.9130602478981018
7020.0 0.9139768481254578
7030.0 0.91070955991745
7040.0 0.9074422121047974
7050.0 0.9040093421936035
7060.0 0.9005765318870544
7070.0 0.8917127251625061
7080.0 0.8828487992286682
7090.0 0.8628449440002441
7100.0 0.8428410291671753
7110.0 0.8380343914031982
7120.0 0.8332277536392212
7130.0 0.7812913656234741
7140.0 0.729354977607727
7150.0 0.5526658296585083
7160.0 0.37597671151161194
7170.0 0.24751952290534973
7180.0 0.11906233429908752
7190.0 0.07696490734815598
7200.0 0.034867484122514725
7210.0 0.022467711940407753
7220.0 0.010067938826978207
7230.0 0.007958396337926388
7240.0 0.005848844535648823
7250.0 0.00415990874171257
7260.0 0.002470973413437605
7270.0 0.0018700825748965144
7280.0 0.0012692019809037447
7290.0 0.0010117454221472144
7300.0 0.0007542993407696486
7310.0 0.0006612698780372739
7320.0 0.0005682402988895774
7330.0 0.0004972167662344873
7340.0 0.0004261828144080937
7350.0 0.0
7360.0 0.0
7370.0 0.0
7380.0 0.0
7390.0 0.0
7400.0 0.0
