decam/transmission_system/n7/y_decam_c0005_10095.0_1130.0/2012-09-12T00:00:00.ecsv
# %ECSV 1.0
# ---
# datatype:
# - {name: wavelength, unit: Angstrom, datatype: float64}
# - {name: throughput, datatype: float64}
# meta: !!omap
# - {MODE: DETECTOR}
# - {TYPE: transmission_system}
# - {CALIBDATE: '2012-09-12T00:00:00'}
# - {INSTRUME: DECam}
# - {OBSTYPE: transmission_system}
# - {CALIBCLS: lsst.ip.isr.IntermediateSystemTransmissionCurve}
# - {DETECTOR: 38}
# - {DETECTOR_NAME: N7}
# - {SOURCE: Y_band_per_detector_throughput.fits}
# - {FILTER: Y DECam c0005 10095.0 1130.0}
# - {CALIB_CREATION_DATE: '2012-09-12'}
# - {CALIB_CREATION_TIME: '00:00:00'}
# schema: astropy-2.0
wavelength throughput
9250.0 0.0
9260.0 0.0
9270.0 0.0
9280.0 0.0
9290.0 0.0
9300.0 0.0
9310.0 0.008074553683400154
9320.0 0.008912567049264908
9330.0 0.009750591591000557
9340.0 0.010838884860277176
9350.0 0.01192717906087637
9360.0 0.013290895149111748
9370.0 0.0146546121686697
9380.0 0.016957761719822884
9390.0 0.019260913133621216
9400.0 0.023496320471167564
9410.0 0.027731742709875107
9420.0 0.036291297525167465
9430.0 0.04485086724162102
9440.0 0.06414886564016342
9450.0 0.08344686031341553
9460.0 0.08579480648040771
9470.0 0.16603276133537292
9480.0 0.16905970871448517
9490.0 0.30963611602783203
9500.0 0.30804014205932617
9510.0 0.4963628351688385
9520.0 0.5927529335021973
9530.0 0.689143180847168
9540.0 0.7584313750267029
9550.0 0.8277196288108826
9560.0 0.8577978610992432
9570.0 0.8878761529922485
9580.0 0.8913271427154541
9590.0 0.8947781324386597
9600.0 0.8924669027328491
9610.0 0.8901556134223938
9620.0 0.8879727125167847
9630.0 0.8857898712158203
9640.0 0.8840282559394836
9650.0 0.882266640663147
9660.0 0.8788619637489319
9670.0 0.8754572868347168
9680.0 0.8709868788719177
9690.0 0.8665164113044739
9700.0 0.8625428080558777
9710.0 0.8585692048072815
9720.0 0.8488025665283203
9730.0 0.8390359878540039
9740.0 0.8328746557235718
9750.0 0.8267133235931396
9760.0 0.8210144639015198
9770.0 0.8153156042098999
9780.0 0.8087235689163208
9790.0 0.8021315336227417
9800.0 0.7959418296813965
9810.0 0.7897520661354065
9820.0 0.7831376194953918
9830.0 0.776523232460022
9840.0 0.7682427763938904
9850.0 0.7599623799324036
9860.0 0.7519536018371582
9870.0 0.7439448237419128
9880.0 0.733610987663269
9890.0 0.7232771515846252
9900.0 0.7136887907981873
9910.0 0.7041004300117493
9920.0 0.6935242414474487
9930.0 0.6829479932785034
9940.0 0.6741474866867065
9950.0 0.6653469800949097
9960.0 0.6546518802642822
9970.0 0.6439566612243652
9980.0 0.6335242986679077
9990.0 0.6230919361114502
10000.0 0.611444354057312
10010.0 0.599796712398529
10020.0 0.5875915884971619
10030.0 0.5753864049911499
10040.0 0.5625689625740051
10050.0 0.5497514605522156
10060.0 0.5379515290260315
10070.0 0.5261515378952026
10080.0 0.5132836699485779
10090.0 0.5004157423973083
10100.0 0.48703208565711975
10110.0 0.4736484885215759
10120.0 0.46337786316871643
10130.0 0.4531072676181793
10140.0 0.44056829810142517
10150.0 0.4280293583869934
10160.0 0.41581541299819946
10170.0 0.4036014676094055
10180.0 0.39056211709976196
10190.0 0.3775227665901184
10200.0 0.3653288185596466
10210.0 0.3531348407268524
10220.0 0.34091418981552124
10230.0 0.32869356870651245
10240.0 0.31643593311309814
10250.0 0.30417826771736145
10260.0 0.29289349913597107
10270.0 0.2816087305545807
10280.0 0.27148133516311646
10290.0 0.2613539695739746
10300.0 0.25018736720085144
10310.0 0.23902076482772827
10320.0 0.22785376012325287
10330.0 0.21668678522109985
10340.0 0.20373332500457764
10350.0 0.1907798945903778
10360.0 0.1782018542289734
10370.0 0.16562382876873016
10380.0 0.15891416370868683
10390.0 0.1522044837474823
10400.0 0.14740942418575287
10410.0 0.14261436462402344
10420.0 0.13823378086090088
10430.0 0.13385318219661713
10440.0 0.12925021350383759
10450.0 0.12464722990989685
10460.0 0.12025192379951477
10470.0 0.11585662513971329
10480.0 0.11177614331245422
10490.0 0.10769565403461456
10500.0 0.10315731912851334
10510.0 0.09861896932125092
10520.0 0.09528876096010208
10530.0 0.09195853769779205
10540.0 0.08952681720256805
10550.0 0.08709511160850525
10560.0 0.08502103388309479
10570.0 0.08294696360826492
10580.0 0.07954397052526474
10590.0 0.07614099234342575
10600.0 0.06918004155158997
10610.0 0.06221909075975418
10620.0 0.05100250989198685
10630.0 0.03978592902421951
10640.0 0.029476962983608246
10650.0 0.019167998805642128
10660.0 0.013379438780248165
10670.0 0.00759087922051549
10680.0 0.00521486671641469
10690.0 0.0028388546779751778
10700.0 0.0
10710.0 0.0
10720.0 0.0
10730.0 0.0
10740.0 0.0
10750.0 0.0
