decam/transmission_system/n22/g_decam_sdss_c0001_4720.0_1520.0/2012-09-12T00:00:00.ecsv
# %ECSV 1.0
# ---
# datatype:
# - {name: wavelength, unit: Angstrom, datatype: float64}
# - {name: throughput, datatype: float64}
# meta: !!omap
# - {MODE: DETECTOR}
# - {TYPE: transmission_system}
# - {CALIBDATE: '2012-09-12T00:00:00'}
# - {INSTRUME: DECam}
# - {OBSTYPE: transmission_system}
# - {CALIBCLS: lsst.ip.isr.IntermediateSystemTransmissionCurve}
# - {DETECTOR: 53}
# - {DETECTOR_NAME: N22}
# - {SOURCE: g_band_per_detector_throughput.fits}
# - {FILTER: g DECam SDSS c0001 4720.0 1520.0}
# - {CALIB_CREATION_DATE: '2012-09-12'}
# - {CALIB_CREATION_TIME: '00:00:00'}
# schema: astropy-2.0
wavelength throughput
3750.0 0.0
3760.0 0.0
3770.0 0.0
3780.0 0.0
3790.0 0.0
3800.0 0.0
3810.0 0.0007871265988796949
3820.0 0.0008992646471597254
3830.0 0.0009871846996247768
3840.0 0.0011983029544353485
3850.0 0.0013871556147933006
3860.0 0.0015759979141876101
3870.0 0.001968387747183442
3880.0 0.0023607774637639523
3890.0 0.0030084222089499235
3900.0 0.003656066721305251
3910.0 0.0033563741017132998
3920.0 0.006581688299775124
3930.0 0.014217608608305454
3940.0 0.021853536367416382
3950.0 0.022526677697896957
3960.0 0.12912440299987793
3970.0 0.22823306918144226
3980.0 0.3273417353630066
3990.0 0.32723721861839294
4000.0 0.36143478751182556
4010.0 0.37703195214271545
4020.0 0.39262911677360535
4030.0 0.39647337794303894
4040.0 0.4037860929965973
4050.0 0.4029983580112457
4060.0 0.4116255044937134
4070.0 0.414960652589798
4080.0 0.426066130399704
4090.0 0.426204651594162
4100.0 0.4324535131454468
4110.0 0.43644973635673523
4120.0 0.4404459297657013
4130.0 0.4425641894340515
4140.0 0.4493391811847687
4150.0 0.4512220025062561
4160.0 0.46359601616859436
4170.0 0.4703004062175751
4180.0 0.4770047664642334
4190.0 0.4774758815765381
4200.0 0.47816240787506104
4210.0 0.480060875415802
4220.0 0.48587360978126526
4230.0 0.4857412874698639
4240.0 0.5017873048782349
4250.0 0.5063966512680054
4260.0 0.5110059976577759
4270.0 0.5139462351799011
4280.0 0.524185061454773
4290.0 0.5235494375228882
4300.0 0.5343350768089294
4310.0 0.538250207901001
4320.0 0.5421653985977173
4330.0 0.5471912622451782
4340.0 0.5522170662879944
4350.0 0.5580052733421326
4360.0 0.5637934803962708
4370.0 0.5686479210853577
4380.0 0.5735023021697998
4390.0 0.5798386335372925
4400.0 0.5861749649047852
4410.0 0.5900716781616211
4420.0 0.5939685106277466
4430.0 0.5973636507987976
4440.0 0.6007587909698486
4450.0 0.6040756702423096
4460.0 0.6073926687240601
4470.0 0.610507071018219
4480.0 0.6136215329170227
4490.0 0.6169801950454712
4500.0 0.6203389763832092
4510.0 0.6235429048538208
4520.0 0.6267468333244324
4530.0 0.6313180923461914
4540.0 0.6358894109725952
4550.0 0.6381305456161499
4560.0 0.6403716206550598
4570.0 0.6417167782783508
4580.0 0.6430618166923523
4590.0 0.6471878886222839
4600.0 0.6513139605522156
4610.0 0.6554771661758423
4620.0 0.659640371799469
4630.0 0.6629379987716675
4640.0 0.6662357449531555
4650.0 0.6687609553337097
4660.0 0.6712861657142639
4670.0 0.6719700694084167
4680.0 0.6726540923118591
4690.0 0.6741956472396851
4700.0 0.6757372617721558
4710.0 0.678502082824707
4720.0 0.6812669038772583
4730.0 0.6851488351821899
4740.0 0.6890308260917664
4750.0 0.6934328675270081
4760.0 0.6978349089622498
4770.0 0.6989877223968506
4780.0 0.7001405358314514
4790.0 0.7010524868965149
4800.0 0.7019645571708679
4810.0 0.705368161201477
4820.0 0.7087717056274414
4830.0 0.7102391719818115
4840.0 0.7117065787315369
4850.0 0.711372435092926
4860.0 0.71103835105896
4870.0 0.7140759825706482
4880.0 0.717113733291626
4890.0 0.7206433415412903
4900.0 0.7241729497909546
4910.0 0.7255070209503174
4920.0 0.7268410921096802
4930.0 0.7266754508018494
4940.0 0.7265098094940186
4950.0 0.7277041077613831
4960.0 0.7288984656333923
4970.0 0.7332393527030945
4980.0 0.7375802397727966
4990.0 0.7401911020278931
5000.0 0.7428020238876343
5010.0 0.7456293702125549
5020.0 0.7484566569328308
5030.0 0.7493879795074463
5040.0 0.750319242477417
5050.0 0.7521271705627441
5060.0 0.7539350390434265
5070.0 0.7571865320205688
5080.0 0.760438084602356
5090.0 0.7619869709014893
5100.0 0.7635357975959778
5110.0 0.762517511844635
5120.0 0.7614992260932922
5130.0 0.7629523277282715
5140.0 0.7644054293632507
5150.0 0.76784348487854
5160.0 0.7712815403938293
5170.0 0.7721339464187622
5180.0 0.7729863524436951
5190.0 0.774918794631958
5200.0 0.7768512964248657
5210.0 0.7807996273040771
5220.0 0.7847478985786438
5230.0 0.7878480553627014
5240.0 0.790948212146759
5250.0 0.792550802230835
5260.0 0.7941533923149109
5270.0 0.7944582104682922
5280.0 0.7947630882263184
5290.0 0.7955766320228577
5300.0 0.7963901162147522
5310.0 0.7987384796142578
5320.0 0.8010868430137634
5330.0 0.8030007481575012
5340.0 0.8049147725105286
5350.0 0.8074197769165039
5360.0 0.8099247813224792
5370.0 0.8083532452583313
5380.0 0.8067817091941833
5390.0 0.8025648593902588
5400.0 0.7983480095863342
5410.0 0.7998821139335632
5420.0 0.8014161586761475
5430.0 0.8096345067024231
5440.0 0.8178528547286987
5450.0 0.7592095136642456
5460.0 0.7005661725997925
5470.0 0.49431461095809937
5480.0 0.288063108921051
5490.0 0.17178374528884888
5500.0 0.055504389107227325
5510.0 0.03415422514081001
5520.0 0.01280406303703785
5530.0 0.00787839014083147
5540.0 0.002952706068754196
5550.0 0.002046950627118349
5560.0 0.001141185057349503
5570.0 0.0009102209587581456
5580.0 0.0006792568019591272
5590.0 0.0005875981296412647
5600.0 0.0004959289799444377
5610.0 0.0004528205608949065
5620.0 0.00040970169357024133
5630.0 0.0003742678090929985
5640.0 0.00033883395371958613
5650.0 0.0
5660.0 0.0
5670.0 0.0
5680.0 0.0
5690.0 0.0
5700.0 0.0
