decam/transmission_system/n13/z_decam_sdss_c0004_9260.0_1520.0/2012-09-12T00:00:00.ecsv
# %ECSV 1.0
# ---
# datatype:
# - {name: wavelength, unit: Angstrom, datatype: float64}
# - {name: throughput, datatype: float64}
# meta: !!omap
# - {MODE: DETECTOR}
# - {TYPE: transmission_system}
# - {CALIBDATE: '2012-09-12T00:00:00'}
# - {INSTRUME: DECam}
# - {OBSTYPE: transmission_system}
# - {CALIBCLS: lsst.ip.isr.IntermediateSystemTransmissionCurve}
# - {DETECTOR: 44}
# - {DETECTOR_NAME: N13}
# - {SOURCE: z_band_per_detector_throughput.fits}
# - {FILTER: z DECam SDSS c0004 9260.0 1520.0}
# - {CALIB_CREATION_DATE: '2012-09-12'}
# - {CALIB_CREATION_TIME: '00:00:00'}
# schema: astropy-2.0
wavelength throughput
8200.0 0.0
8210.0 0.0
8220.0 0.0
8230.0 0.0
8240.0 0.0
8250.0 0.0
8260.0 0.004717047791928053
8270.0 0.005282588303089142
8280.0 0.004591232631355524
8290.0 0.00538630411028862
8300.0 0.006181375123560429
8310.0 0.006618721876293421
8320.0 0.007701667491346598
8330.0 0.008784612640738487
8340.0 0.009867568500339985
8350.0 0.014607422053813934
8360.0 0.015603153966367245
8370.0 0.016598885878920555
8380.0 0.017594628036022186
8390.0 0.02687496319413185
8400.0 0.03314982354640961
8410.0 0.03942469507455826
8420.0 0.04569955915212631
8430.0 0.09558506309986115
8440.0 0.08997621387243271
8450.0 0.14671459794044495
8460.0 0.20345298945903778
8470.0 0.41885626316070557
8480.0 0.41297128796577454
8490.0 0.5510209798812866
8500.0 0.6890706419944763
8510.0 0.784615159034729
8520.0 0.8801596164703369
8530.0 0.930132269859314
8540.0 0.9801049828529358
8550.0 0.9872467517852783
8560.0 0.9943885803222656
8570.0 0.9800366759300232
8580.0 0.9904384613037109
8590.0 0.9748415350914001
8600.0 0.9745790362358093
8610.0 0.9837270975112915
8620.0 0.9888228178024292
8630.0 1.0003859996795654
8640.0 1.0094349384307861
8650.0 1.009095549583435
8660.0 1.0074554681777954
8670.0 1.0099902153015137
8680.0 1.0082694292068481
8690.0 1.0065486431121826
8700.0 1.0070724487304688
8710.0 1.0075961351394653
8720.0 1.009214997291565
8730.0 1.010833740234375
8740.0 1.0092377662658691
8750.0 1.0136140584945679
8760.0 1.0151900053024292
8770.0 1.01676607131958
8780.0 1.0179429054260254
8790.0 1.0191197395324707
8800.0 1.019971489906311
8810.0 1.0208231210708618
8820.0 1.0218734741210938
8830.0 1.0229237079620361
8840.0 1.0236581563949585
8850.0 1.0243926048278809
8860.0 1.0255299806594849
8870.0 1.0266672372817993
8880.0 1.0281317234039307
8890.0 1.029596209526062
8900.0 1.0257813930511475
8910.0 1.0260905027389526
8920.0 1.0254058837890625
8930.0 1.024721384048462
8940.0 1.0240368843078613
8950.0 1.0238959789276123
8960.0 1.0237549543380737
8970.0 1.0241914987564087
8980.0 1.0246280431747437
8990.0 1.0259857177734375
9000.0 1.0273432731628418
9010.0 1.0289794206619263
9020.0 1.0306154489517212
9030.0 1.0319770574569702
9040.0 1.0333386659622192
9050.0 1.0325742959976196
9060.0 1.0352041721343994
9070.0 1.0337563753128052
9080.0 1.0323084592819214
9090.0 1.0297491550445557
9100.0 1.0271899700164795
9110.0 1.0247581005096436
9120.0 1.026117205619812
9130.0 1.023921012878418
9140.0 1.0230696201324463
9150.0 1.0243886709213257
9160.0 1.023485541343689
9170.0 1.0225824117660522
9180.0 1.0224615335464478
9190.0 1.0223405361175537
9200.0 1.0202091932296753
9210.0 1.0180778503417969
9220.0 1.0156890153884888
9230.0 1.0133000612258911
9240.0 1.007430911064148
9250.0 1.0015617609024048
9260.0 0.9978724718093872
9270.0 0.9941832423210144
9280.0 0.9872052073478699
9290.0 0.9802271723747253
9300.0 0.9756678938865662
9310.0 0.971108615398407
9320.0 0.9664819240570068
9330.0 0.9618553519248962
9340.0 0.9533542394638062
9350.0 0.9448530673980713
9360.0 0.9330248832702637
9370.0 0.921196699142456
9380.0 0.9120876789093018
9390.0 0.9029785990715027
9400.0 0.8905420899391174
9410.0 0.878105640411377
9420.0 0.8695708513259888
9430.0 0.8610361814498901
9440.0 0.8550536632537842
9450.0 0.8584579229354858
9460.0 0.8591780662536621
9470.0 0.8595677018165588
9480.0 0.8612874150276184
9490.0 0.8630071878433228
9500.0 0.8625391721725464
9510.0 0.8664355874061584
9520.0 0.8672493696212769
9530.0 0.8680630922317505
9540.0 0.8686960935592651
9550.0 0.869329035282135
9560.0 0.869701623916626
9570.0 0.8700742125511169
9580.0 0.8689531087875366
9590.0 0.8678320646286011
9600.0 0.8653357028961182
9610.0 0.8628392815589905
9620.0 0.8611765503883362
9630.0 0.8595138788223267
9640.0 0.8579419851303101
9650.0 0.8563700318336487
9660.0 0.8557007312774658
9670.0 0.8550313115119934
9680.0 0.8527363538742065
9690.0 0.8504413962364197
9700.0 0.8481464385986328
9710.0 0.8458514213562012
9720.0 0.8413053154945374
9730.0 0.8367592096328735
9740.0 0.8318183422088623
9750.0 0.8268774151802063
9760.0 0.8204972743988037
9770.0 0.8141171336174011
9780.0 0.806369960308075
9790.0 0.7986229062080383
9800.0 0.7906797528266907
9810.0 0.7827366590499878
9820.0 0.7735177874565125
9830.0 0.7642989158630371
9840.0 0.7537660598754883
9850.0 0.7432332038879395
9860.0 0.7313487529754639
9870.0 0.7194642424583435
9880.0 0.709057629108429
9890.0 0.6986510753631592
9900.0 0.6877394318580627
9910.0 0.6768277287483215
9920.0 0.6610258221626282
9930.0 0.64522385597229
9940.0 0.6079235076904297
9950.0 0.5706231594085693
9960.0 0.5124335885047913
9970.0 0.45424407720565796
9980.0 0.3798624575138092
9990.0 0.30548083782196045
10000.0 0.235966295003891
10010.0 0.16645173728466034
10020.0 0.1196749284863472
10030.0 0.07289810478687286
10040.0 0.051030103117227554
10050.0 0.0291620884090662
10060.0 0.02063993737101555
10070.0 0.012117787264287472
10080.0 0.009134111925959587
10090.0 0.006150437518954277
10100.0 0.00477944128215313
10110.0 0.003408434335142374
10120.0 0.0025636707432568073
10130.0 0.001718906918540597
10140.0 0.0018148650415241718
10150.0 0.0
10160.0 0.0
10170.0 0.0
10180.0 0.0
10190.0 0.0
10200.0 0.0
