decam/transmission_system/s1/g_decam_sdss_c0001_4720.0_1520.0/2012-09-12T00:00:00.ecsv
# %ECSV 1.0
# ---
# datatype:
# - {name: wavelength, unit: Angstrom, datatype: float64}
# - {name: throughput, datatype: float64}
# meta: !!omap
# - {MODE: DETECTOR}
# - {TYPE: transmission_system}
# - {CALIBDATE: '2012-09-12T00:00:00'}
# - {INSTRUME: DECam}
# - {OBSTYPE: transmission_system}
# - {CALIBCLS: lsst.ip.isr.IntermediateSystemTransmissionCurve}
# - {DETECTOR: 25}
# - {DETECTOR_NAME: S1}
# - {SOURCE: g_band_per_detector_throughput.fits}
# - {FILTER: g DECam SDSS c0001 4720.0 1520.0}
# - {CALIB_CREATION_DATE: '2012-09-12'}
# - {CALIB_CREATION_TIME: '00:00:00'}
# schema: astropy-2.0
wavelength throughput
3750.0 0.0
3760.0 0.0
3770.0 0.0
3780.0 0.0
3790.0 0.0
3800.0 0.0
3810.0 0.0008833754691295326
3820.0 0.0011165516916662455
3830.0 0.001122668501920998
3840.0 0.0015318613732233644
3850.0 0.0018673824379220605
3860.0 0.0022029036190360785
3870.0 0.002587753813713789
3880.0 0.0029726142529398203
3890.0 0.003634081454947591
3900.0 0.004295548424124718
3910.0 0.0042669689282774925
3920.0 0.007276387885212898
3930.0 0.013861732557415962
3940.0 0.020447086542844772
3950.0 0.020666295662522316
3960.0 0.11552354693412781
3970.0 0.22006818652153015
3980.0 0.3246128261089325
3990.0 0.3192192614078522
4000.0 0.35971444845199585
4010.0 0.37539607286453247
4020.0 0.3910776674747467
4030.0 0.39653775095939636
4040.0 0.40316805243492126
4050.0 0.40416428446769714
4060.0 0.41329288482666016
4070.0 0.41818904876708984
4080.0 0.427746057510376
4090.0 0.4290178418159485
4100.0 0.4361698031425476
4110.0 0.4399983286857605
4120.0 0.44382691383361816
4130.0 0.44697508215904236
4140.0 0.4520333409309387
4150.0 0.4553202986717224
4160.0 0.46933236718177795
4170.0 0.4764077365398407
4180.0 0.48348310589790344
4190.0 0.4850485026836395
4200.0 0.4852970838546753
4210.0 0.4859699308872223
4220.0 0.49385079741477966
4230.0 0.49444031715393066
4240.0 0.5074112415313721
4250.0 0.5118132829666138
4260.0 0.5162153840065002
4270.0 0.5202284455299377
4280.0 0.5313089489936829
4290.0 0.5315282344818115
4300.0 0.5416865944862366
4310.0 0.5453354120254517
4320.0 0.5489842891693115
4330.0 0.5539557337760925
4340.0 0.5589271187782288
4350.0 0.5641010999679565
4360.0 0.5692750811576843
4370.0 0.5742433071136475
4380.0 0.579211413860321
4390.0 0.586385190486908
4400.0 0.5935589075088501
4410.0 0.5977141261100769
4420.0 0.6018694043159485
4430.0 0.6049745082855225
4440.0 0.6080796718597412
4450.0 0.6111170053482056
4460.0 0.6141542792320251
4470.0 0.616378903388977
4480.0 0.6186034679412842
4490.0 0.6222794651985168
4500.0 0.6259554624557495
4510.0 0.6291081309318542
4520.0 0.6322607398033142
4530.0 0.6365057826042175
4540.0 0.6407508254051208
4550.0 0.6426451802253723
4560.0 0.6445395946502686
4570.0 0.6451501250267029
4580.0 0.6457606554031372
4590.0 0.6500014662742615
4600.0 0.6542422771453857
4610.0 0.6580793857574463
4620.0 0.6619164943695068
4630.0 0.6645758748054504
4640.0 0.6672353744506836
4650.0 0.6693456768989563
4660.0 0.6714558601379395
4670.0 0.670782744884491
4680.0 0.6701096296310425
4690.0 0.6707242727279663
4700.0 0.6713389158248901
4710.0 0.6747933626174927
4720.0 0.6782478094100952
4730.0 0.6826499104499817
4740.0 0.6870520710945129
4750.0 0.6909803152084351
4760.0 0.694908618927002
4770.0 0.6956266164779663
4780.0 0.6963446140289307
4790.0 0.6971535682678223
4800.0 0.6979625225067139
4810.0 0.7003333568572998
4820.0 0.7027041912078857
4830.0 0.7028397917747498
4840.0 0.7029754519462585
4850.0 0.7032787799835205
4860.0 0.7035821676254272
4870.0 0.7071285843849182
4880.0 0.7106751203536987
4890.0 0.7142586708068848
4900.0 0.7178422212600708
4910.0 0.7196718454360962
4920.0 0.7215014696121216
4930.0 0.7192843556404114
4940.0 0.7170673608779907
4950.0 0.7169567942619324
4960.0 0.7168462872505188
4970.0 0.7239634394645691
4980.0 0.7310806512832642
4990.0 0.7344046831130981
5000.0 0.7377286553382874
5010.0 0.7397783398628235
5020.0 0.7418280839920044
5030.0 0.7433710098266602
5040.0 0.7449139356613159
5050.0 0.7467209100723267
5060.0 0.7485278248786926
5070.0 0.7507956027984619
5080.0 0.753063440322876
5090.0 0.7549224495887756
5100.0 0.7567813992500305
5110.0 0.7564323544502258
5120.0 0.7560832500457764
5130.0 0.7561690211296082
5140.0 0.7562547922134399
5150.0 0.7590780854225159
5160.0 0.7619014382362366
5170.0 0.7648866772651672
5180.0 0.7678719758987427
5190.0 0.7710354924201965
5200.0 0.7741990089416504
5210.0 0.7774268388748169
5220.0 0.7806547284126282
5230.0 0.783940315246582
5240.0 0.7872259020805359
5250.0 0.7900397777557373
5260.0 0.7928536534309387
5270.0 0.7938542366027832
5280.0 0.7948548793792725
5290.0 0.7959035634994507
5300.0 0.7969521880149841
5310.0 0.7996228933334351
5320.0 0.802293598651886
5330.0 0.8039985299110413
5340.0 0.8057034015655518
5350.0 0.8075886964797974
5360.0 0.809473991394043
5370.0 0.8065382242202759
5380.0 0.803602397441864
5390.0 0.7981184720993042
5400.0 0.7926344871520996
5410.0 0.794257640838623
5420.0 0.7958808541297913
5430.0 0.7965158820152283
5440.0 0.7971509099006653
5450.0 0.7089269161224365
5460.0 0.6207029223442078
5470.0 0.4204787015914917
5480.0 0.22025445103645325
5490.0 0.12917080521583557
5500.0 0.038087148219347
5510.0 0.02359316311776638
5520.0 0.009099177084863186
5530.0 0.005704533774405718
5540.0 0.002309880219399929
5550.0 0.0016398661537095904
5560.0 0.0009698520298115909
5570.0 0.0007848730310797691
5580.0 0.00059990439331159
5590.0 0.0005257133743725717
5600.0 0.0004515328037086874
5610.0 0.0004130249435547739
5620.0 0.00037451705429702997
5630.0 0.0003478170547168702
5640.0 0.0003211169969290495
5650.0 0.0
5660.0 0.0
5670.0 0.0
5680.0 0.0
5690.0 0.0
5700.0 0.0
