decam/transmission_system/n13/r_decam_sdss_c0002_6415.0_1480.0/2012-09-12T00:00:00.ecsv
# %ECSV 1.0
# ---
# datatype:
# - {name: wavelength, unit: Angstrom, datatype: float64}
# - {name: throughput, datatype: float64}
# meta: !!omap
# - {MODE: DETECTOR}
# - {TYPE: transmission_system}
# - {CALIBDATE: '2012-09-12T00:00:00'}
# - {INSTRUME: DECam}
# - {OBSTYPE: transmission_system}
# - {CALIBCLS: lsst.ip.isr.IntermediateSystemTransmissionCurve}
# - {DETECTOR: 44}
# - {DETECTOR_NAME: N13}
# - {SOURCE: r_band_per_detector_throughput.fits}
# - {FILTER: r DECam SDSS c0002 6415.0 1480.0}
# - {CALIB_CREATION_DATE: '2012-09-12'}
# - {CALIB_CREATION_TIME: '00:00:00'}
# schema: astropy-2.0
wavelength throughput
5350.0 0.0
5360.0 0.0
5370.0 0.0
5380.0 0.0
5390.0 0.0
5400.0 0.0
5410.0 0.003269098000600934
5420.0 0.003628629259765148
5430.0 0.0041611758060753345
5440.0 0.004693722818046808
5450.0 0.0053289784118533134
5460.0 0.005964243784546852
5470.0 0.006590318400412798
5480.0 0.007216382771730423
5490.0 0.00812873337417841
5500.0 0.009041083045303822
5510.0 0.010051416233181953
5520.0 0.01106174848973751
5530.0 0.012284633703529835
5540.0 0.013507507741451263
5550.0 0.01512250117957592
5560.0 0.016737505793571472
5570.0 0.018882647156715393
5580.0 0.021027788519859314
5590.0 0.02427676133811474
5600.0 0.027525730431079865
5610.0 0.03437638655304909
5620.0 0.04122702404856682
5630.0 0.06439779698848724
5640.0 0.08756858110427856
5650.0 0.17325788736343384
5660.0 0.2589472234249115
5670.0 0.4275854825973511
5680.0 0.5962238311767578
5690.0 0.6957182884216309
5700.0 0.7952127456665039
5710.0 0.810221791267395
5720.0 0.8252308368682861
5730.0 0.830423891544342
5740.0 0.835616946220398
5750.0 0.8396318554878235
5760.0 0.843646764755249
5770.0 0.8445811867713928
5780.0 0.8455156683921814
5790.0 0.8474365472793579
5800.0 0.8493574261665344
5810.0 0.8539390563964844
5820.0 0.8585207462310791
5830.0 0.8600156307220459
5840.0 0.8615104556083679
5850.0 0.8600568771362305
5860.0 0.8586032390594482
5870.0 0.8551805019378662
5880.0 0.851757824420929
5890.0 0.8523353338241577
5900.0 0.8529128432273865
5910.0 0.8573989868164062
5920.0 0.861885130405426
5930.0 0.8641949892044067
5940.0 0.8665048480033875
5950.0 0.8662633299827576
5960.0 0.8660218119621277
5970.0 0.8669643998146057
5980.0 0.8679068684577942
5990.0 0.8697524070739746
6000.0 0.871597945690155
6010.0 0.8733492493629456
6020.0 0.8751004934310913
6030.0 0.8774100542068481
6040.0 0.8807117342948914
6050.0 0.8809705972671509
6060.0 0.8812294006347656
6070.0 0.8796629309654236
6080.0 0.8780964612960815
6090.0 0.8790961503982544
6100.0 0.8800958395004272
6110.0 0.8829268217086792
6120.0 0.8857578039169312
6130.0 0.8881582617759705
6140.0 0.8905587792396545
6150.0 0.8922185897827148
6160.0 0.8938784599304199
6170.0 0.8956493139266968
6180.0 0.8974201083183289
6190.0 0.8971622586250305
6200.0 0.8969043493270874
6210.0 0.8972768187522888
6220.0 0.8976492881774902
6230.0 0.8980538845062256
6240.0 0.8984584212303162
6250.0 0.898378312587738
6260.0 0.8982983231544495
6270.0 0.9001260995864868
6280.0 0.9019538760185242
6290.0 0.9036982655525208
6300.0 0.9054427146911621
6310.0 0.9052030444145203
6320.0 0.9049633741378784
6330.0 0.905466616153717
6340.0 0.9059699177742004
6350.0 0.908039927482605
6360.0 0.9101099371910095
6370.0 0.9115225076675415
6380.0 0.9129350781440735
6390.0 0.9131724834442139
6400.0 0.9134098291397095
6410.0 0.9137583374977112
6420.0 0.9141069054603577
6430.0 0.9133235216140747
6440.0 0.912540078163147
6450.0 0.9125847220420837
6460.0 0.9126293659210205
6470.0 0.9132512807846069
6480.0 0.9138731360435486
6490.0 0.9136788249015808
6500.0 0.913484513759613
6510.0 0.9136258363723755
6520.0 0.9137671589851379
6530.0 0.9159761071205139
6540.0 0.9181850552558899
6550.0 0.9200316667556763
6560.0 0.9218783378601074
6570.0 0.9225587844848633
6580.0 0.9232391715049744
6590.0 0.9234641194343567
6600.0 0.923689067363739
6610.0 0.9224128127098083
6620.0 0.9211364984512329
6630.0 0.9200599789619446
6640.0 0.9189835786819458
6650.0 0.9195736050605774
6660.0 0.920163631439209
6670.0 0.9225947856903076
6680.0 0.925025999546051
6690.0 0.9267142415046692
6700.0 0.9284024834632874
6710.0 0.9286007285118103
6720.0 0.9287989735603333
6730.0 0.9278132319450378
6740.0 0.9268275499343872
6750.0 0.9252949953079224
6760.0 0.9237625002861023
6770.0 0.9235906600952148
6780.0 0.9234188199043274
6790.0 0.924400806427002
6800.0 0.9253827929496765
6810.0 0.9255277514457703
6820.0 0.9256726503372192
6830.0 0.9258409738540649
6840.0 0.9260092973709106
6850.0 0.9261894822120667
6860.0 0.9263696670532227
6870.0 0.9256811141967773
6880.0 0.9249926209449768
6890.0 0.9241228699684143
6900.0 0.9232531189918518
6910.0 0.9219414591789246
6920.0 0.9206297993659973
6930.0 0.9199296236038208
6940.0 0.9192294478416443
6950.0 0.918061375617981
6960.0 0.9168934226036072
6970.0 0.9163397550582886
6980.0 0.9157861471176147
6990.0 0.9167016744613647
7000.0 0.9176172018051147
7010.0 0.9171039462089539
7020.0 0.916590690612793
7030.0 0.9128738045692444
7040.0 0.9091569185256958
7050.0 0.9034277200698853
7060.0 0.8976984620094299
7070.0 0.8822520971298218
7080.0 0.8668057322502136
7090.0 0.854783833026886
7100.0 0.8427618741989136
7110.0 0.8221624493598938
7120.0 0.8015629649162292
7130.0 0.6794915199279785
7140.0 0.5574201345443726
7150.0 0.39196422696113586
7160.0 0.22650836408138275
7170.0 0.1458151489496231
7180.0 0.06512195616960526
7190.0 0.042574528604745865
7200.0 0.020027102902531624
7210.0 0.013163803145289421
7220.0 0.0063005127012729645
7230.0 0.005069974344223738
7240.0 0.0038394464645534754
7250.0 0.0028466328512877226
7260.0 0.0018538194708526134
7270.0 0.0014228803338482976
7280.0 0.00099194108042866
7290.0 0.0008021953399293125
7300.0 0.000612449599429965
7310.0 0.0005447076982818544
7320.0 0.00047696588444523513
7330.0 0.00043757527600973845
7340.0 0.00039818466757424176
7350.0 0.0
7360.0 0.0
7370.0 0.0
7380.0 0.0
7390.0 0.0
7400.0 0.0
