decam/transmission_system/n1/g_decam_sdss_c0001_4720.0_1520.0/2012-09-12T00:00:00.ecsv
# %ECSV 1.0
# ---
# datatype:
# - {name: wavelength, unit: Angstrom, datatype: float64}
# - {name: throughput, datatype: float64}
# meta: !!omap
# - {MODE: DETECTOR}
# - {TYPE: transmission_system}
# - {CALIBDATE: '2012-09-12T00:00:00'}
# - {INSTRUME: DECam}
# - {OBSTYPE: transmission_system}
# - {CALIBCLS: lsst.ip.isr.IntermediateSystemTransmissionCurve}
# - {DETECTOR: 32}
# - {DETECTOR_NAME: N1}
# - {SOURCE: g_band_per_detector_throughput.fits}
# - {FILTER: g DECam SDSS c0001 4720.0 1520.0}
# - {CALIB_CREATION_DATE: '2012-09-12'}
# - {CALIB_CREATION_TIME: '00:00:00'}
# schema: astropy-2.0
wavelength throughput
3750.0 0.0
3760.0 0.0
3770.0 0.0
3780.0 0.0
3790.0 0.0
3800.0 0.0
3810.0 0.0008729177061468363
3820.0 0.0011123457225039601
3830.0 0.0011160844005644321
3840.0 0.001567170605994761
3850.0 0.0018507662462070584
3860.0 0.002134372480213642
3870.0 0.002529659541323781
3880.0 0.0029249570798128843
3890.0 0.0035785213112831116
3900.0 0.004232085309922695
3910.0 0.004089384339749813
3920.0 0.007169732823967934
3930.0 0.013573868200182915
3940.0 0.019977992400527
3950.0 0.020312413573265076
3960.0 0.11373614519834518
3970.0 0.22222065925598145
3980.0 0.3307051956653595
3990.0 0.32390865683555603
4000.0 0.3695066571235657
4010.0 0.38580548763275146
4020.0 0.40210431814193726
4030.0 0.40754956007003784
4040.0 0.4143403470516205
4050.0 0.4160817265510559
4060.0 0.4244398772716522
4070.0 0.4298807978630066
4080.0 0.43889719247817993
4090.0 0.4411035180091858
4100.0 0.44750043749809265
4110.0 0.4510142207145691
4120.0 0.45452800393104553
4130.0 0.4584150016307831
4140.0 0.46268579363822937
4150.0 0.46668022871017456
4160.0 0.47970083355903625
4170.0 0.4867376387119293
4180.0 0.4937744140625
4190.0 0.4963776171207428
4200.0 0.4961652159690857
4210.0 0.4960830807685852
4220.0 0.5031378865242004
4230.0 0.5045324563980103
4240.0 0.5170570015907288
4250.0 0.5211879014968872
4260.0 0.5253188014030457
4270.0 0.5303006172180176
4280.0 0.5399896502494812
4290.0 0.5413095355033875
4300.0 0.5505819916725159
4310.0 0.5540102124214172
4320.0 0.557438313961029
4330.0 0.5622304677963257
4340.0 0.5670227408409119
4350.0 0.5720860958099365
4360.0 0.5771493315696716
4370.0 0.5819326043128967
4380.0 0.5867158770561218
4390.0 0.5936715602874756
4400.0 0.6006272435188293
4410.0 0.6044807434082031
4420.0 0.6083343625068665
4430.0 0.6112416982650757
4440.0 0.6141490340232849
4450.0 0.6169120073318481
4460.0 0.6196749806404114
4470.0 0.6217026710510254
4480.0 0.6237303614616394
4490.0 0.6275691986083984
4500.0 0.6314080357551575
4510.0 0.6341209411621094
4520.0 0.636833906173706
4530.0 0.6408465504646301
4540.0 0.644859254360199
4550.0 0.646538496017456
4560.0 0.6482177376747131
4570.0 0.6484960913658142
4580.0 0.6487744450569153
4590.0 0.6527336239814758
4600.0 0.6566928029060364
4610.0 0.6602935194969177
4620.0 0.6638941764831543
4630.0 0.6663414835929871
4640.0 0.668788731098175
4650.0 0.6705973744392395
4660.0 0.6724060773849487
4670.0 0.6714626550674438
4680.0 0.6705191731452942
4690.0 0.6708425879478455
4700.0 0.6711660027503967
4710.0 0.6740703582763672
4720.0 0.6769746541976929
4730.0 0.6811037659645081
4740.0 0.685232937335968
4750.0 0.6889206171035767
4760.0 0.6926082372665405
4770.0 0.6931319236755371
4780.0 0.6936555504798889
4790.0 0.6942118406295776
4800.0 0.6947680711746216
4810.0 0.6968164443969727
4820.0 0.698864758014679
4830.0 0.6989209651947021
4840.0 0.6989771723747253
4850.0 0.698758602142334
4860.0 0.6985399723052979
4870.0 0.7017140984535217
4880.0 0.7048882246017456
4890.0 0.7083842754364014
4900.0 0.7118803262710571
4910.0 0.7133346199989319
4920.0 0.7147889137268066
4930.0 0.7126433849334717
4940.0 0.7104977965354919
4950.0 0.7100629210472107
4960.0 0.7096279263496399
4970.0 0.7157422304153442
4980.0 0.7218565940856934
4990.0 0.7251579165458679
5000.0 0.7284592390060425
5010.0 0.7300993800163269
5020.0 0.7317395210266113
5030.0 0.7330312132835388
5040.0 0.7343229055404663
5050.0 0.7359458804130554
5060.0 0.7375689148902893
5070.0 0.7396471500396729
5080.0 0.7417253851890564
5090.0 0.7435913681983948
5100.0 0.7454573512077332
5110.0 0.7447296977043152
5120.0 0.744002103805542
5130.0 0.7438664436340332
5140.0 0.7437307834625244
5150.0 0.746346116065979
5160.0 0.7489614486694336
5170.0 0.7515732049942017
5180.0 0.7541849613189697
5190.0 0.7572851181030273
5200.0 0.7603852152824402
5210.0 0.7633395195007324
5220.0 0.7662937641143799
5230.0 0.7693777084350586
5240.0 0.7724617719650269
5250.0 0.7750709056854248
5260.0 0.7776800394058228
5270.0 0.7784197926521301
5280.0 0.779159665107727
5290.0 0.7802437543869019
5300.0 0.7813277840614319
5310.0 0.7836623787879944
5320.0 0.7859969735145569
5330.0 0.7876484990119934
5340.0 0.7892999649047852
5350.0 0.7911511063575745
5360.0 0.793002188205719
5370.0 0.7903785705566406
5380.0 0.7877549529075623
5390.0 0.7824552059173584
5400.0 0.7771554589271545
5410.0 0.7783032655715942
5420.0 0.7794510722160339
5430.0 0.7804126143455505
5440.0 0.7813741564750671
5450.0 0.7018345594406128
5460.0 0.6222949028015137
5470.0 0.4276614189147949
5480.0 0.23302790522575378
5490.0 0.136858731508255
5500.0 0.04068955406546593
5510.0 0.02501619979739189
5520.0 0.009342841804027557
5530.0 0.0058223106898367405
5540.0 0.002301790053024888
5550.0 0.0016221492551267147
5560.0 0.0009425185271538794
5570.0 0.0007616208167746663
5580.0 0.0005807128036394715
5590.0 0.0005110289203003049
5600.0 0.0004413450660649687
5610.0 0.00039865198777988553
5620.0 0.0003559589385986328
5630.0 0.0003308685845695436
5640.0 0.00030578862060792744
5650.0 0.0
5660.0 0.0
5670.0 0.0
5680.0 0.0
5690.0 0.0
5700.0 0.0
