decam/transmission_system/s22/r_decam_sdss_c0002_6415.0_1480.0/2012-09-12T00:00:00.ecsv
# %ECSV 1.0
# ---
# datatype:
# - {name: wavelength, unit: Angstrom, datatype: float64}
# - {name: throughput, datatype: float64}
# meta: !!omap
# - {MODE: DETECTOR}
# - {TYPE: transmission_system}
# - {CALIBDATE: '2012-09-12T00:00:00'}
# - {INSTRUME: DECam}
# - {OBSTYPE: transmission_system}
# - {CALIBCLS: lsst.ip.isr.IntermediateSystemTransmissionCurve}
# - {DETECTOR: 10}
# - {DETECTOR_NAME: S22}
# - {SOURCE: r_band_per_detector_throughput.fits}
# - {FILTER: r DECam SDSS c0002 6415.0 1480.0}
# - {CALIB_CREATION_DATE: '2012-09-12'}
# - {CALIB_CREATION_TIME: '00:00:00'}
# schema: astropy-2.0
wavelength throughput
5350.0 0.0
5360.0 0.0
5370.0 0.0
5380.0 0.0
5390.0 0.0
5400.0 0.0
5410.0 0.0024009677581489086
5420.0 0.0026997984386980534
5430.0 0.003107682568952441
5440.0 0.003515577409416437
5450.0 0.00403651362285018
5460.0 0.004557449836283922
5470.0 0.005112127400934696
5480.0 0.005666794721037149
5490.0 0.006483196280896664
5500.0 0.007299609016627073
5510.0 0.008265296928584576
5520.0 0.00923098437488079
5530.0 0.01039766427129507
5540.0 0.011564334854483604
5550.0 0.013227629475295544
5560.0 0.014890935271978378
5570.0 0.01722033880650997
5580.0 0.01954973302781582
5590.0 0.023488376289606094
5600.0 0.027427012100815773
5610.0 0.03791743516921997
5620.0 0.04840784892439842
5630.0 0.08578470349311829
5640.0 0.12316156923770905
5650.0 0.2240835428237915
5660.0 0.32500553131103516
5670.0 0.4729550778865814
5680.0 0.6209046840667725
5690.0 0.7014228105545044
5700.0 0.7819409370422363
5710.0 0.7951436042785645
5720.0 0.8083463311195374
5730.0 0.8125223517417908
5740.0 0.8166983127593994
5750.0 0.8211051225662231
5760.0 0.8255119323730469
5770.0 0.8281438946723938
5780.0 0.8307758569717407
5790.0 0.8326253294944763
5800.0 0.8344748020172119
5810.0 0.8396556377410889
5820.0 0.8448365330696106
5830.0 0.8464130163192749
5840.0 0.8479894995689392
5850.0 0.8476805686950684
5860.0 0.8473716378211975
5870.0 0.8455823063850403
5880.0 0.8437929153442383
5890.0 0.8438056707382202
5900.0 0.8438183665275574
5910.0 0.8476850390434265
5920.0 0.8515518307685852
5930.0 0.8539384603500366
5940.0 0.8563251495361328
5950.0 0.8563351631164551
5960.0 0.8563451766967773
5970.0 0.8576279878616333
5980.0 0.8589107990264893
5990.0 0.8610519170761108
6000.0 0.8631930351257324
6010.0 0.8652121424674988
6020.0 0.8672313094139099
6030.0 0.8655055165290833
6040.0 0.8700310587882996
6050.0 0.8710058331489563
6060.0 0.871980607509613
6070.0 0.8708945512771606
6080.0 0.8698084950447083
6090.0 0.8702108860015869
6100.0 0.8706133365631104
6110.0 0.8746070265769958
6120.0 0.8786007761955261
6130.0 0.8812637329101562
6140.0 0.8839268088340759
6150.0 0.8849449157714844
6160.0 0.8859630227088928
6170.0 0.8883845806121826
6180.0 0.890806257724762
6190.0 0.8907968401908875
6200.0 0.8907874822616577
6210.0 0.8912191390991211
6220.0 0.8916506767272949
6230.0 0.8932479619979858
6240.0 0.8948452472686768
6250.0 0.8950952887535095
6260.0 0.8953453898429871
6270.0 0.8962825536727905
6280.0 0.897219717502594
6290.0 0.9002289175987244
6300.0 0.9032381176948547
6310.0 0.9035077095031738
6320.0 0.9037773013114929
6330.0 0.903611958026886
6340.0 0.9034465551376343
6350.0 0.906257688999176
6360.0 0.9090688824653625
6370.0 0.9112358093261719
6380.0 0.9134026765823364
6390.0 0.9131984114646912
6400.0 0.9129941463470459
6410.0 0.913809597492218
6420.0 0.9146249890327454
6430.0 0.9147835373878479
6440.0 0.9149420261383057
6450.0 0.9148005843162537
6460.0 0.9146591424942017
6470.0 0.9160256385803223
6480.0 0.9173921942710876
6490.0 0.9177823662757874
6500.0 0.9181725382804871
6510.0 0.917877197265625
6520.0 0.9175817966461182
6530.0 0.9198359251022339
6540.0 0.9220901131629944
6550.0 0.9246887564659119
6560.0 0.9272873401641846
6570.0 0.927959680557251
6580.0 0.9286320209503174
6590.0 0.9292449951171875
6600.0 0.9298580288887024
6610.0 0.930115282535553
6620.0 0.9303725957870483
6630.0 0.9285029172897339
6640.0 0.9266332387924194
6650.0 0.9266025424003601
6660.0 0.926571786403656
6670.0 0.9290846586227417
6680.0 0.9315974712371826
6690.0 0.9339200258255005
6700.0 0.9362425208091736
6710.0 0.9368652105331421
6720.0 0.9374879002571106
6730.0 0.9373352527618408
6740.0 0.9371826648712158
6750.0 0.9363648891448975
6760.0 0.9355470538139343
6770.0 0.9354758858680725
6780.0 0.9354046583175659
6790.0 0.93672776222229
6800.0 0.9380509853363037
6810.0 0.9386541247367859
6820.0 0.9392573237419128
6830.0 0.939613938331604
6840.0 0.9399705529212952
6850.0 0.9401959180831909
6860.0 0.9404212236404419
6870.0 0.9404317736625671
6880.0 0.9404422044754028
6890.0 0.9405981302261353
6900.0 0.9407541155815125
6910.0 0.9395182728767395
6920.0 0.9382824897766113
6930.0 0.9380316734313965
6940.0 0.9377808570861816
6950.0 0.9377661943435669
6960.0 0.9377516508102417
6970.0 0.9366324543952942
6980.0 0.9355132579803467
6990.0 0.9359399080276489
7000.0 0.9363665580749512
7010.0 0.9378311038017273
7020.0 0.9392956495285034
7030.0 0.9363943934440613
7040.0 0.9334931373596191
7050.0 0.9312284588813782
7060.0 0.928963840007782
7070.0 0.9219557642936707
7080.0 0.9149477481842041
7090.0 0.8949840068817139
7100.0 0.8750202059745789
7110.0 0.8723816275596619
7120.0 0.8697429299354553
7130.0 0.8260658979415894
7140.0 0.7823889255523682
7150.0 0.600652277469635
7160.0 0.4189155697822571
7170.0 0.2773374617099762
7180.0 0.1357593834400177
7190.0 0.087723508477211
7200.0 0.03968764469027519
7210.0 0.025516977533698082
7220.0 0.011346310377120972
7230.0 0.008895047940313816
7240.0 0.006443774327635765
7250.0 0.004567626863718033
7260.0 0.002691479865461588
7270.0 0.002032214542850852
7280.0 0.0013729488709941506
7290.0 0.0010812112595885992
7300.0 0.0007894632290117443
7310.0 0.0006887487252242863
7320.0 0.0005880342214368284
7330.0 0.000514601415488869
7340.0 0.0004411684931255877
7350.0 0.0
7360.0 0.0
7370.0 0.0
7380.0 0.0
7390.0 0.0
7400.0 0.0
