decam/transmission_system/s23/i_decam_sdss_c0003_7835.0_1470.0/2012-09-12T00:00:00.ecsv
# %ECSV 1.0
# ---
# datatype:
# - {name: wavelength, unit: Angstrom, datatype: float64}
# - {name: throughput, datatype: float64}
# meta: !!omap
# - {MODE: DETECTOR}
# - {TYPE: transmission_system}
# - {CALIBDATE: '2012-09-12T00:00:00'}
# - {INSTRUME: DECam}
# - {OBSTYPE: transmission_system}
# - {CALIBCLS: lsst.ip.isr.IntermediateSystemTransmissionCurve}
# - {DETECTOR: 11}
# - {DETECTOR_NAME: S23}
# - {SOURCE: i_band_per_detector_throughput.fits}
# - {FILTER: i DECam SDSS c0003 7835.0 1470.0}
# - {CALIB_CREATION_DATE: '2012-09-12'}
# - {CALIB_CREATION_TIME: '00:00:00'}
# schema: astropy-2.0
wavelength throughput
6700.0 0.0
6710.0 0.0
6720.0 0.0
6730.0 0.0
6740.0 0.0
6750.0 0.0
6760.0 0.0008251774706877768
6770.0 0.0009445436298847198
6780.0 0.0010639096144586802
6790.0 0.00118256954010576
6800.0 0.0013012398267164826
6810.0 0.0014358097687363625
6820.0 0.0015703898388892412
6830.0 0.0017747163074091077
6840.0 0.0019790532533079386
6850.0 0.002267436357215047
6860.0 0.0025558299385011196
6870.0 0.002931468654423952
6880.0 0.0033071176148951054
6890.0 0.0038022471126168966
6900.0 0.004297376610338688
6910.0 0.004996624309569597
6920.0 0.005695862229913473
6930.0 0.006902919616550207
6940.0 0.008109967224299908
6950.0 0.010499615222215652
6960.0 0.012889273464679718
6970.0 0.018373019993305206
6980.0 0.02385677769780159
6990.0 0.03661881387233734
7000.0 0.04938086122274399
7010.0 0.07573124021291733
7020.0 0.10208161920309067
7030.0 0.14811764657497406
7040.0 0.19415366649627686
7050.0 0.26282799243927
7060.0 0.3315022587776184
7070.0 0.4171118438243866
7080.0 0.50272136926651
7090.0 0.5891372561454773
7100.0 0.6755530834197998
7110.0 0.7464595437049866
7120.0 0.8173659443855286
7130.0 0.8643439412117004
7140.0 0.9113219976425171
7150.0 0.9348220825195312
7160.0 0.9583221673965454
7170.0 0.967928409576416
7180.0 0.9775346517562866
7190.0 0.9788637757301331
7200.0 0.9801928997039795
7210.0 0.9803224802017212
7220.0 0.9804520010948181
7230.0 0.9823986887931824
7240.0 0.9843453764915466
7250.0 0.9882225394248962
7260.0 0.9920997023582458
7270.0 0.9964075684547424
7280.0 1.0007154941558838
7290.0 1.002392292022705
7300.0 1.004069209098816
7310.0 1.0030503273010254
7320.0 1.0020315647125244
7330.0 0.9993178844451904
7340.0 0.9966041445732117
7350.0 0.9950879812240601
7360.0 0.9935718774795532
7370.0 0.9946292042732239
7380.0 0.9956864714622498
7390.0 0.9992547035217285
7400.0 1.002822995185852
7410.0 1.0057264566421509
7420.0 1.0086297988891602
7430.0 1.0098565816879272
7440.0 1.0110832452774048
7450.0 1.0103200674057007
7460.0 1.0095568895339966
7470.0 1.008245587348938
7480.0 1.0069341659545898
7490.0 1.0069196224212646
7500.0 1.006905198097229
7510.0 1.0075610876083374
7520.0 1.0082169771194458
7530.0 1.0090479850769043
7540.0 1.0098789930343628
7550.0 1.0091100931167603
7560.0 1.0083413124084473
7570.0 1.0061014890670776
7580.0 1.0038617849349976
7590.0 0.9941624402999878
7600.0 0.9844632148742676
7610.0 0.9860203862190247
7620.0 0.9875775575637817
7630.0 0.9890884757041931
7640.0 0.9905993938446045
7650.0 0.9944428205490112
7660.0 0.998286247253418
7670.0 1.0002191066741943
7680.0 1.0021520853042603
7690.0 1.0021144151687622
7700.0 1.0020767450332642
7710.0 1.0023988485336304
7720.0 1.0027209520339966
7730.0 1.0034756660461426
7740.0 1.004230260848999
7750.0 1.0074524879455566
7760.0 1.0106745958328247
7770.0 1.0123159885406494
7780.0 1.0139572620391846
7790.0 1.0145115852355957
7800.0 1.0150659084320068
7810.0 1.0139691829681396
7820.0 1.012872338294983
7830.0 1.0114153623580933
7840.0 1.0099583864212036
7850.0 1.0100337266921997
7860.0 1.0101089477539062
7870.0 1.0105074644088745
7880.0 1.0109058618545532
7890.0 1.0091767311096191
7900.0 1.007447600364685
7910.0 1.0037058591842651
7920.0 0.99996417760849
7930.0 0.9949870705604553
7940.0 0.9900100827217102
7950.0 0.9844028949737549
7960.0 0.9787957072257996
7970.0 0.9765370488166809
7980.0 0.9742783904075623
7990.0 0.9777061343193054
8000.0 0.9811339378356934
8010.0 0.9864254593849182
8020.0 0.9917170405387878
8030.0 0.9948226809501648
8040.0 0.997928261756897
8050.0 0.998369574546814
8060.0 0.9988107681274414
8070.0 0.9991875290870667
8080.0 0.9995642900466919
8090.0 0.9951785206794739
8100.0 0.9907926321029663
8110.0 0.979645311832428
8120.0 0.9855519533157349
8130.0 0.984609067440033
8140.0 0.9836662411689758
8150.0 0.9851922392845154
8160.0 0.9867182374000549
8170.0 0.9947786927223206
8180.0 0.9936873912811279
8190.0 0.9900028109550476
8200.0 0.9868901371955872
8210.0 0.9837775230407715
8220.0 0.9794002175331116
8230.0 0.9750229716300964
8240.0 0.9731900691986084
8250.0 0.9713571071624756
8260.0 0.9726453423500061
8270.0 0.9739334583282471
8280.0 0.978158175945282
8290.0 0.9823829531669617
8300.0 0.9866077303886414
8310.0 1.0002633333206177
8320.0 1.0033849477767944
8330.0 1.0065065622329712
8340.0 1.0096282958984375
8350.0 1.0080472230911255
8360.0 1.0052428245544434
8370.0 1.0024383068084717
8380.0 0.9996339678764343
8390.0 0.9978421926498413
8400.0 0.9913511276245117
8410.0 0.9916057586669922
8420.0 0.9918603301048279
8430.0 0.9906134009361267
8440.0 0.9967650175094604
8450.0 0.9958702325820923
8460.0 0.9949754476547241
8470.0 1.000915765762329
8480.0 1.006856083869934
8490.0 1.0093233585357666
8500.0 1.0117905139923096
8510.0 0.9958035349845886
8520.0 0.9798165559768677
8530.0 0.9160147309303284
8540.0 0.8522129058837891
8550.0 0.7227897644042969
8560.0 0.5933666229248047
8570.0 0.3162885010242462
8580.0 0.3174998164176941
8590.0 0.12922312319278717
8600.0 0.1273149996995926
8610.0 0.04627401754260063
8620.0 0.04642356187105179
8630.0 0.016784995794296265
8640.0 0.01725565828382969
8650.0 0.006901040207594633
8660.0 0.0070532336831092834
8670.0 0.003241120371967554
8680.0 0.002702862024307251
8690.0 0.0021645929664373398
8700.0 0.0
8710.0 0.0
8720.0 0.0
8730.0 0.0
8740.0 0.0
8750.0 0.0
