decam/transmission_system/n4/g_decam_sdss_c0001_4720.0_1520.0/2012-09-12T00:00:00.ecsv
# %ECSV 1.0
# ---
# datatype:
# - {name: wavelength, unit: Angstrom, datatype: float64}
# - {name: throughput, datatype: float64}
# meta: !!omap
# - {MODE: DETECTOR}
# - {TYPE: transmission_system}
# - {CALIBDATE: '2012-09-12T00:00:00'}
# - {INSTRUME: DECam}
# - {OBSTYPE: transmission_system}
# - {CALIBCLS: lsst.ip.isr.IntermediateSystemTransmissionCurve}
# - {DETECTOR: 35}
# - {DETECTOR_NAME: N4}
# - {SOURCE: g_band_per_detector_throughput.fits}
# - {FILTER: g DECam SDSS c0001 4720.0 1520.0}
# - {CALIB_CREATION_DATE: '2012-09-12'}
# - {CALIB_CREATION_TIME: '00:00:00'}
# schema: astropy-2.0
wavelength throughput
3750.0 0.0
3760.0 0.0
3770.0 0.0
3780.0 0.0
3790.0 0.0
3800.0 0.0
3810.0 0.0006306442082859576
3820.0 0.0007424707873724401
3830.0 0.000685415172483772
3840.0 0.0010172806214541197
3850.0 0.0012604057556018233
3860.0 0.0015035205287858844
3870.0 0.0018148546805605292
3880.0 0.0021261784713715315
3890.0 0.002772016217932105
3900.0 0.003417853731662035
3910.0 0.003409784520044923
3920.0 0.0065162102691829205
3930.0 0.012489396147429943
3940.0 0.01846258156001568
3950.0 0.019165286794304848
3960.0 0.11185018718242645
3970.0 0.22249193489551544
3980.0 0.3331336975097656
3990.0 0.33089837431907654
4000.0 0.3704901933670044
4010.0 0.3889332115650177
4020.0 0.4073761999607086
4030.0 0.4112672805786133
4040.0 0.4186219871044159
4050.0 0.4192802309989929
4060.0 0.4271194636821747
4070.0 0.432086706161499
4080.0 0.4430028796195984
4090.0 0.44448983669281006
4100.0 0.448517769575119
4110.0 0.4521953761577606
4120.0 0.45587295293807983
4130.0 0.45925667881965637
4140.0 0.46543851494789124
4150.0 0.4687809944152832
4160.0 0.4792686402797699
4170.0 0.4858560562133789
4180.0 0.4924434721469879
4190.0 0.49450618028640747
4200.0 0.4907073974609375
4210.0 0.49167537689208984
4220.0 0.4940159320831299
4230.0 0.49503111839294434
4240.0 0.5138019919395447
4250.0 0.5171253085136414
4260.0 0.520448625087738
4270.0 0.5247880816459656
4280.0 0.5346049070358276
4290.0 0.5354166030883789
4300.0 0.5461778044700623
4310.0 0.5490524768829346
4320.0 0.5519272089004517
4330.0 0.556480884552002
4340.0 0.5610345602035522
4350.0 0.5675501823425293
4360.0 0.5740657448768616
4370.0 0.5786100625991821
4380.0 0.5831543803215027
4390.0 0.5893297791481018
4400.0 0.5955051183700562
4410.0 0.5986115336418152
4420.0 0.6017180681228638
4430.0 0.6045145988464355
4440.0 0.6073111891746521
4450.0 0.6099300980567932
4460.0 0.6125490665435791
4470.0 0.6157214045524597
4480.0 0.6188937425613403
4490.0 0.6213940382003784
4500.0 0.6238942742347717
4510.0 0.627083957195282
4520.0 0.6302735805511475
4530.0 0.6344537734985352
4540.0 0.6386340856552124
4550.0 0.6400836110115051
4560.0 0.6415330171585083
4570.0 0.6427960991859436
4580.0 0.6440591812133789
4590.0 0.6477380394935608
4600.0 0.6514168977737427
4610.0 0.6558340191841125
4620.0 0.6602512001991272
4630.0 0.6632257103919983
4640.0 0.6662002205848694
4650.0 0.6675366163253784
4660.0 0.6688730716705322
4670.0 0.6691656708717346
4680.0 0.669458270072937
4690.0 0.6711047291755676
4700.0 0.6727511286735535
4710.0 0.6747744679450989
4720.0 0.6767978072166443
4730.0 0.6805868148803711
4740.0 0.6843757629394531
4750.0 0.689357578754425
4760.0 0.694339394569397
4770.0 0.6944344639778137
4780.0 0.6945295333862305
4790.0 0.694642961025238
4800.0 0.6947563886642456
4810.0 0.6997373700141907
4820.0 0.7047183513641357
4830.0 0.7052603363990784
4840.0 0.7058022618293762
4850.0 0.7031828165054321
4860.0 0.7005633115768433
4870.0 0.7047600746154785
4880.0 0.7089568376541138
4890.0 0.7125145196914673
4900.0 0.7160722613334656
4910.0 0.7164999842643738
4920.0 0.716927707195282
4930.0 0.7177751064300537
4940.0 0.7186225652694702
4950.0 0.7194697260856628
4960.0 0.7203168869018555
4970.0 0.7230312824249268
4980.0 0.7257457971572876
4990.0 0.7291005849838257
5000.0 0.732455313205719
5010.0 0.7348697781562805
5020.0 0.737284243106842
5030.0 0.7372972965240479
5040.0 0.7373103499412537
5050.0 0.7399156093597412
5060.0 0.742520809173584
5070.0 0.7470200061798096
5080.0 0.7515192031860352
5090.0 0.7520475387573242
5100.0 0.7525759339332581
5110.0 0.7497079372406006
5120.0 0.7468398809432983
5130.0 0.7486014366149902
5140.0 0.7503630518913269
5150.0 0.7530924677848816
5160.0 0.7558218836784363
5170.0 0.75636225938797
5180.0 0.7569026947021484
5190.0 0.7611292004585266
5200.0 0.7653557658195496
5210.0 0.7703547477722168
5220.0 0.7753537893295288
5230.0 0.77635657787323
5240.0 0.7773593664169312
5250.0 0.7775035500526428
5260.0 0.777647852897644
5270.0 0.7781327366828918
5280.0 0.7786175012588501
5290.0 0.7792227864265442
5300.0 0.7798280119895935
5310.0 0.7814977169036865
5320.0 0.7831674218177795
5330.0 0.7857417464256287
5340.0 0.7883161306381226
5350.0 0.7911408543586731
5360.0 0.7939655780792236
5370.0 0.7915406227111816
5380.0 0.7891155481338501
5390.0 0.7833802700042725
5400.0 0.7776449918746948
5410.0 0.7799240946769714
5420.0 0.782203197479248
5430.0 0.7925723195075989
5440.0 0.8029413819313049
5450.0 0.770784318447113
5460.0 0.7386273145675659
5470.0 0.5426611304283142
5480.0 0.34669506549835205
5490.0 0.2078515589237213
5500.0 0.06900805234909058
5510.0 0.042095426470041275
5520.0 0.015182786621153355
5530.0 0.009247257374227047
5540.0 0.003311718348413706
5550.0 0.002250030869618058
5560.0 0.0011883436236530542
5570.0 0.0009319153032265604
5580.0 0.0006754766218364239
5590.0 0.0005864038248546422
5600.0 0.0004973309696651995
5610.0 0.0004502554365899414
5620.0 0.0004031798744108528
5630.0 0.0003721908142324537
5640.0 0.00034121214412152767
5650.0 0.0
5660.0 0.0
5670.0 0.0
5680.0 0.0
5690.0 0.0
5700.0 0.0
