decam/transmission_system/s3/y_decam_c0005_10095.0_1130.0/2012-09-12T00:00:00.ecsv
# %ECSV 1.0
# ---
# datatype:
# - {name: wavelength, unit: Angstrom, datatype: float64}
# - {name: throughput, datatype: float64}
# meta: !!omap
# - {MODE: DETECTOR}
# - {TYPE: transmission_system}
# - {CALIBDATE: '2012-09-12T00:00:00'}
# - {INSTRUME: DECam}
# - {OBSTYPE: transmission_system}
# - {CALIBCLS: lsst.ip.isr.IntermediateSystemTransmissionCurve}
# - {DETECTOR: 27}
# - {DETECTOR_NAME: S3}
# - {SOURCE: Y_band_per_detector_throughput.fits}
# - {FILTER: Y DECam c0005 10095.0 1130.0}
# - {CALIB_CREATION_DATE: '2012-09-12'}
# - {CALIB_CREATION_TIME: '00:00:00'}
# schema: astropy-2.0
wavelength throughput
9250.0 0.0
9260.0 0.0
9270.0 0.0
9280.0 0.0
9290.0 0.0
9300.0 0.0
9310.0 0.005925549194216728
9320.0 0.006758338771760464
9330.0 0.0075911181047558784
9340.0 0.00868098996579647
9350.0 0.009770852513611317
9360.0 0.011134620755910873
9370.0 0.01249838899821043
9380.0 0.014607930555939674
9390.0 0.01671748235821724
9400.0 0.02014157734811306
9410.0 0.02356567420065403
9420.0 0.02995644323527813
9430.0 0.03634721040725708
9440.0 0.05040058121085167
9450.0 0.06445394456386566
9460.0 0.06689764559268951
9470.0 0.13367192447185516
9480.0 0.1390949785709381
9490.0 0.28757497668266296
9500.0 0.29497310519218445
9510.0 0.5374258160591125
9520.0 0.6453485488891602
9530.0 0.7532713413238525
9540.0 0.795255720615387
9550.0 0.8372400999069214
9560.0 0.8463740348815918
9570.0 0.8555079698562622
9580.0 0.8554408550262451
9590.0 0.8553737998008728
9600.0 0.8529323935508728
9610.0 0.850490927696228
9620.0 0.8469359278678894
9630.0 0.8433809876441956
9640.0 0.8415365219116211
9650.0 0.8396921157836914
9660.0 0.8381687998771667
9670.0 0.8366455435752869
9680.0 0.8339945077896118
9690.0 0.8313435316085815
9700.0 0.8294898271560669
9710.0 0.8276361227035522
9720.0 0.8192507028579712
9730.0 0.8108653426170349
9740.0 0.8050181269645691
9750.0 0.799170970916748
9760.0 0.7926269769668579
9770.0 0.7860829830169678
9780.0 0.7791815996170044
9790.0 0.7722802758216858
9800.0 0.7660983800888062
9810.0 0.7599165439605713
9820.0 0.7541043162345886
9830.0 0.748292088508606
9840.0 0.7412704229354858
9850.0 0.7342487573623657
9860.0 0.7275313138961792
9870.0 0.7208139300346375
9880.0 0.7114035487174988
9890.0 0.7019932270050049
9900.0 0.6932165026664734
9910.0 0.6844397783279419
9920.0 0.6745125651359558
9930.0 0.6645854115486145
9940.0 0.6565068364143372
9950.0 0.648428201675415
9960.0 0.6386688351631165
9970.0 0.6289094686508179
9980.0 0.6195162534713745
9990.0 0.6101229190826416
10000.0 0.5996387004852295
10010.0 0.5891544818878174
10020.0 0.5780564546585083
10030.0 0.5669584274291992
10040.0 0.5552471280097961
10050.0 0.5435358881950378
10060.0 0.5326601266860962
10070.0 0.5217843651771545
10080.0 0.5097646713256836
10090.0 0.49774494767189026
10100.0 0.4850753843784332
10110.0 0.4724058210849762
10120.0 0.46114468574523926
10130.0 0.4498835802078247
10140.0 0.4378312826156616
10150.0 0.42577892541885376
10160.0 0.4144008755683899
10170.0 0.40302279591560364
10180.0 0.39078494906425476
10190.0 0.37854713201522827
10200.0 0.3671102821826935
10210.0 0.3556734025478363
10220.0 0.34410303831100464
10230.0 0.3325326442718506
10240.0 0.3209843635559082
10250.0 0.3094361126422882
10260.0 0.29862096905708313
10270.0 0.28780579566955566
10280.0 0.2781078517436981
10290.0 0.2684098482131958
10300.0 0.2576324939727783
10310.0 0.24685510993003845
10320.0 0.23629319667816162
10330.0 0.2257312685251236
10340.0 0.21373867988586426
10350.0 0.20174606144428253
10360.0 0.18903322517871857
10370.0 0.1763203889131546
10380.0 0.16912813484668732
10390.0 0.16193588078022003
10400.0 0.15720370411872864
10410.0 0.15247154235839844
10420.0 0.14817731082439423
10430.0 0.1438831090927124
10440.0 0.13958165049552917
10450.0 0.13528017699718475
10460.0 0.13105133175849915
10470.0 0.12682250142097473
10480.0 0.12286259979009628
10490.0 0.11890270560979843
10500.0 0.11442220211029053
10510.0 0.10994169116020203
10520.0 0.10658696293830872
10530.0 0.1032322347164154
10540.0 0.1007477343082428
10550.0 0.09826324135065079
10560.0 0.09687241911888123
10570.0 0.09548161178827286
10580.0 0.09431353211402893
10590.0 0.0931454449892044
10600.0 0.09031542390584946
10610.0 0.0874854028224945
10620.0 0.07943207025527954
10630.0 0.07137874513864517
10640.0 0.0586581788957119
10650.0 0.045937612652778625
10660.0 0.0340869314968586
10670.0 0.022236239165067673
10680.0 0.015583141706883907
10690.0 0.008930056355893612
10700.0 0.0
10710.0 0.0
10720.0 0.0
10730.0 0.0
10740.0 0.0
10750.0 0.0
