decam/transmission_system/n14/g_decam_sdss_c0001_4720.0_1520.0/2012-09-12T00:00:00.ecsv
# %ECSV 1.0
# ---
# datatype:
# - {name: wavelength, unit: Angstrom, datatype: float64}
# - {name: throughput, datatype: float64}
# meta: !!omap
# - {MODE: DETECTOR}
# - {TYPE: transmission_system}
# - {CALIBDATE: '2012-09-12T00:00:00'}
# - {INSTRUME: DECam}
# - {OBSTYPE: transmission_system}
# - {CALIBCLS: lsst.ip.isr.IntermediateSystemTransmissionCurve}
# - {DETECTOR: 45}
# - {DETECTOR_NAME: N14}
# - {SOURCE: g_band_per_detector_throughput.fits}
# - {FILTER: g DECam SDSS c0001 4720.0 1520.0}
# - {CALIB_CREATION_DATE: '2012-09-12'}
# - {CALIB_CREATION_TIME: '00:00:00'}
# schema: astropy-2.0
wavelength throughput
3750.0 0.0
3760.0 0.0
3770.0 0.0
3780.0 0.0
3790.0 0.0
3800.0 0.0
3810.0 0.0007782162283547223
3820.0 0.0007074211025610566
3830.0 0.0008441095123998821
3840.0 0.0010750009678304195
3850.0 0.0013607152504846454
3860.0 0.0016464295331388712
3870.0 0.0019098573829978704
3880.0 0.002173295710235834
3890.0 0.0026202278677374125
3900.0 0.003067160025238991
3910.0 0.0030580214224755764
3920.0 0.005249896086752415
3930.0 0.010072342120110989
3940.0 0.014894777908921242
3950.0 0.015587867237627506
3960.0 0.09315575659275055
3970.0 0.1935119926929474
3980.0 0.2938682436943054
3990.0 0.29446256160736084
4000.0 0.33726561069488525
4010.0 0.354531854391098
4020.0 0.3717981278896332
4030.0 0.37358564138412476
4040.0 0.38490304350852966
4050.0 0.38534340262413025
4060.0 0.39454007148742676
4070.0 0.40044546127319336
4080.0 0.4097907841205597
4090.0 0.4124184250831604
4100.0 0.418911874294281
4110.0 0.4227706491947174
4120.0 0.4266293942928314
4130.0 0.4305685758590698
4140.0 0.43634551763534546
4150.0 0.44010862708091736
4160.0 0.45354482531547546
4170.0 0.4610210955142975
4180.0 0.4684973657131195
4190.0 0.4706999957561493
4200.0 0.47110310196876526
4210.0 0.47265949845314026
4220.0 0.47937092185020447
4230.0 0.4804938733577728
4240.0 0.49527743458747864
4250.0 0.4999619424343109
4260.0 0.5046464204788208
4270.0 0.5090914368629456
4280.0 0.5200071334838867
4290.0 0.520631730556488
4300.0 0.5313785672187805
4310.0 0.5356802940368652
4320.0 0.5399820804595947
4330.0 0.5454002618789673
4340.0 0.5508184432983398
4350.0 0.5566685199737549
4360.0 0.5625185966491699
4370.0 0.5679087042808533
4380.0 0.5732987523078918
4390.0 0.5805829167366028
4400.0 0.5878672003746033
4410.0 0.5923595428466797
4420.0 0.5968518257141113
4430.0 0.6003950238227844
4440.0 0.6039381623268127
4450.0 0.6072377562522888
4460.0 0.6105374097824097
4470.0 0.6134165525436401
4480.0 0.6162956953048706
4490.0 0.6200920343399048
4500.0 0.623888373374939
4510.0 0.627031683921814
4520.0 0.6301750540733337
4530.0 0.6346185803413391
4540.0 0.6390620470046997
4550.0 0.641353189945221
4560.0 0.6436442732810974
4570.0 0.6447101831436157
4580.0 0.645776093006134
4590.0 0.6502856612205505
4600.0 0.654795229434967
4610.0 0.6591280698776245
4620.0 0.663460910320282
4630.0 0.6668385863304138
4640.0 0.6702163219451904
4650.0 0.6727600693702698
4660.0 0.6753038167953491
4670.0 0.6751974821090698
4680.0 0.6750911474227905
4690.0 0.6759095191955566
4700.0 0.676727831363678
4710.0 0.6797316670417786
4720.0 0.6827354431152344
4730.0 0.6873824000358582
4740.0 0.6920293569564819
4750.0 0.6963292956352234
4760.0 0.7006291747093201
4770.0 0.7017749547958374
4780.0 0.7029207348823547
4790.0 0.7038267850875854
4800.0 0.7047328948974609
4810.0 0.7075866460800171
4820.0 0.7104403972625732
4830.0 0.711483359336853
4840.0 0.7125264406204224
4850.0 0.7120218873023987
4860.0 0.7115174531936646
4870.0 0.7147982716560364
4880.0 0.7180790305137634
4890.0 0.7224828600883484
4900.0 0.7268867492675781
4910.0 0.7286359071731567
4920.0 0.7303850650787354
4930.0 0.7288844585418701
4940.0 0.7273837924003601
4950.0 0.727623701095581
4960.0 0.7278636693954468
4970.0 0.7343506813049316
4980.0 0.740837812423706
4990.0 0.7444297671318054
5000.0 0.7480217814445496
5010.0 0.7504904866218567
5020.0 0.7529590725898743
5030.0 0.7544224858283997
5040.0 0.7558857798576355
5050.0 0.757811963558197
5060.0 0.7597382068634033
5070.0 0.7626190185546875
5080.0 0.7654997706413269
5090.0 0.7677326798439026
5100.0 0.769965648651123
5110.0 0.7690489888191223
5120.0 0.7681323289871216
5130.0 0.7686086893081665
5140.0 0.7690850496292114
5150.0 0.7725998163223267
5160.0 0.7761145234107971
5170.0 0.778482973575592
5180.0 0.7808513045310974
5190.0 0.7837835550308228
5200.0 0.7867157459259033
5210.0 0.7906877994537354
5220.0 0.7946598529815674
5230.0 0.7984796166419983
5240.0 0.8022993206977844
5250.0 0.8047864437103271
5260.0 0.8072736263275146
5270.0 0.8078581690788269
5280.0 0.8084427118301392
5290.0 0.8096426725387573
5300.0 0.8108426928520203
5310.0 0.8137248158454895
5320.0 0.8166068196296692
5330.0 0.8188865780830383
5340.0 0.8211662769317627
5350.0 0.8237238526344299
5360.0 0.8262813687324524
5370.0 0.8244682550430298
5380.0 0.8226550817489624
5390.0 0.81737220287323
5400.0 0.8120892643928528
5410.0 0.8118672966957092
5420.0 0.8116452693939209
5430.0 0.8137466907501221
5440.0 0.8158482313156128
5450.0 0.7463682889938354
5460.0 0.6768884658813477
5470.0 0.4780089557170868
5480.0 0.2791294455528259
5490.0 0.16422830522060394
5500.0 0.04932719096541405
5510.0 0.02965770661830902
5520.0 0.009988212026655674
5530.0 0.006111742928624153
5540.0 0.0022352635860443115
5550.0 0.0015454761451110244
5560.0 0.0008556992979720235
5570.0 0.0006663273670710623
5580.0 0.00047694507520645857
5590.0 0.00041916253394447267
5600.0 0.0003613695444073528
5610.0 0.0003311593609396368
5620.0 0.0003009387874044478
5630.0 0.0002715386508498341
5640.0 0.0002421384706394747
5650.0 0.0
5660.0 0.0
5670.0 0.0
5680.0 0.0
5690.0 0.0
5700.0 0.0
