decam/transmission_system/s17/r_decam_sdss_c0002_6415.0_1480.0/2012-09-12T00:00:00.ecsv
# %ECSV 1.0
# ---
# datatype:
# - {name: wavelength, unit: Angstrom, datatype: float64}
# - {name: throughput, datatype: float64}
# meta: !!omap
# - {MODE: DETECTOR}
# - {TYPE: transmission_system}
# - {CALIBDATE: '2012-09-12T00:00:00'}
# - {INSTRUME: DECam}
# - {OBSTYPE: transmission_system}
# - {CALIBCLS: lsst.ip.isr.IntermediateSystemTransmissionCurve}
# - {DETECTOR: 16}
# - {DETECTOR_NAME: S17}
# - {SOURCE: r_band_per_detector_throughput.fits}
# - {FILTER: r DECam SDSS c0002 6415.0 1480.0}
# - {CALIB_CREATION_DATE: '2012-09-12'}
# - {CALIB_CREATION_TIME: '00:00:00'}
# schema: astropy-2.0
wavelength throughput
5350.0 0.0
5360.0 0.0
5370.0 0.0
5380.0 0.0
5390.0 0.0
5400.0 0.0
5410.0 0.0019830618984997272
5420.0 0.002247361931949854
5430.0 0.0026177249383181334
5440.0 0.0029880779329687357
5450.0 0.0034554062876850367
5460.0 0.003922724165022373
5470.0 0.004443899262696505
5480.0 0.004965074826031923
5490.0 0.005742127541452646
5500.0 0.0065191807225346565
5510.0 0.0075319125317037106
5520.0 0.008544634096324444
5530.0 0.009746198542416096
5540.0 0.010947773233056068
5550.0 0.012595739215612411
5560.0 0.01424370612949133
5570.0 0.016524912789463997
5580.0 0.01880612038075924
5590.0 0.022674812003970146
5600.0 0.026543501764535904
5610.0 0.036987658590078354
5620.0 0.0474318191409111
5630.0 0.08679317682981491
5640.0 0.12615451216697693
5650.0 0.24133244156837463
5660.0 0.35651034116744995
5670.0 0.5065231323242188
5680.0 0.6565359234809875
5690.0 0.722521185874939
5700.0 0.7885064482688904
5710.0 0.7995988726615906
5720.0 0.810691237449646
5730.0 0.8138442635536194
5740.0 0.8169971704483032
5750.0 0.8209434151649475
5760.0 0.824889600276947
5770.0 0.829149067401886
5780.0 0.833408534526825
5790.0 0.8353273272514343
5800.0 0.8372461795806885
5810.0 0.8417498469352722
5820.0 0.846253514289856
5830.0 0.8480189442634583
5840.0 0.8497843146324158
5850.0 0.8494824767112732
5860.0 0.8491806387901306
5870.0 0.8482763767242432
5880.0 0.8473721742630005
5890.0 0.8473593592643738
5900.0 0.8473466038703918
5910.0 0.8503710031509399
5920.0 0.8533954620361328
5930.0 0.8557438254356384
5940.0 0.858092188835144
5950.0 0.8578741550445557
5960.0 0.8576561212539673
5970.0 0.8585898876190186
5980.0 0.8595236539840698
5990.0 0.8619799613952637
6000.0 0.8644363284111023
6010.0 0.8666682243347168
6020.0 0.8689000606536865
6030.0 0.8668696880340576
6040.0 0.8707018494606018
6050.0 0.8716270923614502
6060.0 0.8725523948669434
6070.0 0.872129499912262
6080.0 0.8717066049575806
6090.0 0.8716399073600769
6100.0 0.871573269367218
6110.0 0.8750256299972534
6120.0 0.8784778714179993
6130.0 0.8818033337593079
6140.0 0.8851287961006165
6150.0 0.8857302665710449
6160.0 0.8863317370414734
6170.0 0.8880633115768433
6180.0 0.8897948861122131
6190.0 0.8904225826263428
6200.0 0.891050398349762
6210.0 0.8912517428398132
6220.0 0.8914530873298645
6230.0 0.8929988741874695
6240.0 0.8945446014404297
6250.0 0.8956108093261719
6260.0 0.8966770172119141
6270.0 0.8968780040740967
6280.0 0.8970790505409241
6290.0 0.89930260181427
6300.0 0.901526153087616
6310.0 0.902716338634491
6320.0 0.903906524181366
6330.0 0.9034386277198792
6340.0 0.9029707908630371
6350.0 0.904918372631073
6360.0 0.9068658947944641
6370.0 0.9095503687858582
6380.0 0.9122347831726074
6390.0 0.9122560620307922
6400.0 0.9122772812843323
6410.0 0.9129130244255066
6420.0 0.9135487675666809
6430.0 0.9141479730606079
6440.0 0.9147470593452454
6450.0 0.9142382144927979
6460.0 0.9137293696403503
6470.0 0.9146062731742859
6480.0 0.9154831767082214
6490.0 0.9165791273117065
6500.0 0.9176751375198364
6510.0 0.9173367619514465
6520.0 0.9169983863830566
6530.0 0.9183917045593262
6540.0 0.9197850227355957
6550.0 0.9223785996437073
6560.0 0.9249721169471741
6570.0 0.9258012175559998
6580.0 0.9266302585601807
6590.0 0.9269970059394836
6600.0 0.9273638129234314
6610.0 0.9279290437698364
6620.0 0.9284942150115967
6630.0 0.9273808598518372
6640.0 0.9262674450874329
6650.0 0.9257720112800598
6660.0 0.9252765774726868
6670.0 0.9270975589752197
6680.0 0.9289184808731079
6690.0 0.931228756904602
6700.0 0.9335390329360962
6710.0 0.934175431728363
6720.0 0.9348118305206299
6730.0 0.9347071051597595
6740.0 0.9346023797988892
6750.0 0.9339063763618469
6760.0 0.9332104325294495
6770.0 0.9329878687858582
6780.0 0.9327652454376221
6790.0 0.9338260293006897
6800.0 0.9348867535591125
6810.0 0.9353721737861633
6820.0 0.9358576536178589
6830.0 0.9363046288490295
6840.0 0.9367515444755554
6850.0 0.9367525577545166
6860.0 0.9367534518241882
6870.0 0.9364707469940186
6880.0 0.9361879825592041
6890.0 0.9366021156311035
6900.0 0.9370163083076477
6910.0 0.935773491859436
6920.0 0.9345306754112244
6930.0 0.9340532422065735
6940.0 0.9335758686065674
6950.0 0.933722198009491
6960.0 0.9338685274124146
6970.0 0.9331116080284119
6980.0 0.9323546290397644
6990.0 0.9321377873420715
7000.0 0.9319209456443787
7010.0 0.933381974697113
7020.0 0.9348430037498474
7030.0 0.9337188601493835
7040.0 0.9325945973396301
7050.0 0.9309582114219666
7060.0 0.9293218851089478
7070.0 0.9271453619003296
7080.0 0.9249688386917114
7090.0 0.9122369885444641
7100.0 0.8995051383972168
7110.0 0.8921797871589661
7120.0 0.8848544359207153
7130.0 0.8711495399475098
7140.0 0.8574446439743042
7150.0 0.7210312485694885
7160.0 0.5846179127693176
7170.0 0.4081376791000366
7180.0 0.2316574901342392
7190.0 0.15074361860752106
7200.0 0.06982976198196411
7210.0 0.04478592053055763
7220.0 0.019742075353860855
7230.0 0.015189162455499172
7240.0 0.010636251419782639
7250.0 0.007244370877742767
7260.0 0.003852489870041609
7270.0 0.0028171497397124767
7280.0 0.0017817988991737366
7290.0 0.0013756281696259975
7300.0 0.0009694574400782585
7310.0 0.0008246166980825365
7320.0 0.0006797656533308327
7330.0 0.0005801519728265703
7340.0 0.0004805383214261383
7350.0 0.0
7360.0 0.0
7370.0 0.0
7380.0 0.0
7390.0 0.0
7400.0 0.0
