decam/transmission_system/n28/y_decam_c0005_10095.0_1130.0/2012-09-12T00:00:00.ecsv
# %ECSV 1.0
# ---
# datatype:
# - {name: wavelength, unit: Angstrom, datatype: float64}
# - {name: throughput, datatype: float64}
# meta: !!omap
# - {MODE: DETECTOR}
# - {TYPE: transmission_system}
# - {CALIBDATE: '2012-09-12T00:00:00'}
# - {INSTRUME: DECam}
# - {OBSTYPE: transmission_system}
# - {CALIBCLS: lsst.ip.isr.IntermediateSystemTransmissionCurve}
# - {DETECTOR: 59}
# - {DETECTOR_NAME: N28}
# - {SOURCE: Y_band_per_detector_throughput.fits}
# - {FILTER: Y DECam c0005 10095.0 1130.0}
# - {CALIB_CREATION_DATE: '2012-09-12'}
# - {CALIB_CREATION_TIME: '00:00:00'}
# schema: astropy-2.0
wavelength throughput
9250.0 0.0
9260.0 0.0
9270.0 0.0
9280.0 0.0
9290.0 0.0
9300.0 0.0
9310.0 0.00769638130441308
9320.0 0.008516324684023857
9330.0 0.009336278773844242
9340.0 0.01037061121314764
9350.0 0.011404934339225292
9360.0 0.012769263237714767
9370.0 0.014133603312075138
9380.0 0.016322467476129532
9390.0 0.018511340022087097
9400.0 0.02239447645843029
9410.0 0.026277612894773483
9420.0 0.03406437486410141
9430.0 0.04185113683342934
9440.0 0.06013492867350578
9450.0 0.07841873168945312
9460.0 0.07820428907871246
9470.0 0.15771549940109253
9480.0 0.1562194526195526
9490.0 0.2997762858867645
9500.0 0.2982686460018158
9510.0 0.4922472834587097
9520.0 0.5906826257705688
9530.0 0.6891180872917175
9540.0 0.7580844759941101
9550.0 0.8270509243011475
9560.0 0.8553647398948669
9570.0 0.8836786150932312
9580.0 0.8856361508369446
9590.0 0.8875937461853027
9600.0 0.8848946690559387
9610.0 0.8821956515312195
9620.0 0.8795528411865234
9630.0 0.8769100904464722
9640.0 0.874810516834259
9650.0 0.8727109432220459
9660.0 0.8693988919258118
9670.0 0.8660869598388672
9680.0 0.861436665058136
9690.0 0.8567863702774048
9700.0 0.8532357811927795
9710.0 0.8496851921081543
9720.0 0.8402141332626343
9730.0 0.8307430744171143
9740.0 0.8248506784439087
9750.0 0.8189582824707031
9760.0 0.8132032155990601
9770.0 0.807448148727417
9780.0 0.8011445999145508
9790.0 0.7948411107063293
9800.0 0.7888370752334595
9810.0 0.7828330397605896
9820.0 0.7764883041381836
9830.0 0.7701435685157776
9840.0 0.7620565891265869
9850.0 0.7539695501327515
9860.0 0.7462671399116516
9870.0 0.7385648488998413
9880.0 0.7283911108970642
9890.0 0.7182173132896423
9900.0 0.7089337706565857
9910.0 0.6996502876281738
9920.0 0.6892988085746765
9930.0 0.6789473295211792
9940.0 0.6703779697418213
9950.0 0.6618086099624634
9960.0 0.6514043211936951
9970.0 0.6410000324249268
9980.0 0.6308097243309021
9990.0 0.620619535446167
10000.0 0.6093142628669739
10010.0 0.5980090498924255
10020.0 0.5860748291015625
10030.0 0.5741406679153442
10040.0 0.5617364048957825
10050.0 0.5493321418762207
10060.0 0.537810742855072
10070.0 0.5262894034385681
10080.0 0.5137839317321777
10090.0 0.5012785196304321
10100.0 0.4881927967071533
10110.0 0.4751070737838745
10120.0 0.4645165205001831
10130.0 0.4539259076118469
10140.0 0.44144338369369507
10150.0 0.4289608299732208
10160.0 0.41712045669555664
10170.0 0.4052800238132477
10180.0 0.3925628364086151
10190.0 0.37984567880630493
10200.0 0.36795976758003235
10210.0 0.35607385635375977
10220.0 0.3441612720489502
10230.0 0.33224865794181824
10240.0 0.32040220499038696
10250.0 0.3085557520389557
10260.0 0.29765433073043823
10270.0 0.28675293922424316
10280.0 0.27695614099502563
10290.0 0.2671593725681305
10300.0 0.2561773359775543
10310.0 0.24519532918930054
10320.0 0.23421268165111542
10330.0 0.2232300192117691
10340.0 0.21051809191703796
10350.0 0.19780613481998444
10360.0 0.18546868860721588
10370.0 0.17313121259212494
10380.0 0.16654013097286224
10390.0 0.15994903445243835
10400.0 0.15521737933158875
10410.0 0.15048570930957794
10420.0 0.14609138667583466
10430.0 0.14169704914093018
10440.0 0.13718374073505402
10450.0 0.13267044723033905
10460.0 0.12824402749538422
10470.0 0.12381762266159058
10480.0 0.11972395330667496
10490.0 0.11563029140233994
10500.0 0.11113674938678741
10510.0 0.10664321482181549
10520.0 0.10341962426900864
10530.0 0.10019603371620178
10540.0 0.09791340678930283
10550.0 0.09563076496124268
10560.0 0.09380891174077988
10570.0 0.09198705852031708
10580.0 0.08849170804023743
10590.0 0.08499636501073837
10600.0 0.07714814692735672
10610.0 0.06929995119571686
10620.0 0.05677710101008415
10630.0 0.04425426572561264
10640.0 0.03288548067212105
10650.0 0.021516697481274605
10660.0 0.015082404948771
10670.0 0.008648121729493141
10680.0 0.005962052848190069
10690.0 0.003275972791016102
10700.0 0.0
10710.0 0.0
10720.0 0.0
10730.0 0.0
10740.0 0.0
10750.0 0.0
