decam/transmission_system/n10/z_decam_sdss_c0004_9260.0_1520.0/2012-09-12T00:00:00.ecsv
# %ECSV 1.0
# ---
# datatype:
# - {name: wavelength, unit: Angstrom, datatype: float64}
# - {name: throughput, datatype: float64}
# meta: !!omap
# - {MODE: DETECTOR}
# - {TYPE: transmission_system}
# - {CALIBDATE: '2012-09-12T00:00:00'}
# - {INSTRUME: DECam}
# - {OBSTYPE: transmission_system}
# - {CALIBCLS: lsst.ip.isr.IntermediateSystemTransmissionCurve}
# - {DETECTOR: 41}
# - {DETECTOR_NAME: N10}
# - {SOURCE: z_band_per_detector_throughput.fits}
# - {FILTER: z DECam SDSS c0004 9260.0 1520.0}
# - {CALIB_CREATION_DATE: '2012-09-12'}
# - {CALIB_CREATION_TIME: '00:00:00'}
# schema: astropy-2.0
wavelength throughput
8200.0 0.0
8210.0 0.0
8220.0 0.0
8230.0 0.0
8240.0 0.0
8250.0 0.0
8260.0 0.0043955049477517605
8270.0 0.005072985775768757
8280.0 0.006356830708682537
8290.0 0.006197077222168446
8300.0 0.006037323269993067
8310.0 0.006806670688092709
8320.0 0.007770167198032141
8330.0 0.008733653463423252
8340.0 0.009697149507701397
8350.0 0.013594264164566994
8360.0 0.014227474108338356
8370.0 0.014860683120787144
8380.0 0.015493892133235931
8390.0 0.0218119565397501
8400.0 0.02527582459151745
8410.0 0.028739705681800842
8420.0 0.032203588634729385
8430.0 0.05742134898900986
8440.0 0.0519045889377594
8450.0 0.07654246687889099
8460.0 0.10118035227060318
8470.0 0.2191198766231537
8480.0 0.21558889746665955
8490.0 0.33041706681251526
8500.0 0.4452452063560486
8510.0 0.57802414894104
8520.0 0.7108029723167419
8530.0 0.808587372303009
8540.0 0.9063716530799866
8550.0 0.9480944275856018
8560.0 0.9898171424865723
8570.0 1.0072290897369385
8580.0 1.0172741413116455
8590.0 0.9993593096733093
8600.0 0.9979609847068787
8610.0 0.9916853308677673
8620.0 0.9965132474899292
8630.0 0.9997180700302124
8640.0 1.0078587532043457
8650.0 1.009912371635437
8660.0 1.0075496435165405
8670.0 1.0160948038101196
8680.0 1.0160902738571167
8690.0 1.0160858631134033
8700.0 1.0163639783859253
8710.0 1.0166420936584473
8720.0 1.0169878005981445
8730.0 1.0173336267471313
8740.0 1.0161975622177124
8750.0 1.0200386047363281
8760.0 1.0216540098190308
8770.0 1.0232694149017334
8780.0 1.02483069896698
8790.0 1.026391863822937
8800.0 1.0269081592559814
8810.0 1.0274243354797363
8820.0 1.0281505584716797
8830.0 1.028876781463623
8840.0 1.0288779735565186
8850.0 1.028879165649414
8860.0 1.0296815633773804
8870.0 1.0304839611053467
8880.0 1.0323396921157837
8890.0 1.0341954231262207
8900.0 1.029559850692749
8910.0 1.031896710395813
8920.0 1.031453251838684
8930.0 1.0310099124908447
8940.0 1.0305664539337158
8950.0 1.0298595428466797
8960.0 1.029152750968933
8970.0 1.0290236473083496
8980.0 1.0288946628570557
8990.0 1.0292938947677612
9000.0 1.0296932458877563
9010.0 1.0309876203536987
9020.0 1.0322821140289307
9030.0 1.033866047859192
9040.0 1.0354499816894531
9050.0 1.0357868671417236
9060.0 1.038651704788208
9070.0 1.0373486280441284
9080.0 1.0360456705093384
9090.0 1.0336275100708008
9100.0 1.0312093496322632
9110.0 1.0276639461517334
9120.0 1.0297600030899048
9130.0 1.0248011350631714
9140.0 1.025377869606018
9150.0 1.02488374710083
9160.0 1.0237418413162231
9170.0 1.0226000547409058
9180.0 1.022392749786377
9190.0 1.0221854448318481
9200.0 1.0201189517974854
9210.0 1.0180524587631226
9220.0 1.015393853187561
9230.0 1.012735366821289
9240.0 1.0065674781799316
9250.0 1.0003994703292847
9260.0 0.9964610934257507
9270.0 0.9925227165222168
9280.0 0.9856894016265869
9290.0 0.978856086730957
9300.0 0.9743174314498901
9310.0 0.9697787165641785
9320.0 0.965142548084259
9330.0 0.9605064392089844
9340.0 0.9518011808395386
9350.0 0.9430959224700928
9360.0 0.930547833442688
9370.0 0.9179997444152832
9380.0 0.9083524942398071
9390.0 0.898705244064331
9400.0 0.8858375549316406
9410.0 0.8729698657989502
9420.0 0.8644942045211792
9430.0 0.8560185432434082
9440.0 0.8493375182151794
9450.0 0.8540672659873962
9460.0 0.8540430068969727
9470.0 0.8563852310180664
9480.0 0.8585296869277954
9490.0 0.8606741428375244
9500.0 0.8597069978713989
9510.0 0.8643168807029724
9520.0 0.8642904162406921
9530.0 0.8642640709877014
9540.0 0.8636921048164368
9550.0 0.8631201386451721
9560.0 0.8622078895568848
9570.0 0.8612956404685974
9580.0 0.8592187166213989
9590.0 0.8571417927742004
9600.0 0.853943943977356
9610.0 0.8507460355758667
9620.0 0.8493607640266418
9630.0 0.8479754328727722
9640.0 0.8469348549842834
9650.0 0.8458943367004395
9660.0 0.8455271124839783
9670.0 0.8451598882675171
9680.0 0.8396766781806946
9690.0 0.8341934084892273
9700.0 0.82871013879776
9710.0 0.8232269287109375
9720.0 0.8188385367393494
9730.0 0.8144501447677612
9740.0 0.8104467988014221
9750.0 0.8064435720443726
9760.0 0.8016056418418884
9770.0 0.7967677712440491
9780.0 0.7976364493370056
9790.0 0.7985051274299622
9800.0 0.7866835594177246
9810.0 0.7748619914054871
9820.0 0.7662903070449829
9830.0 0.7577185034751892
9840.0 0.7505258917808533
9850.0 0.7433331608772278
9860.0 0.7370444536209106
9870.0 0.7307556867599487
9880.0 0.7304826378822327
9890.0 0.7302095890045166
9900.0 0.736437976360321
9910.0 0.7426663041114807
9920.0 0.7499368190765381
9930.0 0.7572073936462402
9940.0 0.736419141292572
9950.0 0.7156308889389038
9960.0 0.647825300693512
9970.0 0.5800197124481201
9980.0 0.4756182134151459
9990.0 0.37121671438217163
10000.0 0.283855140209198
10010.0 0.19649358093738556
10020.0 0.1426674723625183
10030.0 0.08884134888648987
10040.0 0.06263190507888794
10050.0 0.03642246127128601
10060.0 0.02569485269486904
10070.0 0.014967234805226326
10080.0 0.011206652037799358
10090.0 0.007446069736033678
10100.0 0.005804677028208971
10110.0 0.004163284320384264
10120.0 0.003152878489345312
10130.0 0.0021424726583063602
10140.0 0.0020947325974702835
10150.0 0.0
10160.0 0.0
10170.0 0.0
10180.0 0.0
10190.0 0.0
10200.0 0.0
