decam/transmission_system/s10/g_decam_sdss_c0001_4720.0_1520.0/2012-09-12T00:00:00.ecsv
# %ECSV 1.0
# ---
# datatype:
# - {name: wavelength, unit: Angstrom, datatype: float64}
# - {name: throughput, datatype: float64}
# meta: !!omap
# - {MODE: DETECTOR}
# - {TYPE: transmission_system}
# - {CALIBDATE: '2012-09-12T00:00:00'}
# - {INSTRUME: DECam}
# - {OBSTYPE: transmission_system}
# - {CALIBCLS: lsst.ip.isr.IntermediateSystemTransmissionCurve}
# - {DETECTOR: 21}
# - {DETECTOR_NAME: S10}
# - {SOURCE: g_band_per_detector_throughput.fits}
# - {FILTER: g DECam SDSS c0001 4720.0 1520.0}
# - {CALIB_CREATION_DATE: '2012-09-12'}
# - {CALIB_CREATION_TIME: '00:00:00'}
# schema: astropy-2.0
wavelength throughput
3750.0 0.0
3760.0 0.0
3770.0 0.0
3780.0 0.0
3790.0 0.0
3800.0 0.0
3810.0 0.0005791238509118557
3820.0 0.000638754980172962
3830.0 0.0006256282795220613
3840.0 0.0008294977596960962
3850.0 0.000938904529903084
3860.0 0.0010483009973540902
3870.0 0.0013540999498218298
3880.0 0.0016598989022895694
3890.0 0.0021393157076090574
3900.0 0.0026187219191342592
3910.0 0.0024909544736146927
3920.0 0.004926483612507582
3930.0 0.010046565905213356
3940.0 0.015166648663580418
3950.0 0.016721336171030998
3960.0 0.10292644053697586
3970.0 0.2151988297700882
3980.0 0.32747119665145874
3990.0 0.32924291491508484
4000.0 0.3674571216106415
4010.0 0.384991854429245
4020.0 0.4025265872478485
4030.0 0.4046745300292969
4040.0 0.4135197103023529
4050.0 0.41382378339767456
4060.0 0.42111748456954956
4070.0 0.42717841267585754
4080.0 0.43853139877319336
4090.0 0.4408129155635834
4100.0 0.44612568616867065
4110.0 0.4498175084590912
4120.0 0.4535093903541565
4130.0 0.45780912041664124
4140.0 0.46306800842285156
4150.0 0.4669184386730194
4160.0 0.47795620560646057
4170.0 0.4858379364013672
4180.0 0.4937196671962738
4190.0 0.4958849251270294
4200.0 0.49674347043037415
4210.0 0.4987068176269531
4220.0 0.5011018514633179
4230.0 0.5021842122077942
4240.0 0.5169739723205566
4250.0 0.5204913020133972
4260.0 0.5240085124969482
4270.0 0.5283064842224121
4280.0 0.5370887517929077
4290.0 0.5377276539802551
4300.0 0.5479186177253723
4310.0 0.5514907836914062
4320.0 0.555063009262085
4330.0 0.5590464472770691
4340.0 0.5630298852920532
4350.0 0.568872332572937
4360.0 0.5747147798538208
4370.0 0.5789854526519775
4380.0 0.5832561254501343
4390.0 0.5891573429107666
4400.0 0.5950585007667542
4410.0 0.598767876625061
4420.0 0.6024773120880127
4430.0 0.6055160760879517
4440.0 0.6085549592971802
4450.0 0.6117335557937622
4460.0 0.6149122714996338
4470.0 0.6179595589637756
4480.0 0.6210068464279175
4490.0 0.6244357824325562
4500.0 0.6278647780418396
4510.0 0.6303866505622864
4520.0 0.6329085230827332
4530.0 0.6370207667350769
4540.0 0.6411330699920654
4550.0 0.6431629657745361
4560.0 0.6451929211616516
4570.0 0.6464976668357849
4580.0 0.6478023529052734
4590.0 0.6509549617767334
4600.0 0.6541076302528381
4610.0 0.6580676436424255
4620.0 0.6620275378227234
4630.0 0.6650851368904114
4640.0 0.6681427359580994
4650.0 0.67060387134552
4660.0 0.6730650067329407
4670.0 0.6740226149559021
4680.0 0.6749802231788635
4690.0 0.6759337782859802
4700.0 0.6768873929977417
4710.0 0.6788644790649414
4720.0 0.6808416247367859
4730.0 0.683700680732727
4740.0 0.6865596771240234
4750.0 0.6901399493217468
4760.0 0.6937202215194702
4770.0 0.694913387298584
4780.0 0.696106493473053
4790.0 0.6961209177970886
4800.0 0.6961352825164795
4810.0 0.6995790600776672
4820.0 0.7030227780342102
4830.0 0.7047607898712158
4840.0 0.706498920917511
4850.0 0.704741358757019
4860.0 0.7029838562011719
4870.0 0.7051374316215515
4880.0 0.7072909474372864
4890.0 0.7107199430465698
4900.0 0.714148998260498
4910.0 0.715783417224884
4920.0 0.7174179553985596
4930.0 0.717397153377533
4940.0 0.7173762917518616
4950.0 0.7173040509223938
4960.0 0.7172317504882812
4970.0 0.7199864387512207
4980.0 0.7227411270141602
4990.0 0.7253377437591553
5000.0 0.7279344201087952
5010.0 0.7302505970001221
5020.0 0.7325668334960938
5030.0 0.7330074310302734
5040.0 0.7334480285644531
5050.0 0.7350395321846008
5060.0 0.7366310954093933
5070.0 0.7402526140213013
5080.0 0.7438740730285645
5090.0 0.7460726499557495
5100.0 0.7482712268829346
5110.0 0.7465215921401978
5120.0 0.7447719573974609
5130.0 0.7448938488960266
5140.0 0.7450156807899475
5150.0 0.7479122877120972
5160.0 0.7508088946342468
5170.0 0.7512359619140625
5180.0 0.7516630291938782
5190.0 0.7530977129936218
5200.0 0.7545323371887207
5210.0 0.758263111114502
5220.0 0.761993944644928
5230.0 0.7646676301956177
5240.0 0.7673412561416626
5250.0 0.768503725528717
5260.0 0.7696660757064819
5270.0 0.769733190536499
5280.0 0.7698003649711609
5290.0 0.7702649831771851
5300.0 0.7707296013832092
5310.0 0.7727342844009399
5320.0 0.7747390270233154
5330.0 0.7768661975860596
5340.0 0.7789933681488037
5350.0 0.782527506351471
5360.0 0.7860615253448486
5370.0 0.7875409126281738
5380.0 0.789020299911499
5390.0 0.7882862091064453
5400.0 0.7875521779060364
5410.0 0.7934301495552063
5420.0 0.7993081212043762
5430.0 0.8222097754478455
5440.0 0.8451114296913147
5450.0 0.8290694355964661
5460.0 0.8130275011062622
5470.0 0.6124659180641174
5480.0 0.41190436482429504
5490.0 0.24806031584739685
5500.0 0.08421628177165985
5510.0 0.050413645803928375
5520.0 0.016610993072390556
5530.0 0.0098873320966959
5540.0 0.0031636583153158426
5550.0 0.002080286853015423
5560.0 0.0009969155071303248
5570.0 0.000751422718167305
5580.0 0.0005059402319602668
5590.0 0.0004360901948530227
5600.0 0.00036622979678213596
5610.0 0.00032994430512189865
5620.0 0.0002936484816018492
5630.0 0.0002588792413007468
5640.0 0.00022409959638025612
5650.0 0.0
5660.0 0.0
5670.0 0.0
5680.0 0.0
5690.0 0.0
5700.0 0.0
