decam/transmission_system/n5/y_decam_c0005_10095.0_1130.0/2012-09-12T00:00:00.ecsv
# %ECSV 1.0
# ---
# datatype:
# - {name: wavelength, unit: Angstrom, datatype: float64}
# - {name: throughput, datatype: float64}
# meta: !!omap
# - {MODE: DETECTOR}
# - {TYPE: transmission_system}
# - {CALIBDATE: '2012-09-12T00:00:00'}
# - {INSTRUME: DECam}
# - {OBSTYPE: transmission_system}
# - {CALIBCLS: lsst.ip.isr.IntermediateSystemTransmissionCurve}
# - {DETECTOR: 36}
# - {DETECTOR_NAME: N5}
# - {SOURCE: Y_band_per_detector_throughput.fits}
# - {FILTER: Y DECam c0005 10095.0 1130.0}
# - {CALIB_CREATION_DATE: '2012-09-12'}
# - {CALIB_CREATION_TIME: '00:00:00'}
# schema: astropy-2.0
wavelength throughput
9250.0 0.0
9260.0 0.0
9270.0 0.0
9280.0 0.0
9290.0 0.0
9300.0 0.0
9310.0 0.005897218361496925
9320.0 0.006755067501217127
9330.0 0.007612926885485649
9340.0 0.00871764961630106
9350.0 0.009822383522987366
9360.0 0.011186390183866024
9370.0 0.012550387531518936
9380.0 0.014637944288551807
9390.0 0.016725489869713783
9400.0 0.020201167091727257
9410.0 0.02367684617638588
9420.0 0.030184602364897728
9430.0 0.03669236972928047
9440.0 0.050963908433914185
9450.0 0.0652354508638382
9460.0 0.06670870631933212
9470.0 0.13381202518939972
9480.0 0.13713538646697998
9490.0 0.285137802362442
9500.0 0.288472056388855
9510.0 0.5301302075386047
9520.0 0.6411336064338684
9530.0 0.7521370053291321
9540.0 0.7999176979064941
9550.0 0.8476983904838562
9560.0 0.8598648309707642
9570.0 0.8720313310623169
9580.0 0.8727039694786072
9590.0 0.8733766078948975
9600.0 0.8711250424385071
9610.0 0.8688735961914062
9620.0 0.8648333549499512
9630.0 0.8607931733131409
9640.0 0.8584966063499451
9650.0 0.8561999797821045
9660.0 0.854192316532135
9670.0 0.8521847128868103
9680.0 0.8494234681129456
9690.0 0.846662163734436
9700.0 0.8446242809295654
9710.0 0.8425863981246948
9720.0 0.8341836333274841
9730.0 0.8257808685302734
9740.0 0.8197055459022522
9750.0 0.8136302828788757
9760.0 0.8066876530647278
9770.0 0.7997450232505798
9780.0 0.7922713756561279
9790.0 0.784797728061676
9800.0 0.7780822515487671
9810.0 0.7713668346405029
9820.0 0.765023946762085
9830.0 0.758681058883667
9840.0 0.7512733936309814
9850.0 0.7438656687736511
9860.0 0.7369280457496643
9870.0 0.7299904823303223
9880.0 0.7204229235649109
9890.0 0.7108553647994995
9900.0 0.7018254995346069
9910.0 0.6927956938743591
9920.0 0.6825096011161804
9930.0 0.6722235083580017
9940.0 0.6636690497398376
9950.0 0.6551145315170288
9960.0 0.6448813676834106
9970.0 0.6346482038497925
9980.0 0.6248392462730408
9990.0 0.6150303483009338
10000.0 0.6041926741600037
10010.0 0.5933550000190735
10020.0 0.582068681716919
10030.0 0.5707823038101196
10040.0 0.5587478876113892
10050.0 0.5467134118080139
10060.0 0.5355597138404846
10070.0 0.5244060158729553
10080.0 0.5120261907577515
10090.0 0.49964645504951477
10100.0 0.4866569936275482
10110.0 0.4736675024032593
10120.0 0.46261024475097656
10130.0 0.45155298709869385
10140.0 0.43917199969291687
10150.0 0.4267910122871399
10160.0 0.4150790870189667
10170.0 0.40336716175079346
10180.0 0.39085227251052856
10190.0 0.37833738327026367
10200.0 0.3667047619819641
10210.0 0.35507211089134216
10220.0 0.3433147370815277
10230.0 0.3315573036670685
10240.0 0.3197295665740967
10250.0 0.30790185928344727
10260.0 0.2968527674674988
10270.0 0.2858036756515503
10280.0 0.27584442496299744
10290.0 0.2658851146697998
10300.0 0.25494644045829773
10310.0 0.24400778114795685
10320.0 0.23341354727745056
10330.0 0.22281932830810547
10340.0 0.21100059151649475
10350.0 0.19918185472488403
10360.0 0.18647582828998566
10370.0 0.17376981675624847
10380.0 0.16624215245246887
10390.0 0.15871447324752808
10400.0 0.15392586588859558
10410.0 0.1491372436285019
10420.0 0.14491631090641022
10430.0 0.14069537818431854
10440.0 0.13640539348125458
10450.0 0.1321154087781906
10460.0 0.12797528505325317
10470.0 0.12383515387773514
10480.0 0.11997886747121811
10490.0 0.11612257361412048
10500.0 0.11173166334629059
10510.0 0.1073407381772995
10520.0 0.10413253307342529
10530.0 0.10092434287071228
10540.0 0.09850705415010452
10550.0 0.09608978033065796
10560.0 0.09473607689142227
10570.0 0.09338238090276718
10580.0 0.09204858541488647
10590.0 0.09071479737758636
10600.0 0.0878298431634903
10610.0 0.08494488149881363
10620.0 0.07720872014760971
10630.0 0.0694725513458252
10640.0 0.057406459003686905
10650.0 0.04534035548567772
10660.0 0.03389206528663635
10670.0 0.02244376391172409
10680.0 0.01575806923210621
10690.0 0.009072372689843178
10700.0 0.0
10710.0 0.0
10720.0 0.0
10730.0 0.0
10740.0 0.0
10750.0 0.0
