decam/transmission_system/n9/r_decam_sdss_c0002_6415.0_1480.0/2012-09-12T00:00:00.ecsv
# %ECSV 1.0
# ---
# datatype:
# - {name: wavelength, unit: Angstrom, datatype: float64}
# - {name: throughput, datatype: float64}
# meta: !!omap
# - {MODE: DETECTOR}
# - {TYPE: transmission_system}
# - {CALIBDATE: '2012-09-12T00:00:00'}
# - {INSTRUME: DECam}
# - {OBSTYPE: transmission_system}
# - {CALIBCLS: lsst.ip.isr.IntermediateSystemTransmissionCurve}
# - {DETECTOR: 40}
# - {DETECTOR_NAME: N9}
# - {SOURCE: r_band_per_detector_throughput.fits}
# - {FILTER: r DECam SDSS c0002 6415.0 1480.0}
# - {CALIB_CREATION_DATE: '2012-09-12'}
# - {CALIB_CREATION_TIME: '00:00:00'}
# schema: astropy-2.0
wavelength throughput
5350.0 0.0
5360.0 0.0
5370.0 0.0
5380.0 0.0
5390.0 0.0
5400.0 0.0
5410.0 0.0022291464265435934
5420.0 0.0025165951810777187
5430.0 0.0029070116579532623
5440.0 0.0032974283676594496
5450.0 0.003774207318201661
5460.0 0.004250986501574516
5470.0 0.004781165160238743
5480.0 0.005311344284564257
5490.0 0.006108076777309179
5500.0 0.006904809735715389
5510.0 0.00785890780389309
5520.0 0.008812995627522469
5530.0 0.00997613463550806
5540.0 0.011139273643493652
5550.0 0.012746104970574379
5560.0 0.014352946542203426
5570.0 0.016583764925599098
5580.0 0.01881459355354309
5590.0 0.0226187314838171
5600.0 0.026422878727316856
5610.0 0.03634285181760788
5620.0 0.046262823045253754
5630.0 0.0836310014128685
5640.0 0.12099919468164444
5650.0 0.23191951215267181
5660.0 0.3428398072719574
5670.0 0.4957701861858368
5680.0 0.6487005949020386
5690.0 0.7190980315208435
5700.0 0.7894954681396484
5710.0 0.7996652722358704
5720.0 0.8098351359367371
5730.0 0.8129973411560059
5740.0 0.8161595463752747
5750.0 0.8210203051567078
5760.0 0.8258810043334961
5770.0 0.8300254940986633
5780.0 0.8341699838638306
5790.0 0.8364729881286621
5800.0 0.8387759327888489
5810.0 0.8439400792121887
5820.0 0.8491042256355286
5830.0 0.8507956266403198
5840.0 0.8524871468544006
5850.0 0.8519300222396851
5860.0 0.8513728380203247
5870.0 0.849756121635437
5880.0 0.8481394052505493
5890.0 0.8482779264450073
5900.0 0.8484163880348206
5910.0 0.8518494367599487
5920.0 0.8552825450897217
5930.0 0.8571258783340454
5940.0 0.8589692115783691
5950.0 0.8583655953407288
5960.0 0.8577619194984436
5970.0 0.8588462471961975
5980.0 0.8599304556846619
5990.0 0.8623979687690735
6000.0 0.8648654818534851
6010.0 0.8671458959579468
6020.0 0.8694263100624084
6030.0 0.8672704100608826
6040.0 0.8723562955856323
6050.0 0.8733446598052979
6060.0 0.8743329644203186
6070.0 0.8733800649642944
6080.0 0.8724271059036255
6090.0 0.8726831674575806
6100.0 0.8729392290115356
6110.0 0.8767582178115845
6120.0 0.8805770874023438
6130.0 0.8835470080375671
6140.0 0.8865169286727905
6150.0 0.8872344493865967
6160.0 0.8879519104957581
6170.0 0.8898037672042847
6180.0 0.8916556239128113
6190.0 0.8918436765670776
6200.0 0.8920316696166992
6210.0 0.892300546169281
6220.0 0.8925694823265076
6230.0 0.8940873146057129
6240.0 0.895605206489563
6250.0 0.8959724307060242
6260.0 0.8963395953178406
6270.0 0.8968740701675415
6280.0 0.8974085450172424
6290.0 0.9000938534736633
6300.0 0.9027790427207947
6310.0 0.9033554792404175
6320.0 0.9039317965507507
6330.0 0.9033792018890381
6340.0 0.9028266072273254
6350.0 0.905210018157959
6360.0 0.9075934886932373
6370.0 0.9100428819656372
6380.0 0.9124923348426819
6390.0 0.9123837947845459
6400.0 0.9122753143310547
6410.0 0.9131426215171814
6420.0 0.9140099883079529
6430.0 0.9142884612083435
6440.0 0.9145669937133789
6450.0 0.9141098260879517
6460.0 0.9136525988578796
6470.0 0.9147317409515381
6480.0 0.9158108234405518
6490.0 0.9163712859153748
6500.0 0.9169317483901978
6510.0 0.9163436889648438
6520.0 0.9157555103302002
6530.0 0.9175640344619751
6540.0 0.91937255859375
6550.0 0.9220554232597351
6560.0 0.924738347530365
6570.0 0.9254729151725769
6580.0 0.926207423210144
6590.0 0.9265990853309631
6600.0 0.9269907474517822
6610.0 0.9270917177200317
6620.0 0.927192747592926
6630.0 0.9256978631019592
6640.0 0.9242030382156372
6650.0 0.9239142537117004
6660.0 0.9236255884170532
6670.0 0.925900399684906
6680.0 0.928175151348114
6690.0 0.9304157495498657
6700.0 0.9326563477516174
6710.0 0.9331534504890442
6720.0 0.9336506128311157
6730.0 0.9334712624549866
6740.0 0.9332918524742126
6750.0 0.9325246810913086
6760.0 0.931757390499115
6770.0 0.9316021800041199
6780.0 0.93144690990448
6790.0 0.9325132966041565
6800.0 0.9335795640945435
6810.0 0.9340116381645203
6820.0 0.9344437718391418
6830.0 0.9346289038658142
6840.0 0.9348140954971313
6850.0 0.9347822666168213
6860.0 0.934750497341156
6870.0 0.9344326853752136
6880.0 0.9341148138046265
6890.0 0.934150755405426
6900.0 0.9341866970062256
6910.0 0.932712733745575
6920.0 0.9312387704849243
6930.0 0.9308079481124878
6940.0 0.9303771257400513
6950.0 0.9304055571556091
6960.0 0.9304340481758118
6970.0 0.9294887185096741
6980.0 0.9285433888435364
6990.0 0.9287593960762024
7000.0 0.9289754033088684
7010.0 0.9307342171669006
7020.0 0.9324930310249329
7030.0 0.9308202266693115
7040.0 0.929147481918335
7050.0 0.9277966022491455
7060.0 0.9264457821846008
7070.0 0.9229931235313416
7080.0 0.9195404648780823
7090.0 0.9048516750335693
7100.0 0.8901628851890564
7110.0 0.8872138857841492
7120.0 0.8842648863792419
7130.0 0.8523750901222229
7140.0 0.8204852342605591
7150.0 0.6515409350395203
7160.0 0.48259663581848145
7170.0 0.3246195316314697
7180.0 0.1666424721479416
7190.0 0.10778974741697311
7200.0 0.04893702268600464
7210.0 0.031423669308423996
7220.0 0.01391031313687563
7230.0 0.010884413495659828
7240.0 0.007858512923121452
7250.0 0.005461927503347397
7260.0 0.003065353026613593
7270.0 0.002288331277668476
7280.0 0.001511319656856358
7290.0 0.001190503709949553
7300.0 0.0008696879958733916
7310.0 0.0007568229339085519
7320.0 0.0006439578719437122
7330.0 0.000549308315385133
7340.0 0.00045466909068636596
7350.0 0.0
7360.0 0.0
7370.0 0.0
7380.0 0.0
7390.0 0.0
7400.0 0.0
