decam/transmission_system/n21/i_decam_sdss_c0003_7835.0_1470.0/2012-09-12T00:00:00.ecsv
# %ECSV 1.0
# ---
# datatype:
# - {name: wavelength, unit: Angstrom, datatype: float64}
# - {name: throughput, datatype: float64}
# meta: !!omap
# - {MODE: DETECTOR}
# - {TYPE: transmission_system}
# - {CALIBDATE: '2012-09-12T00:00:00'}
# - {INSTRUME: DECam}
# - {OBSTYPE: transmission_system}
# - {CALIBCLS: lsst.ip.isr.IntermediateSystemTransmissionCurve}
# - {DETECTOR: 52}
# - {DETECTOR_NAME: N21}
# - {SOURCE: i_band_per_detector_throughput.fits}
# - {FILTER: i DECam SDSS c0003 7835.0 1470.0}
# - {CALIB_CREATION_DATE: '2012-09-12'}
# - {CALIB_CREATION_TIME: '00:00:00'}
# schema: astropy-2.0
wavelength throughput
6700.0 0.0
6710.0 0.0
6720.0 0.0
6730.0 0.0
6740.0 0.0
6750.0 0.0
6760.0 0.0008282306953333318
6770.0 0.0009450005600228906
6780.0 0.0010617600055411458
6790.0 0.0011759750777855515
6800.0 0.0012901901500299573
6810.0 0.0014345012605190277
6820.0 0.0015788018936291337
6830.0 0.0017928072484210134
6840.0 0.0020068020094186068
6850.0 0.002289494266733527
6860.0 0.002572176046669483
6870.0 0.0029582621064037085
6880.0 0.003344337921589613
6890.0 0.0038556158542633057
6900.0 0.004366884008049965
6910.0 0.0051147546619176865
6920.0 0.005862636025995016
6930.0 0.007238555233925581
6940.0 0.008614473976194859
6950.0 0.011487048119306564
6960.0 0.01435962412506342
6970.0 0.02118051052093506
6980.0 0.028001388534903526
6990.0 0.043719008564949036
7000.0 0.0594366155564785
7010.0 0.09116116911172867
7020.0 0.12288573384284973
7030.0 0.17650361359119415
7040.0 0.23012150824069977
7050.0 0.3066265881061554
7060.0 0.38313165307044983
7070.0 0.47271761298179626
7080.0 0.5623036026954651
7090.0 0.6456156969070435
7100.0 0.7289278507232666
7110.0 0.7925425171852112
7120.0 0.8561572432518005
7130.0 0.8957125544548035
7140.0 0.9352678656578064
7150.0 0.9539749622344971
7160.0 0.972681999206543
7170.0 0.9802260994911194
7180.0 0.9877702593803406
7190.0 0.9887312650680542
7200.0 0.989692211151123
7210.0 0.9898404479026794
7220.0 0.9899886846542358
7230.0 0.9917409420013428
7240.0 0.9934931993484497
7250.0 0.9969066381454468
7260.0 1.0003200769424438
7270.0 1.0039891004562378
7280.0 1.0076581239700317
7290.0 1.0089091062545776
7300.0 1.0101600885391235
7310.0 1.0090149641036987
7320.0 1.007869839668274
7330.0 1.005216121673584
7340.0 1.0025625228881836
7350.0 1.0010982751846313
7360.0 0.9996339082717896
7370.0 1.0005998611450195
7380.0 1.0015655755996704
7390.0 1.0047986507415771
7400.0 1.0080314874649048
7410.0 1.0103939771652222
7420.0 1.01275634765625
7430.0 1.0134607553482056
7440.0 1.0141652822494507
7450.0 1.0132553577423096
7460.0 1.012345314025879
7470.0 1.0110292434692383
7480.0 1.0097131729125977
7490.0 1.0096328258514404
7500.0 1.0095523595809937
7510.0 1.0099754333496094
7520.0 1.010398507118225
7530.0 1.0109871625900269
7540.0 1.011575698852539
7550.0 1.0104923248291016
7560.0 1.0094088315963745
7570.0 1.0072215795516968
7580.0 1.005034327507019
7590.0 0.9955536127090454
7600.0 0.9860728979110718
7610.0 0.9878188371658325
7620.0 0.9895647764205933
7630.0 0.9910164475440979
7640.0 0.9924681782722473
7650.0 0.9960412979125977
7660.0 0.999614417552948
7670.0 1.001267433166504
7680.0 1.0029205083847046
7690.0 1.0025553703308105
7700.0 1.0021902322769165
7710.0 1.002202033996582
7720.0 1.002213954925537
7730.0 1.0025006532669067
7740.0 1.0027872323989868
7750.0 1.0055979490280151
7760.0 1.008408546447754
7770.0 1.009709358215332
7780.0 1.0110101699829102
7790.0 1.011527419090271
7800.0 1.0120446681976318
7810.0 1.0110602378845215
7820.0 1.0100758075714111
7830.0 1.008651852607727
7840.0 1.0072280168533325
7850.0 1.0069457292556763
7860.0 1.0066636800765991
7870.0 1.006368637084961
7880.0 1.0060737133026123
7890.0 1.003756046295166
7900.0 1.0014382600784302
7910.0 0.9977700114250183
7920.0 0.9941016435623169
7930.0 0.9898827075958252
7940.0 0.985663890838623
7950.0 0.9809698462486267
7960.0 0.9762758612632751
7970.0 0.9744879603385925
7980.0 0.9726999998092651
7990.0 0.9758194088935852
8000.0 0.9789389371871948
8010.0 0.9826977252960205
8020.0 0.9864566326141357
8030.0 0.9888331294059753
8040.0 0.9912096858024597
8050.0 0.9914529323577881
8060.0 0.9916961789131165
8070.0 0.992728590965271
8080.0 0.9937611222267151
8090.0 0.990366518497467
8100.0 0.986971914768219
8110.0 0.9781139492988586
8120.0 0.9829758405685425
8130.0 0.9819015860557556
8140.0 0.9808273315429688
8150.0 0.9812988042831421
8160.0 0.9817703366279602
8170.0 0.9870753288269043
8180.0 0.9859489798545837
8190.0 0.9809415936470032
8200.0 0.9780977368354797
8210.0 0.9752538204193115
8220.0 0.9719769358634949
8230.0 0.9687000513076782
8240.0 0.9679023027420044
8250.0 0.9671046137809753
8260.0 0.9687192440032959
8270.0 0.9703338742256165
8280.0 0.9739348292350769
8290.0 0.9775357246398926
8300.0 0.981136679649353
8310.0 0.992573618888855
8320.0 0.9948022961616516
8330.0 0.9970308542251587
8340.0 0.9992594718933105
8350.0 0.9974459409713745
8360.0 0.9949650168418884
8370.0 0.9924840927124023
8380.0 0.9900031685829163
8390.0 0.9882118105888367
8400.0 0.9841728210449219
8410.0 0.9840221405029297
8420.0 0.9838714003562927
8430.0 0.9826416373252869
8440.0 0.9877769947052002
8450.0 0.9865258932113647
8460.0 0.9852746725082397
8470.0 0.9910934567451477
8480.0 0.9969121813774109
8490.0 0.9991905689239502
8500.0 1.0014690160751343
8510.0 0.9853112101554871
8520.0 0.9691534042358398
8530.0 0.9025062918663025
8540.0 0.8358591794967651
8550.0 0.6998650431632996
8560.0 0.563870906829834
8570.0 0.2867671847343445
8580.0 0.28853222727775574
8590.0 0.11261842399835587
8600.0 0.1123615950345993
8610.0 0.040326640009880066
8620.0 0.04010331630706787
8630.0 0.01487403828650713
8640.0 0.015067169442772865
8650.0 0.006218719761818647
8660.0 0.006384984590113163
8670.0 0.002896637190133333
8680.0 0.002393739763647318
8690.0 0.0018908423371613026
8700.0 0.0
8710.0 0.0
8720.0 0.0
8730.0 0.0
8740.0 0.0
8750.0 0.0
