decam/transmission_system/s16/r_decam_sdss_c0002_6415.0_1480.0/2012-09-12T00:00:00.ecsv
# %ECSV 1.0
# ---
# datatype:
# - {name: wavelength, unit: Angstrom, datatype: float64}
# - {name: throughput, datatype: float64}
# meta: !!omap
# - {MODE: DETECTOR}
# - {TYPE: transmission_system}
# - {CALIBDATE: '2012-09-12T00:00:00'}
# - {INSTRUME: DECam}
# - {OBSTYPE: transmission_system}
# - {CALIBCLS: lsst.ip.isr.IntermediateSystemTransmissionCurve}
# - {DETECTOR: 15}
# - {DETECTOR_NAME: S16}
# - {SOURCE: r_band_per_detector_throughput.fits}
# - {FILTER: r DECam SDSS c0002 6415.0 1480.0}
# - {CALIB_CREATION_DATE: '2012-09-12'}
# - {CALIB_CREATION_TIME: '00:00:00'}
# schema: astropy-2.0
wavelength throughput
5350.0 0.0
5360.0 0.0
5370.0 0.0
5380.0 0.0
5390.0 0.0
5400.0 0.0
5410.0 0.001770635019056499
5420.0 0.001977713545784354
5430.0 0.002318614162504673
5440.0 0.002659514779224992
5450.0 0.003109344281256199
5460.0 0.0035591740161180496
5470.0 0.004043855704367161
5480.0 0.0045285276137292385
5490.0 0.00529087521135807
5500.0 0.006053222808986902
5510.0 0.006974203046411276
5520.0 0.007895182818174362
5530.0 0.009059900417923927
5540.0 0.010224618017673492
5550.0 0.011819391511380672
5560.0 0.013414165936410427
5570.0 0.01563911698758602
5580.0 0.017864057794213295
5590.0 0.021778441965579987
5600.0 0.025692816823720932
5610.0 0.03591106832027435
5620.0 0.04612931236624718
5630.0 0.08457836508750916
5640.0 0.12302742153406143
5650.0 0.23573751747608185
5660.0 0.34844765067100525
5670.0 0.499162495136261
5680.0 0.6498773097991943
5690.0 0.7236876487731934
5700.0 0.7974979281425476
5710.0 0.8101714253425598
5720.0 0.822844922542572
5730.0 0.8259034752845764
5740.0 0.828961968421936
5750.0 0.832558810710907
5760.0 0.8361557722091675
5770.0 0.8399542570114136
5780.0 0.8437528014183044
5790.0 0.8456950187683105
5800.0 0.8476372361183167
5810.0 0.8518965840339661
5820.0 0.8561558723449707
5830.0 0.8576152324676514
5840.0 0.859074592590332
5850.0 0.8584550619125366
5860.0 0.857835590839386
5870.0 0.8564310073852539
5880.0 0.8550264835357666
5890.0 0.8548611998558044
5900.0 0.8546959161758423
5910.0 0.8574975728988647
5920.0 0.8602991104125977
5930.0 0.8623735308647156
5940.0 0.8644478917121887
5950.0 0.8640877604484558
5960.0 0.8637276291847229
5970.0 0.8645075559616089
5980.0 0.8652875423431396
5990.0 0.8675041794776917
6000.0 0.8697207570075989
6010.0 0.871222734451294
6020.0 0.8727247714996338
6030.0 0.8729428648948669
6040.0 0.874713122844696
6050.0 0.8753939270973206
6060.0 0.8760746717453003
6070.0 0.8753306269645691
6080.0 0.8745866417884827
6090.0 0.87450110912323
6100.0 0.8744156360626221
6110.0 0.877667248249054
6120.0 0.8809189200401306
6130.0 0.8839420676231384
6140.0 0.8869650959968567
6150.0 0.8875809907913208
6160.0 0.8881969451904297
6170.0 0.8898324370384216
6180.0 0.8914679288864136
6190.0 0.8918364644050598
6200.0 0.8922049403190613
6210.0 0.8921509385108948
6220.0 0.8920970559120178
6230.0 0.8933871984481812
6240.0 0.8946774005889893
6250.0 0.8953906893730164
6260.0 0.8961038589477539
6270.0 0.8961889147758484
6280.0 0.8962739109992981
6290.0 0.8982227444648743
6300.0 0.9001715183258057
6310.0 0.9011952877044678
6320.0 0.9022191166877747
6330.0 0.9016279578208923
6340.0 0.9010368585586548
6350.0 0.9029852747917175
6360.0 0.904933750629425
6370.0 0.9073254466056824
6380.0 0.9097170829772949
6390.0 0.9096219539642334
6400.0 0.9095268249511719
6410.0 0.9104032516479492
6420.0 0.9112797379493713
6430.0 0.9117241501808167
6440.0 0.9121685028076172
6450.0 0.9116399884223938
6460.0 0.9111115336418152
6470.0 0.9118839502334595
6480.0 0.9126564264297485
6490.0 0.913443386554718
6500.0 0.914230465888977
6510.0 0.9137189388275146
6520.0 0.9132073521614075
6530.0 0.9145291447639465
6540.0 0.9158508777618408
6550.0 0.9182803630828857
6560.0 0.9207099080085754
6570.0 0.9214200973510742
6580.0 0.9221302270889282
6590.0 0.922352135181427
6600.0 0.9225741624832153
6610.0 0.9229496121406555
6620.0 0.9233250617980957
6630.0 0.9223984479904175
6640.0 0.921471893787384
6650.0 0.9209966063499451
6660.0 0.9205213189125061
6670.0 0.9223185777664185
6680.0 0.924115777015686
6690.0 0.9261940717697144
6700.0 0.9282724261283875
6710.0 0.9289042353630066
6720.0 0.9295361042022705
6730.0 0.9292851686477661
6740.0 0.9290342926979065
6750.0 0.9283079504966736
6760.0 0.9275814890861511
6770.0 0.927281379699707
6780.0 0.9269813299179077
6790.0 0.927855908870697
6800.0 0.9287304282188416
6810.0 0.9292435646057129
6820.0 0.9297566413879395
6830.0 0.930033802986145
6840.0 0.9303110241889954
6850.0 0.9301796555519104
6860.0 0.9300482273101807
6870.0 0.9296897649765015
6880.0 0.9293313026428223
6890.0 0.9294586181640625
6900.0 0.9295859932899475
6910.0 0.9283807873725891
6920.0 0.9271755814552307
6930.0 0.9265967607498169
6940.0 0.9260178804397583
6950.0 0.9259516596794128
6960.0 0.9258854389190674
6970.0 0.9249550700187683
6980.0 0.9240247011184692
6990.0 0.9236904382705688
7000.0 0.9233561158180237
7010.0 0.9246862530708313
7020.0 0.9260164499282837
7030.0 0.9243110418319702
7040.0 0.9226056933403015
7050.0 0.920663058757782
7060.0 0.9187203645706177
7070.0 0.9153636693954468
7080.0 0.9120069146156311
7090.0 0.8984435796737671
7100.0 0.8848803043365479
7110.0 0.8784059286117554
7120.0 0.8719314932823181
7130.0 0.8519017696380615
7140.0 0.8318721652030945
7150.0 0.6927171945571899
7160.0 0.5535621643066406
7170.0 0.38473984599113464
7180.0 0.21591751277446747
7190.0 0.14012326300144196
7200.0 0.06432899832725525
7210.0 0.04065553471446037
7220.0 0.0169820636510849
7230.0 0.012929650954902172
7240.0 0.00887723732739687
7250.0 0.005964534357190132
7260.0 0.003051841864362359
7270.0 0.002226716373115778
7280.0 0.0014015909982845187
7290.0 0.0010981907835230231
7300.0 0.0007947907433845103
7310.0 0.0006593901198357344
7320.0 0.0005239894962869585
7330.0 0.0004592592886183411
7340.0 0.0003945187199860811
7350.0 0.0
7360.0 0.0
7370.0 0.0
7380.0 0.0
7390.0 0.0
7400.0 0.0
