decam/transmission_system/s1/z_decam_sdss_c0004_9260.0_1520.0/2012-09-12T00:00:00.ecsv
# %ECSV 1.0
# ---
# datatype:
# - {name: wavelength, unit: Angstrom, datatype: float64}
# - {name: throughput, datatype: float64}
# meta: !!omap
# - {MODE: DETECTOR}
# - {TYPE: transmission_system}
# - {CALIBDATE: '2012-09-12T00:00:00'}
# - {INSTRUME: DECam}
# - {OBSTYPE: transmission_system}
# - {CALIBCLS: lsst.ip.isr.IntermediateSystemTransmissionCurve}
# - {DETECTOR: 25}
# - {DETECTOR_NAME: S1}
# - {SOURCE: z_band_per_detector_throughput.fits}
# - {FILTER: z DECam SDSS c0004 9260.0 1520.0}
# - {CALIB_CREATION_DATE: '2012-09-12'}
# - {CALIB_CREATION_TIME: '00:00:00'}
# schema: astropy-2.0
wavelength throughput
8200.0 0.0
8210.0 0.0
8220.0 0.0
8230.0 0.0
8240.0 0.0
8250.0 0.0
8260.0 0.005806805565953255
8270.0 0.006431655026972294
8280.0 0.009407686069607735
8290.0 0.00840773805975914
8300.0 0.007407780271023512
8310.0 0.008970079943537712
8320.0 0.009996301494538784
8330.0 0.01102251373231411
8340.0 0.012048736214637756
8350.0 0.016152918338775635
8360.0 0.0170255359262228
8370.0 0.017898162826895714
8380.0 0.01877077855169773
8390.0 0.027494920417666435
8400.0 0.03334635868668556
8410.0 0.03919780254364014
8420.0 0.04504924267530441
8430.0 0.09254932403564453
8440.0 0.08810118585824966
8450.0 0.13895882666110992
8460.0 0.18981647491455078
8470.0 0.3739926815032959
8480.0 0.3701208233833313
8490.0 0.4944199025630951
8500.0 0.6187189817428589
8510.0 0.7229087948799133
8520.0 0.8270986080169678
8530.0 0.8855978846549988
8540.0 0.944097101688385
8550.0 0.959404706954956
8560.0 0.9747123122215271
8570.0 0.9718881249427795
8580.0 0.9834427237510681
8590.0 0.9668394923210144
8600.0 0.9675664901733398
8610.0 0.97104412317276
8620.0 0.9783666133880615
8630.0 0.9866706132888794
8640.0 0.998095691204071
8650.0 0.9997125864028931
8660.0 0.9965004920959473
8670.0 1.006949543952942
8680.0 1.0063170194625854
8690.0 1.0056846141815186
8700.0 1.005043387413025
8710.0 1.0044021606445312
8720.0 1.0038034915924072
8730.0 1.0032047033309937
8740.0 1.004651427268982
8750.0 1.0065370798110962
8760.0 1.0092109441757202
8770.0 1.0118848085403442
8780.0 1.0156766176223755
8790.0 1.0194685459136963
8800.0 1.022576928138733
8810.0 1.0256850719451904
8820.0 1.0285546779632568
8830.0 1.0314241647720337
8840.0 1.032414436340332
8850.0 1.03340482711792
8860.0 1.0336625576019287
8870.0 1.0339202880859375
8880.0 1.0335999727249146
8890.0 1.0332797765731812
8900.0 1.0299652814865112
8910.0 1.026936650276184
8920.0 1.0253422260284424
8930.0 1.0237476825714111
8940.0 1.0221531391143799
8950.0 1.0210992097854614
8960.0 1.0200453996658325
8970.0 1.0207984447479248
8980.0 1.0215516090393066
8990.0 1.023446798324585
9000.0 1.0253421068191528
9010.0 1.0279871225357056
9020.0 1.0306321382522583
9030.0 1.0328959226608276
9040.0 1.0351595878601074
9050.0 1.034781813621521
9060.0 1.0385257005691528
9070.0 1.0371997356414795
9080.0 1.0358737707138062
9090.0 1.0328607559204102
9100.0 1.0298477411270142
9110.0 1.0268495082855225
9120.0 1.0285062789916992
9130.0 1.0268808603286743
9140.0 1.0258944034576416
9150.0 1.0275906324386597
9160.0 1.028660774230957
9170.0 1.029731035232544
9180.0 1.0316826105117798
9190.0 1.033634066581726
9200.0 1.0331238508224487
9210.0 1.0326136350631714
9220.0 1.0310591459274292
9230.0 1.0295047760009766
9240.0 1.0226069688796997
9250.0 1.0157091617584229
9260.0 1.0097603797912598
9270.0 1.0038114786148071
9280.0 0.9942758679389954
9290.0 0.9847401976585388
9300.0 0.9774686098098755
9310.0 0.9701970815658569
9320.0 0.963869035243988
9330.0 0.9575410485267639
9340.0 0.9493353366851807
9350.0 0.9411296248435974
9360.0 0.9294875264167786
9370.0 0.9178454875946045
9380.0 0.9099023342132568
9390.0 0.901959240436554
9400.0 0.8899619579315186
9410.0 0.8779645562171936
9420.0 0.8691230416297913
9430.0 0.8602814674377441
9440.0 0.8537097573280334
9450.0 0.8547356724739075
9460.0 0.8561316132545471
9470.0 0.855029821395874
9480.0 0.8560568690299988
9490.0 0.8570839166641235
9500.0 0.8579172492027283
9510.0 0.8638810515403748
9520.0 0.8670811057090759
9530.0 0.8702811598777771
9540.0 0.8736543655395508
9550.0 0.8770275115966797
9560.0 0.8796126246452332
9570.0 0.8821978569030762
9580.0 0.8818209171295166
9590.0 0.8814440369606018
9600.0 0.8776142597198486
9610.0 0.8737845420837402
9620.0 0.8696802854537964
9630.0 0.8655760288238525
9640.0 0.8612520694732666
9650.0 0.8569281101226807
9660.0 0.8539252877235413
9670.0 0.8509225249290466
9680.0 0.8491656184196472
9690.0 0.8474087119102478
9700.0 0.8456517457962036
9710.0 0.8438948392868042
9720.0 0.8399888873100281
9730.0 0.836082935333252
9740.0 0.8312596082687378
9750.0 0.8264362812042236
9760.0 0.8185009360313416
9770.0 0.8105655312538147
9780.0 0.8003931045532227
9790.0 0.7902206778526306
9800.0 0.7828512787818909
9810.0 0.7754819393157959
9820.0 0.7672410011291504
9830.0 0.7590000629425049
9840.0 0.7503462433815002
9850.0 0.7416923642158508
9860.0 0.7307954430580139
9870.0 0.719898521900177
9880.0 0.7080292701721191
9890.0 0.6961598992347717
9900.0 0.6807987689971924
9910.0 0.6654375791549683
9920.0 0.6423507332801819
9930.0 0.6192638278007507
9940.0 0.5770480632781982
9950.0 0.5348322987556458
9960.0 0.4819689393043518
9970.0 0.4291055202484131
9980.0 0.3657348155975342
9990.0 0.3023641109466553
10000.0 0.23625358939170837
10010.0 0.17014305293560028
10020.0 0.11972775310277939
10030.0 0.0693124532699585
10040.0 0.0476214736700058
10050.0 0.025930490344762802
10060.0 0.01810440979897976
10070.0 0.010278329253196716
10080.0 0.007955758832395077
10090.0 0.005633188411593437
10100.0 0.004475272726267576
10110.0 0.0033173575066030025
10120.0 0.002533730585128069
10130.0 0.0017500934191048145
10140.0 0.0017477463698014617
10150.0 0.0
10160.0 0.0
10170.0 0.0
10180.0 0.0
10190.0 0.0
10200.0 0.0
