decam/transmission_system/n5/r_decam_sdss_c0002_6415.0_1480.0/2012-09-12T00:00:00.ecsv
# %ECSV 1.0
# ---
# datatype:
# - {name: wavelength, unit: Angstrom, datatype: float64}
# - {name: throughput, datatype: float64}
# meta: !!omap
# - {MODE: DETECTOR}
# - {TYPE: transmission_system}
# - {CALIBDATE: '2012-09-12T00:00:00'}
# - {INSTRUME: DECam}
# - {OBSTYPE: transmission_system}
# - {CALIBCLS: lsst.ip.isr.IntermediateSystemTransmissionCurve}
# - {DETECTOR: 36}
# - {DETECTOR_NAME: N5}
# - {SOURCE: r_band_per_detector_throughput.fits}
# - {FILTER: r DECam SDSS c0002 6415.0 1480.0}
# - {CALIB_CREATION_DATE: '2012-09-12'}
# - {CALIB_CREATION_TIME: '00:00:00'}
# schema: astropy-2.0
wavelength throughput
5350.0 0.0
5360.0 0.0
5370.0 0.0
5380.0 0.0
5390.0 0.0
5400.0 0.0
5410.0 0.0016291278880089521
5420.0 0.0018722841050475836
5430.0 0.0022142957895994186
5440.0 0.0025563077069818974
5450.0 0.0030047770123928785
5460.0 0.0034532356075942516
5470.0 0.0039488947950303555
5480.0 0.004444553516805172
5490.0 0.005185768008232117
5500.0 0.005926971789449453
5510.0 0.006947139743715525
5520.0 0.007967296987771988
5530.0 0.00922702718526125
5540.0 0.010486768558621407
5550.0 0.012179982848465443
5560.0 0.013873197138309479
5570.0 0.016116779297590256
5580.0 0.01836037077009678
5590.0 0.02204124815762043
5600.0 0.025722134858369827
5610.0 0.03549380600452423
5620.0 0.04526549205183983
5630.0 0.08228205144405365
5640.0 0.11929859966039658
5650.0 0.23298868536949158
5660.0 0.346678763628006
5670.0 0.496629923582077
5680.0 0.6465811133384705
5690.0 0.7135568857192993
5700.0 0.7805326581001282
5710.0 0.7950500845909119
5720.0 0.8095675110816956
5730.0 0.8129026293754578
5740.0 0.8162376880645752
5750.0 0.8198413848876953
5760.0 0.8234451413154602
5770.0 0.829512357711792
5780.0 0.835579514503479
5790.0 0.8382346630096436
5800.0 0.8408898711204529
5810.0 0.8449708819389343
5820.0 0.8490519523620605
5830.0 0.8508872389793396
5840.0 0.8527226448059082
5850.0 0.8516340255737305
5860.0 0.8505454063415527
5870.0 0.8494325876235962
5880.0 0.8483197689056396
5890.0 0.8484825491905212
5900.0 0.8486453294754028
5910.0 0.8514788746833801
5920.0 0.8543124198913574
5930.0 0.8567490577697754
5940.0 0.8591856956481934
5950.0 0.8585578799247742
5960.0 0.8579301238059998
5970.0 0.8581940531730652
5980.0 0.8584580421447754
5990.0 0.8612205982208252
6000.0 0.8639830946922302
6010.0 0.8669049739837646
6020.0 0.8698267340660095
6030.0 0.868033230304718
6040.0 0.8713980317115784
6050.0 0.8718148469924927
6060.0 0.872231662273407
6070.0 0.8720968961715698
6080.0 0.8719620704650879
6090.0 0.8717339038848877
6100.0 0.8715056777000427
6110.0 0.8744779229164124
6120.0 0.8774501085281372
6130.0 0.8816455602645874
6140.0 0.8858410120010376
6150.0 0.8867139220237732
6160.0 0.887586772441864
6170.0 0.8884586095809937
6180.0 0.8893305659294128
6190.0 0.8900837302207947
6200.0 0.8908369541168213
6210.0 0.8911985754966736
6220.0 0.8915601372718811
6230.0 0.8927624225616455
6240.0 0.8939647674560547
6250.0 0.8957735896110535
6260.0 0.8975823521614075
6270.0 0.8977418541908264
6280.0 0.8979014754295349
6290.0 0.8991289734840393
6300.0 0.9003565311431885
6310.0 0.9020736813545227
6320.0 0.9037908315658569
6330.0 0.9036564826965332
6340.0 0.9035220742225647
6350.0 0.9045871496200562
6360.0 0.9056521058082581
6370.0 0.9086551070213318
6380.0 0.9116581082344055
6390.0 0.9121911525726318
6400.0 0.9127242565155029
6410.0 0.9129879474639893
6420.0 0.9132515788078308
6430.0 0.9139615297317505
6440.0 0.9146714806556702
6450.0 0.9141390919685364
6460.0 0.9136067032814026
6470.0 0.9138579964637756
6480.0 0.9141094088554382
6490.0 0.9155731201171875
6500.0 0.9170369505882263
6510.0 0.9171481132507324
6520.0 0.9172592163085938
6530.0 0.9181661009788513
6540.0 0.9190729260444641
6550.0 0.9215741753578186
6560.0 0.9240755438804626
6570.0 0.9254435896873474
6580.0 0.926811695098877
6590.0 0.9270316958427429
6600.0 0.9272515773773193
6610.0 0.9276667833328247
6620.0 0.9280819296836853
6630.0 0.9275432229042053
6640.0 0.9270045161247253
6650.0 0.9265630841255188
6660.0 0.9261216521263123
6670.0 0.9275023937225342
6680.0 0.9288831353187561
6690.0 0.9311710596084595
6700.0 0.9334588646888733
6710.0 0.9342365860939026
6720.0 0.9350143671035767
6730.0 0.9348946213722229
6740.0 0.9347749352455139
6750.0 0.9341809153556824
6760.0 0.9335869550704956
6770.0 0.9333252906799316
6780.0 0.9330635666847229
6790.0 0.9339394569396973
6800.0 0.9348153471946716
6810.0 0.9353726506233215
6820.0 0.9359300136566162
6830.0 0.9366375207901001
6840.0 0.9373451471328735
6850.0 0.9372419118881226
6860.0 0.9371387362480164
6870.0 0.9365332126617432
6880.0 0.9359277486801147
6890.0 0.9362567663192749
6900.0 0.9365858435630798
6910.0 0.9354111552238464
6920.0 0.9342365264892578
6930.0 0.9336162209510803
6940.0 0.9329959154129028
6950.0 0.9329367280006409
6960.0 0.9328775405883789
6970.0 0.9326340556144714
6980.0 0.9323905110359192
6990.0 0.9320647120475769
7000.0 0.9317388534545898
7010.0 0.9326221942901611
7020.0 0.9335055947303772
7030.0 0.9329884052276611
7040.0 0.9324713349342346
7050.0 0.9298988580703735
7060.0 0.9273263812065125
7070.0 0.9247165322303772
7080.0 0.9221067428588867
7090.0 0.9131856560707092
7100.0 0.9042645692825317
7110.0 0.8914922475814819
7120.0 0.8787198662757874
7130.0 0.8661839365959167
7140.0 0.8536480665206909
7150.0 0.7694974541664124
7160.0 0.6853468418121338
7170.0 0.5104020237922668
7180.0 0.3354572653770447
7190.0 0.22368444502353668
7200.0 0.11191161721944809
7210.0 0.07183084636926651
7220.0 0.03175008296966553
7230.0 0.024181509390473366
7240.0 0.016612935811281204
7250.0 0.01097206398844719
7260.0 0.005331179592758417
7270.0 0.0037510693073272705
7280.0 0.0021709692664444447
7290.0 0.0016419950406998396
7300.0 0.0011130206985399127
7310.0 0.0009196090395562351
7320.0 0.0007261869614012539
7330.0 0.0006177978939376771
7340.0 0.0005093984655104578
7350.0 0.0
7360.0 0.0
7370.0 0.0
7380.0 0.0
7390.0 0.0
7400.0 0.0
