decam/transmission_system/n17/i_decam_sdss_c0003_7835.0_1470.0/2012-09-12T00:00:00.ecsv
# %ECSV 1.0
# ---
# datatype:
# - {name: wavelength, unit: Angstrom, datatype: float64}
# - {name: throughput, datatype: float64}
# meta: !!omap
# - {MODE: DETECTOR}
# - {TYPE: transmission_system}
# - {CALIBDATE: '2012-09-12T00:00:00'}
# - {INSTRUME: DECam}
# - {OBSTYPE: transmission_system}
# - {CALIBCLS: lsst.ip.isr.IntermediateSystemTransmissionCurve}
# - {DETECTOR: 48}
# - {DETECTOR_NAME: N17}
# - {SOURCE: i_band_per_detector_throughput.fits}
# - {FILTER: i DECam SDSS c0003 7835.0 1470.0}
# - {CALIB_CREATION_DATE: '2012-09-12'}
# - {CALIB_CREATION_TIME: '00:00:00'}
# schema: astropy-2.0
wavelength throughput
6700.0 0.0
6710.0 0.0
6720.0 0.0
6730.0 0.0
6740.0 0.0
6750.0 0.0
6760.0 0.0006929028313606977
6770.0 0.0007961408118717372
6780.0 0.0008993789087980986
6790.0 0.0009849726920947433
6800.0 0.0010705769527703524
6810.0 0.0011986249592155218
6820.0 0.0013266729656606913
6830.0 0.0015022431034594774
6840.0 0.0016778027638792992
6850.0 0.0019404517952352762
6860.0 0.0022031008265912533
6870.0 0.0025697252713143826
6880.0 0.0029363392386585474
6890.0 0.0034558838233351707
6900.0 0.0039754388853907585
6910.0 0.004800076596438885
6920.0 0.005624724552035332
6930.0 0.007359395734965801
6940.0 0.009094078093767166
6950.0 0.013389491476118565
6960.0 0.017684904858469963
6970.0 0.028871918097138405
6980.0 0.04005894064903259
6990.0 0.06641212850809097
7000.0 0.09276530891656876
7010.0 0.14298589527606964
7020.0 0.19320650398731232
7030.0 0.27010858058929443
7040.0 0.34701064229011536
7050.0 0.44130071997642517
7060.0 0.5355907678604126
7070.0 0.6240678429603577
7080.0 0.7125450372695923
7090.0 0.7764286398887634
7100.0 0.8403122425079346
7110.0 0.877502977848053
7120.0 0.9146937727928162
7130.0 0.9321134686470032
7140.0 0.9495331645011902
7150.0 0.9580193758010864
7160.0 0.9665056467056274
7170.0 0.9724487066268921
7180.0 0.9783918857574463
7190.0 0.9804432392120361
7200.0 0.9824946522712708
7210.0 0.9831803441047668
7220.0 0.9838659167289734
7230.0 0.9846071004867554
7240.0 0.9853482842445374
7250.0 0.9871819615364075
7260.0 0.9890156388282776
7270.0 0.9919012784957886
7280.0 0.9947869181632996
7290.0 0.9964485168457031
7300.0 0.9981100559234619
7310.0 0.9978892803192139
7320.0 0.9976685047149658
7330.0 0.9956877827644348
7340.0 0.9937071800231934
7350.0 0.992633581161499
7360.0 0.9915600419044495
7370.0 0.9928823709487915
7380.0 0.9942048192024231
7390.0 0.9974148869514465
7400.0 1.0006248950958252
7410.0 1.002495288848877
7420.0 1.0043656826019287
7430.0 1.004597544670105
7440.0 1.0048294067382812
7450.0 1.003962516784668
7460.0 1.0030955076217651
7470.0 1.0024840831756592
7480.0 1.0018727779388428
7490.0 1.0026386976242065
7500.0 1.0034046173095703
7510.0 1.0040827989578247
7520.0 1.004760980606079
7530.0 1.0051549673080444
7540.0 1.0055489540100098
7550.0 1.004292368888855
7560.0 1.0030356645584106
7570.0 1.0012091398239136
7580.0 0.9993826150894165
7590.0 0.9908782243728638
7600.0 0.9823738932609558
7610.0 0.9851426482200623
7620.0 0.9879114031791687
7630.0 0.9898805022239685
7640.0 0.9918496608734131
7650.0 0.9954501390457153
7660.0 0.999050498008728
7670.0 1.0002769231796265
7680.0 1.001503348350525
7690.0 1.0007634162902832
7700.0 1.000023603439331
7710.0 0.9997698664665222
7720.0 0.9995160102844238
7730.0 0.9996742010116577
7740.0 0.9998324513435364
7750.0 1.0025718212127686
7760.0 1.005311131477356
7770.0 1.00667142868042
7780.0 1.0080317258834839
7790.0 1.0087347030639648
7800.0 1.0094377994537354
7810.0 1.008812665939331
7820.0 1.0081876516342163
7830.0 1.007005214691162
7840.0 1.0058228969573975
7850.0 1.0054851770401
7860.0 1.0051474571228027
7870.0 1.004528522491455
7880.0 1.0039095878601074
7890.0 1.001739740371704
7900.0 0.9995699524879456
7910.0 0.9965823888778687
7920.0 0.993594765663147
7930.0 0.9905478954315186
7940.0 0.9875010251998901
7950.0 0.9840631484985352
7960.0 0.9806251525878906
7970.0 0.9792567491531372
7980.0 0.9778883457183838
7990.0 0.9805030226707458
8000.0 0.9831177592277527
8010.0 0.9860609173774719
8020.0 0.9890040755271912
8030.0 0.9904844164848328
8040.0 0.9919647574424744
8050.0 0.9918447136878967
8060.0 0.9917246699333191
8070.0 0.9936303496360779
8080.0 0.9955361485481262
8090.0 0.9935556054115295
8100.0 0.9915750622749329
8110.0 0.9840924739837646
8120.0 0.9890053868293762
8130.0 0.9876819849014282
8140.0 0.9863585829734802
8150.0 0.9857320785522461
8160.0 0.985105574131012
8170.0 0.9885971546173096
8180.0 0.9870356917381287
8190.0 0.9817573428153992
8200.0 0.9798199534416199
8210.0 0.9778825640678406
8220.0 0.9757752418518066
8230.0 0.9736678600311279
8240.0 0.973751962184906
8250.0 0.9738361835479736
8260.0 0.9751585125923157
8270.0 0.9764809012413025
8280.0 0.97943514585495
8290.0 0.9823892712593079
8300.0 0.9853435158729553
8310.0 0.9942172765731812
8320.0 0.9963794350624084
8330.0 0.9985415935516357
8340.0 1.0007036924362183
8350.0 1.0008326768875122
8360.0 0.9996024370193481
8370.0 0.9983721375465393
8380.0 0.9971418976783752
8390.0 0.9995713829994202
8400.0 0.9944193363189697
8410.0 0.9957358241081238
8420.0 0.9970523118972778
8430.0 0.9987176060676575
8440.0 1.0036826133728027
8450.0 1.0052573680877686
8460.0 1.0068321228027344
8470.0 1.0184097290039062
8480.0 1.0299873352050781
8490.0 1.0393060445785522
8500.0 1.0486249923706055
8510.0 1.0353606939315796
8520.0 1.0220963954925537
8530.0 0.9530466198921204
8540.0 0.8839969635009766
8550.0 0.7467571496963501
8560.0 0.6095173954963684
8570.0 0.3214137554168701
8580.0 0.32044437527656555
8590.0 0.12854255735874176
8600.0 0.12662465870380402
8610.0 0.04615629464387894
8620.0 0.045723702758550644
8630.0 0.016890373080968857
8640.0 0.017385752871632576
8650.0 0.00718018040060997
8660.0 0.007115450222045183
8670.0 0.00338564976118505
8680.0 0.002730299485847354
8690.0 0.0020749594550579786
8700.0 0.0
8710.0 0.0
8720.0 0.0
8730.0 0.0
8740.0 0.0
8750.0 0.0
