decam/transmission_system/s28/r_decam_sdss_c0002_6415.0_1480.0/2012-09-12T00:00:00.ecsv
# %ECSV 1.0
# ---
# datatype:
# - {name: wavelength, unit: Angstrom, datatype: float64}
# - {name: throughput, datatype: float64}
# meta: !!omap
# - {MODE: DETECTOR}
# - {TYPE: transmission_system}
# - {CALIBDATE: '2012-09-12T00:00:00'}
# - {INSTRUME: DECam}
# - {OBSTYPE: transmission_system}
# - {CALIBCLS: lsst.ip.isr.IntermediateSystemTransmissionCurve}
# - {DETECTOR: 7}
# - {DETECTOR_NAME: S28}
# - {SOURCE: r_band_per_detector_throughput.fits}
# - {FILTER: r DECam SDSS c0002 6415.0 1480.0}
# - {CALIB_CREATION_DATE: '2012-09-12'}
# - {CALIB_CREATION_TIME: '00:00:00'}
# schema: astropy-2.0
wavelength throughput
5350.0 0.0
5360.0 0.0
5370.0 0.0
5380.0 0.0
5390.0 0.0
5400.0 0.0
5410.0 0.0035322660114616156
5420.0 0.003938333131372929
5430.0 0.004504434298723936
5440.0 0.005070524290204048
5450.0 0.005752118304371834
5460.0 0.006433701142668724
5470.0 0.00711124436929822
5480.0 0.0077887773513793945
5490.0 0.008745077066123486
5500.0 0.009701366536319256
5510.0 0.010749812237918377
5520.0 0.011798258870840073
5530.0 0.013032359071075916
5540.0 0.01426644902676344
5550.0 0.01594034768640995
5560.0 0.01761423423886299
5570.0 0.01982387900352478
5580.0 0.02203352004289627
5590.0 0.02543179877102375
5600.0 0.028830086812376976
5610.0 0.03680569306015968
5620.0 0.04478130862116814
5630.0 0.07454590499401093
5640.0 0.1043105199933052
5650.0 0.21204623579978943
5660.0 0.31978195905685425
5670.0 0.49275028705596924
5680.0 0.6657186150550842
5690.0 0.7318171262741089
5700.0 0.7979155778884888
5710.0 0.8066829442977905
5720.0 0.8154502511024475
5730.0 0.8192305564880371
5740.0 0.8230108022689819
5750.0 0.8255651593208313
5760.0 0.8281195759773254
5770.0 0.8295169472694397
5780.0 0.8309143781661987
5790.0 0.832152783870697
5800.0 0.8333910703659058
5810.0 0.8382012248039246
5820.0 0.8430114984512329
5830.0 0.8455178141593933
5840.0 0.8480241894721985
5850.0 0.8470889925956726
5860.0 0.8461538553237915
5870.0 0.8440552353858948
5880.0 0.8419566750526428
5890.0 0.8429076075553894
5900.0 0.8438586592674255
5910.0 0.8483453392982483
5920.0 0.852832019329071
5930.0 0.8556961417198181
5940.0 0.8585602641105652
5950.0 0.858704686164856
5960.0 0.8588492274284363
5970.0 0.8598951101303101
5980.0 0.8609409928321838
5990.0 0.8630760312080383
6000.0 0.8652110695838928
6010.0 0.8678162693977356
6020.0 0.8704213500022888
6030.0 0.8697835206985474
6040.0 0.8737999200820923
6050.0 0.8737826347351074
6060.0 0.8737654685974121
6070.0 0.8730827569961548
6080.0 0.8724000453948975
6090.0 0.8734321594238281
6100.0 0.8744643926620483
6110.0 0.8777587413787842
6120.0 0.8810531497001648
6130.0 0.8841103911399841
6140.0 0.8871676325798035
6150.0 0.8886773586273193
6160.0 0.89018714427948
6170.0 0.8914443254470825
6180.0 0.8927015066146851
6190.0 0.8926246166229248
6200.0 0.8925477862358093
6210.0 0.8933308720588684
6220.0 0.894114077091217
6230.0 0.8948366641998291
6240.0 0.8955593109130859
6250.0 0.8965146541595459
6260.0 0.8974699378013611
6270.0 0.899154543876648
6280.0 0.90083909034729
6290.0 0.9024196267127991
6300.0 0.9040001630783081
6310.0 0.9047854542732239
6320.0 0.9055707454681396
6330.0 0.9062726497650146
6340.0 0.9069746732711792
6350.0 0.9086417555809021
6360.0 0.910308837890625
6370.0 0.9122249484062195
6380.0 0.9141411185264587
6390.0 0.9144755005836487
6400.0 0.9148098230361938
6410.0 0.9151529669761658
6420.0 0.9154959917068481
6430.0 0.9152716994285583
6440.0 0.915047287940979
6450.0 0.9149245023727417
6460.0 0.9148016571998596
6470.0 0.9153532385826111
6480.0 0.9159049391746521
6490.0 0.9164195656776428
6500.0 0.9169341325759888
6510.0 0.9177471995353699
6520.0 0.9185603260993958
6530.0 0.9204367399215698
6540.0 0.9223132133483887
6550.0 0.9243470430374146
6560.0 0.9263808727264404
6570.0 0.9273454546928406
6580.0 0.9283100366592407
6590.0 0.9283618927001953
6600.0 0.9284138083457947
6610.0 0.9281046390533447
6620.0 0.9277955293655396
6630.0 0.9265902042388916
6640.0 0.9253848195075989
6650.0 0.9254974722862244
6660.0 0.9256101250648499
6670.0 0.9277299046516418
6680.0 0.9298497438430786
6690.0 0.9317898750305176
6700.0 0.9337300062179565
6710.0 0.9345523118972778
6720.0 0.9353746771812439
6730.0 0.9347696304321289
6740.0 0.9341645836830139
6750.0 0.9330525398254395
6760.0 0.9319404363632202
6770.0 0.9318723678588867
6780.0 0.9318042993545532
6790.0 0.9326396584510803
6800.0 0.9334750771522522
6810.0 0.9342186450958252
6820.0 0.9349622130393982
6830.0 0.9355102181434631
6840.0 0.9360582232475281
6850.0 0.93638676404953
6860.0 0.9367153644561768
6870.0 0.936345636844635
6880.0 0.9359759092330933
6890.0 0.9355446696281433
6900.0 0.9351134896278381
6910.0 0.9342843294143677
6920.0 0.933455228805542
6930.0 0.9328383803367615
6940.0 0.9322214722633362
6950.0 0.9315216541290283
6960.0 0.9308217763900757
6970.0 0.9306793212890625
6980.0 0.9305367469787598
6990.0 0.9309145212173462
7000.0 0.9312922358512878
7010.0 0.9313117861747742
7020.0 0.9313313364982605
7030.0 0.9285097122192383
7040.0 0.9256881475448608
7050.0 0.9200595617294312
7060.0 0.9144310355186462
7070.0 0.9013476967811584
7080.0 0.8882642984390259
7090.0 0.8757212162017822
7100.0 0.8631781339645386
7110.0 0.8434417843818665
7120.0 0.8237055540084839
7130.0 0.7369643449783325
7140.0 0.6502231955528259
7150.0 0.4912867248058319
7160.0 0.33235031366348267
7170.0 0.2170734852552414
7180.0 0.10179665684700012
7190.0 0.06584855914115906
7200.0 0.029900478199124336
7210.0 0.019561510533094406
7220.0 0.009222541004419327
7230.0 0.00730819720774889
7240.0 0.00539385387673974
7250.0 0.0038497797213494778
7260.0 0.002305715810507536
7270.0 0.001739334431476891
7280.0 0.001172963296994567
7290.0 0.0009316349751316011
7300.0 0.0006902961176820099
7310.0 0.0006006209878250957
7320.0 0.0005109354387968779
7330.0 0.0004674739029724151
7340.0 0.0004240227281115949
7350.0 0.0
7360.0 0.0
7370.0 0.0
7380.0 0.0
7390.0 0.0
7400.0 0.0
