decam/transmission_system/n16/z_decam_sdss_c0004_9260.0_1520.0/2012-09-12T00:00:00.ecsv
# %ECSV 1.0
# ---
# datatype:
# - {name: wavelength, unit: Angstrom, datatype: float64}
# - {name: throughput, datatype: float64}
# meta: !!omap
# - {MODE: DETECTOR}
# - {TYPE: transmission_system}
# - {CALIBDATE: '2012-09-12T00:00:00'}
# - {INSTRUME: DECam}
# - {OBSTYPE: transmission_system}
# - {CALIBCLS: lsst.ip.isr.IntermediateSystemTransmissionCurve}
# - {DETECTOR: 47}
# - {DETECTOR_NAME: N16}
# - {SOURCE: z_band_per_detector_throughput.fits}
# - {FILTER: z DECam SDSS c0004 9260.0 1520.0}
# - {CALIB_CREATION_DATE: '2012-09-12'}
# - {CALIB_CREATION_TIME: '00:00:00'}
# schema: astropy-2.0
wavelength throughput
8200.0 0.0
8210.0 0.0
8220.0 0.0
8230.0 0.0
8240.0 0.0
8250.0 0.0
8260.0 0.0044468180276453495
8270.0 0.005123021546751261
8280.0 0.006300024688243866
8290.0 0.0061451103538274765
8300.0 0.005990196019411087
8310.0 0.00657999562099576
8320.0 0.007548424880951643
8330.0 0.008516864851117134
8340.0 0.009485294111073017
8350.0 0.013380726799368858
8360.0 0.014027966186404228
8370.0 0.014675215817987919
8380.0 0.015322455205023289
8390.0 0.022297654300928116
8400.0 0.026330992579460144
8410.0 0.030364327132701874
8420.0 0.034397661685943604
8430.0 0.06479418277740479
8440.0 0.059645626693964005
8450.0 0.09192153811454773
8460.0 0.12419744580984116
8470.0 0.2731890380382538
8480.0 0.2696034014225006
8490.0 0.39959728717803955
8500.0 0.5295912027359009
8510.0 0.6544254422187805
8520.0 0.7792596817016602
8530.0 0.8586686849594116
8540.0 0.9380776286125183
8550.0 0.9667853713035583
8560.0 0.9954930543899536
8570.0 0.9983029365539551
8580.0 1.0076169967651367
8590.0 0.9873061776161194
8600.0 0.9850212931632996
8610.0 0.9840514659881592
8620.0 0.987588107585907
8630.0 0.9958983659744263
8640.0 1.003570556640625
8650.0 1.006699562072754
8660.0 1.00424063205719
8670.0 1.0113410949707031
8680.0 1.0106741189956665
8690.0 1.0100071430206299
8700.0 1.0101550817489624
8710.0 1.010303020477295
8720.0 1.0108652114868164
8730.0 1.0114272832870483
8740.0 1.0100053548812866
8750.0 1.0141754150390625
8760.0 1.0159491300582886
8770.0 1.017722725868225
8780.0 1.0193697214126587
8790.0 1.0210165977478027
8800.0 1.021620273590088
8810.0 1.022223949432373
8820.0 1.0231372117996216
8830.0 1.0240504741668701
8840.0 1.0243852138519287
8850.0 1.0247199535369873
8860.0 1.0258692502975464
8870.0 1.027018427848816
8880.0 1.0289528369903564
8890.0 1.0308871269226074
8900.0 1.0250967741012573
8910.0 1.0286117792129517
8920.0 1.0279282331466675
8930.0 1.0272446870803833
8940.0 1.0265612602233887
8950.0 1.0258792638778687
8960.0 1.025197148323059
8970.0 1.0252121686935425
8980.0 1.0252273082733154
8990.0 1.0259422063827515
9000.0 1.0266571044921875
9010.0 1.028189778327942
9020.0 1.0297226905822754
9030.0 1.0314956903457642
9040.0 1.0332685708999634
9050.0 1.0337272882461548
9060.0 1.0364750623703003
9070.0 1.0351988077163696
9080.0 1.033922553062439
9090.0 1.0314620733261108
9100.0 1.0290015935897827
9110.0 1.025667428970337
9120.0 1.028232216835022
9130.0 1.0234553813934326
9140.0 1.0239046812057495
9150.0 1.024023175239563
9160.0 1.023099422454834
9170.0 1.0221755504608154
9180.0 1.022215723991394
9190.0 1.0222558975219727
9200.0 1.0205496549606323
9210.0 1.018843412399292
9220.0 1.0164440870285034
9230.0 1.0140447616577148
9240.0 1.0081136226654053
9250.0 1.0021824836730957
9260.0 0.9983989000320435
9270.0 0.994615375995636
9280.0 0.9876518249511719
9290.0 0.9806882739067078
9300.0 0.9760276675224304
9310.0 0.9713671207427979
9320.0 0.9667128324508667
9330.0 0.9620586633682251
9340.0 0.9532226324081421
9350.0 0.9443866610527039
9360.0 0.9319879412651062
9370.0 0.9195892214775085
9380.0 0.910014808177948
9390.0 0.9004404544830322
9400.0 0.8877108693122864
9410.0 0.8749813437461853
9420.0 0.8665665984153748
9430.0 0.8581518530845642
9440.0 0.8509494662284851
9450.0 0.8555929660797119
9460.0 0.8557778596878052
9470.0 0.8575366735458374
9480.0 0.8595966696739197
9490.0 0.8616567850112915
9500.0 0.8603125214576721
9510.0 0.8655927777290344
9520.0 0.8659344911575317
9530.0 0.8662762641906738
9540.0 0.8663452863693237
9550.0 0.8664143681526184
9560.0 0.8662412762641907
9570.0 0.8660682439804077
9580.0 0.8646483421325684
9590.0 0.8632284998893738
9600.0 0.8601785898208618
9610.0 0.8571287393569946
9620.0 0.85550856590271
9630.0 0.8538883328437805
9640.0 0.8523162603378296
9650.0 0.8507441878318787
9660.0 0.8500062227249146
9670.0 0.8492682576179504
9680.0 0.8438878655433655
9690.0 0.8385075330734253
9700.0 0.8331272006034851
9710.0 0.8277468085289001
9720.0 0.8238679766654968
9730.0 0.8199891448020935
9740.0 0.8162207007408142
9750.0 0.8124522566795349
9760.0 0.8072104454040527
9770.0 0.8019685745239258
9780.0 0.8027290105819702
9790.0 0.8034894466400146
9800.0 0.792255699634552
9810.0 0.7810219526290894
9820.0 0.7738110423088074
9830.0 0.7666001319885254
9840.0 0.7606791257858276
9850.0 0.7547580599784851
9860.0 0.7494515180587769
9870.0 0.7441449761390686
9880.0 0.7436429262161255
9890.0 0.7431408166885376
9900.0 0.7473769187927246
9910.0 0.7516129612922668
9920.0 0.7565601468086243
9930.0 0.7615072727203369
9940.0 0.7387979030609131
9950.0 0.7160884737968445
9960.0 0.6424298286437988
9970.0 0.5687711834907532
9980.0 0.45916497707366943
9990.0 0.3495587706565857
10000.0 0.2644517719745636
10010.0 0.1793447583913803
10020.0 0.13042393326759338
10030.0 0.08150309324264526
10040.0 0.05795064568519592
10050.0 0.03439820185303688
10060.0 0.024363132193684578
10070.0 0.01432806346565485
10080.0 0.01079920306801796
10090.0 0.007270333357155323
10100.0 0.005713308695703745
10110.0 0.004156284965574741
10120.0 0.0031680199317634106
10130.0 0.0021797551307827234
10140.0 0.0021368544548749924
10150.0 0.0
10160.0 0.0
10170.0 0.0
10180.0 0.0
10190.0 0.0
10200.0 0.0
