decam/transmission_system/n8/i_decam_sdss_c0003_7835.0_1470.0/2012-09-12T00:00:00.ecsv
# %ECSV 1.0
# ---
# datatype:
# - {name: wavelength, unit: Angstrom, datatype: float64}
# - {name: throughput, datatype: float64}
# meta: !!omap
# - {MODE: DETECTOR}
# - {TYPE: transmission_system}
# - {CALIBDATE: '2012-09-12T00:00:00'}
# - {INSTRUME: DECam}
# - {OBSTYPE: transmission_system}
# - {CALIBCLS: lsst.ip.isr.IntermediateSystemTransmissionCurve}
# - {DETECTOR: 39}
# - {DETECTOR_NAME: N8}
# - {SOURCE: i_band_per_detector_throughput.fits}
# - {FILTER: i DECam SDSS c0003 7835.0 1470.0}
# - {CALIB_CREATION_DATE: '2012-09-12'}
# - {CALIB_CREATION_TIME: '00:00:00'}
# schema: astropy-2.0
wavelength throughput
6700.0 0.0
6710.0 0.0
6720.0 0.0
6730.0 0.0
6740.0 0.0
6750.0 0.0
6760.0 0.0009878078708425164
6770.0 0.001133230165578425
6780.0 0.0012786523438990116
6790.0 0.0014351865975186229
6800.0 0.0015917313285171986
6810.0 0.001783419051207602
6820.0 0.0019751067738980055
6830.0 0.0022057697642594576
6840.0 0.002436443231999874
6850.0 0.0027563865296542645
6860.0 0.0030763300601392984
6870.0 0.003508411580696702
6880.0 0.003940482623875141
6890.0 0.004442840348929167
6900.0 0.004945187363773584
6910.0 0.005617246963083744
6920.0 0.006289307028055191
6930.0 0.007279617711901665
6940.0 0.008269928395748138
6950.0 0.009778838604688644
6960.0 0.011287759058177471
6970.0 0.014260591939091682
6980.0 0.01723342388868332
6990.0 0.024094117805361748
7000.0 0.03095480054616928
7010.0 0.04671774059534073
7020.0 0.06248066946864128
7030.0 0.09436716139316559
7040.0 0.1262536346912384
7050.0 0.18135617673397064
7060.0 0.23645871877670288
7070.0 0.3156396150588989
7080.0 0.3948204517364502
7090.0 0.4876900017261505
7100.0 0.5805595517158508
7110.0 0.6672931909561157
7120.0 0.7540268898010254
7130.0 0.8173648715019226
7140.0 0.880702793598175
7150.0 0.9143369197845459
7160.0 0.9479710459709167
7170.0 0.9602425694465637
7180.0 0.9725140333175659
7190.0 0.9729772210121155
7200.0 0.9734403491020203
7210.0 0.9730132222175598
7220.0 0.9725860357284546
7230.0 0.9755438566207886
7240.0 0.9785016775131226
7250.0 0.9840308427810669
7260.0 0.9895598888397217
7270.0 0.9948916435241699
7280.0 1.0002233982086182
7290.0 1.0012699365615845
7300.0 1.0023164749145508
7310.0 1.0000560283660889
7320.0 0.997795581817627
7330.0 0.9947717785835266
7340.0 0.9917479157447815
7350.0 0.9910065531730652
7360.0 0.9902652502059937
7370.0 0.9923418164253235
7380.0 0.9944183826446533
7390.0 0.9984582662582397
7400.0 1.0024981498718262
7410.0 1.0049494504928589
7420.0 1.007400631904602
7430.0 1.0081335306167603
7440.0 1.0088664293289185
7450.0 1.00840425491333
7460.0 1.0079420804977417
7470.0 1.0071876049041748
7480.0 1.0064330101013184
7490.0 1.0067131519317627
7500.0 1.006993293762207
7510.0 1.0074961185455322
7520.0 1.0079988241195679
7530.0 1.0085902214050293
7540.0 1.0091814994812012
7550.0 1.0082262754440308
7560.0 1.0072709321975708
7570.0 1.0052437782287598
7580.0 1.0032166242599487
7590.0 0.9937244057655334
7600.0 0.9842321872711182
7610.0 0.9858148097991943
7620.0 0.9873974919319153
7630.0 0.9886330962181091
7640.0 0.9898685812950134
7650.0 0.9933676719665527
7660.0 0.9968668222427368
7670.0 0.9988555908203125
7680.0 1.0008444786071777
7690.0 1.00137460231781
7700.0 1.0019046068191528
7710.0 1.0030672550201416
7720.0 1.0042299032211304
7730.0 1.0055080652236938
7740.0 1.0067863464355469
7750.0 1.0100969076156616
7760.0 1.0134073495864868
7770.0 1.014682412147522
7780.0 1.0159575939178467
7790.0 1.0161370038986206
7800.0 1.0163164138793945
7810.0 1.0153993368148804
7820.0 1.0144823789596558
7830.0 1.0135900974273682
7840.0 1.0126978158950806
7850.0 1.0135228633880615
7860.0 1.014348030090332
7870.0 1.0147788524627686
7880.0 1.0152097940444946
7890.0 1.0127482414245605
7900.0 1.0102866888046265
7910.0 1.005589485168457
7920.0 1.000892162322998
7930.0 0.9953378438949585
7940.0 0.989783525466919
7950.0 0.9846886992454529
7960.0 0.9795938730239868
7970.0 0.9786165356636047
7980.0 0.9776392579078674
7990.0 0.9825177192687988
8000.0 0.987396240234375
8010.0 0.9928682446479797
8020.0 0.9983402490615845
8030.0 1.0013601779937744
8040.0 1.0043799877166748
8050.0 1.0041613578796387
8060.0 1.0039427280426025
8070.0 1.0036742687225342
8080.0 1.0034059286117554
8090.0 0.9987515807151794
8100.0 0.9940972924232483
8110.0 0.984356701374054
8120.0 0.990801215171814
8130.0 0.9907997250556946
8140.0 0.9907982349395752
8150.0 0.9927642941474915
8160.0 0.9947303533554077
8170.0 1.0025641918182373
8180.0 1.00102961063385
8190.0 0.9950393438339233
8200.0 0.9905132055282593
8210.0 0.9859870672225952
8220.0 0.9815887212753296
8230.0 0.9771904349327087
8240.0 0.9768388271331787
8250.0 0.9764872789382935
8260.0 0.9797425866127014
8270.0 0.9829978942871094
8280.0 0.9881030321121216
8290.0 0.9932081699371338
8300.0 0.998313307762146
8310.0 1.0112489461898804
8320.0 1.0128929615020752
8330.0 1.01453697681427
8340.0 1.0161809921264648
8350.0 1.0097850561141968
8360.0 1.0062284469604492
8370.0 1.0026719570159912
8380.0 0.9991154074668884
8390.0 0.9974913597106934
8400.0 0.9914591312408447
8410.0 0.9925568103790283
8420.0 0.9936544299125671
8430.0 0.9938431978225708
8440.0 1.0002788305282593
8450.0 0.9994054436683655
8460.0 0.9985321164131165
8470.0 1.0051772594451904
8480.0 1.0118223428726196
8490.0 1.016076922416687
8500.0 1.0203315019607544
8510.0 1.0039899349212646
8520.0 0.9876484870910645
8530.0 0.9129393696784973
8540.0 0.8382301926612854
8550.0 0.6906834244728088
8560.0 0.5431365370750427
8570.0 0.2606978118419647
8580.0 0.2640535533428192
8590.0 0.09989398717880249
8600.0 0.09979245066642761
8610.0 0.03557003661990166
8620.0 0.03565830737352371
8630.0 0.013042639940977097
8640.0 0.013406647369265556
8650.0 0.0055885324254632
8660.0 0.005439246539026499
8670.0 0.0026608542539179325
8680.0 0.0022042328491806984
8690.0 0.0017476113280281425
8700.0 0.0
8710.0 0.0
8720.0 0.0
8730.0 0.0
8740.0 0.0
8750.0 0.0
