decam/transmission_system/n27/z_decam_sdss_c0004_9260.0_1520.0/2012-09-12T00:00:00.ecsv
# %ECSV 1.0
# ---
# datatype:
# - {name: wavelength, unit: Angstrom, datatype: float64}
# - {name: throughput, datatype: float64}
# meta: !!omap
# - {MODE: DETECTOR}
# - {TYPE: transmission_system}
# - {CALIBDATE: '2012-09-12T00:00:00'}
# - {INSTRUME: DECam}
# - {OBSTYPE: transmission_system}
# - {CALIBCLS: lsst.ip.isr.IntermediateSystemTransmissionCurve}
# - {DETECTOR: 58}
# - {DETECTOR_NAME: N27}
# - {SOURCE: z_band_per_detector_throughput.fits}
# - {FILTER: z DECam SDSS c0004 9260.0 1520.0}
# - {CALIB_CREATION_DATE: '2012-09-12'}
# - {CALIB_CREATION_TIME: '00:00:00'}
# schema: astropy-2.0
wavelength throughput
8200.0 0.0
8210.0 0.0
8220.0 0.0
8230.0 0.0
8240.0 0.0
8250.0 0.0
8260.0 0.004551322665065527
8270.0 0.0051363869570195675
8280.0 0.005808914080262184
8290.0 0.005992906168103218
8300.0 0.006176898721605539
8310.0 0.006486436817795038
8320.0 0.007545714266598225
8330.0 0.008604993112385273
8340.0 0.009664271026849747
8350.0 0.014136063866317272
8360.0 0.014895784668624401
8370.0 0.015655504539608955
8380.0 0.016415216028690338
8390.0 0.02443867363035679
8400.0 0.02950000949203968
8410.0 0.03456133231520653
8420.0 0.039622657001018524
8430.0 0.07940086722373962
8440.0 0.07451695203781128
8450.0 0.11915838718414307
8460.0 0.16379982233047485
8470.0 0.3452192544937134
8480.0 0.34194040298461914
8490.0 0.47531288862228394
8500.0 0.6086854338645935
8510.0 0.7187838554382324
8520.0 0.8288822174072266
8530.0 0.8915026783943176
8540.0 0.9541231393814087
8550.0 0.9696413278579712
8560.0 0.9851594567298889
8570.0 0.9779390096664429
8580.0 0.9880046844482422
8590.0 0.9700718522071838
8600.0 0.9698882699012756
8610.0 0.9741959571838379
8620.0 0.9795730710029602
8630.0 0.990551769733429
8640.0 0.9994748830795288
8650.0 1.0023548603057861
8660.0 1.0006680488586426
8670.0 1.0058737993240356
8680.0 1.0043184757232666
8690.0 1.002763271331787
8700.0 1.0023913383483887
8710.0 1.0020194053649902
8720.0 1.0027413368225098
8730.0 1.0034632682800293
8740.0 1.002320647239685
8750.0 1.0072441101074219
8760.0 1.0101571083068848
8770.0 1.013069987297058
8780.0 1.0161226987838745
8790.0 1.0191752910614014
8800.0 1.021239995956421
8810.0 1.0233047008514404
8820.0 1.0249842405319214
8830.0 1.026663899421692
8840.0 1.027030348777771
8850.0 1.0273966789245605
8860.0 1.027591347694397
8870.0 1.027786135673523
8880.0 1.0281113386154175
8890.0 1.0284366607666016
8900.0 1.0247995853424072
8910.0 1.0236116647720337
8920.0 1.0226856470108032
8930.0 1.0217595100402832
8940.0 1.0208334922790527
8950.0 1.020388126373291
8960.0 1.0199426412582397
8970.0 1.020713210105896
8980.0 1.0214836597442627
8990.0 1.0230897665023804
9000.0 1.024695873260498
9010.0 1.0269454717636108
9020.0 1.0291950702667236
9030.0 1.0311226844787598
9040.0 1.0330501794815063
9050.0 1.0326836109161377
9060.0 1.0350104570388794
9070.0 1.0337170362472534
9080.0 1.0324236154556274
9090.0 1.0292526483535767
9100.0 1.0260816812515259
9110.0 1.0231140851974487
9120.0 1.025132179260254
9130.0 1.0227441787719727
9140.0 1.021731972694397
9150.0 1.024368405342102
9160.0 1.0250637531280518
9170.0 1.0257591009140015
9180.0 1.027173638343811
9190.0 1.0285882949829102
9200.0 1.0273988246917725
9210.0 1.0262094736099243
9220.0 1.0240130424499512
9230.0 1.0218167304992676
9240.0 1.0149154663085938
9250.0 1.0080143213272095
9260.0 1.0025261640548706
9270.0 0.9970380067825317
9280.0 0.9885135889053345
9290.0 0.9799891710281372
9300.0 0.9743916988372803
9310.0 0.9687942266464233
9320.0 0.9639584422111511
9330.0 0.9591226577758789
9340.0 0.9514390230178833
9350.0 0.9437553882598877
9360.0 0.932973325252533
9370.0 0.9221912026405334
9380.0 0.9139307141304016
9390.0 0.9056702852249146
9400.0 0.8933202028274536
9410.0 0.8809701204299927
9420.0 0.871830940246582
9430.0 0.8626918196678162
9440.0 0.8566063642501831
9450.0 0.8576947450637817
9460.0 0.8595115542411804
9470.0 0.8579013347625732
9480.0 0.8593459129333496
9490.0 0.8607905507087708
9500.0 0.8618346452713013
9510.0 0.8675122857093811
9520.0 0.8703036904335022
9530.0 0.8730951547622681
9540.0 0.8756480813026428
9550.0 0.8782009482383728
9560.0 0.8799359202384949
9570.0 0.8816709518432617
9580.0 0.8807599544525146
9590.0 0.8798489570617676
9600.0 0.8761042952537537
9610.0 0.872359573841095
9620.0 0.8691392540931702
9630.0 0.8659188747406006
9640.0 0.8630884289741516
9650.0 0.8602579236030579
9660.0 0.8586334586143494
9670.0 0.8570090532302856
9680.0 0.8566620945930481
9690.0 0.8563151359558105
9700.0 0.855968177318573
9710.0 0.8556212186813354
9720.0 0.851860523223877
9730.0 0.8480997681617737
9740.0 0.8433281779289246
9750.0 0.8385565876960754
9760.0 0.8313432335853577
9770.0 0.8241298794746399
9780.0 0.8132887482643127
9790.0 0.8024476766586304
9800.0 0.7972986102104187
9810.0 0.792149543762207
9820.0 0.7849438190460205
9830.0 0.777738094329834
9840.0 0.7692723274230957
9850.0 0.7608065009117126
9860.0 0.7500714659690857
9870.0 0.7393364310264587
9880.0 0.7286589741706848
9890.0 0.7179816365242004
9900.0 0.7058074474334717
9910.0 0.6936333179473877
9920.0 0.6751685738563538
9930.0 0.6567038893699646
9940.0 0.6122147440910339
9950.0 0.5677255392074585
9960.0 0.4957265853881836
9970.0 0.4237276315689087
9980.0 0.33437004685401917
9990.0 0.24501246213912964
10000.0 0.17761284112930298
10010.0 0.11021323502063751
10020.0 0.07674185186624527
10030.0 0.043270476162433624
10040.0 0.03068636916577816
10050.0 0.018102260306477547
10060.0 0.01307819876819849
10070.0 0.008054137229919434
10080.0 0.0063656168058514595
10090.0 0.004677096381783485
10100.0 0.003834274597465992
10110.0 0.002991442335769534
10120.0 0.002252824604511261
10130.0 0.0015142066404223442
10140.0 0.001646834542043507
10150.0 0.0
10160.0 0.0
10170.0 0.0
10180.0 0.0
10190.0 0.0
10200.0 0.0
