decam/transmission_system/s9/g_decam_sdss_c0001_4720.0_1520.0/2012-09-12T00:00:00.ecsv
# %ECSV 1.0
# ---
# datatype:
# - {name: wavelength, unit: Angstrom, datatype: float64}
# - {name: throughput, datatype: float64}
# meta: !!omap
# - {MODE: DETECTOR}
# - {TYPE: transmission_system}
# - {CALIBDATE: '2012-09-12T00:00:00'}
# - {INSTRUME: DECam}
# - {OBSTYPE: transmission_system}
# - {CALIBCLS: lsst.ip.isr.IntermediateSystemTransmissionCurve}
# - {DETECTOR: 20}
# - {DETECTOR_NAME: S9}
# - {SOURCE: g_band_per_detector_throughput.fits}
# - {FILTER: g DECam SDSS c0001 4720.0 1520.0}
# - {CALIB_CREATION_DATE: '2012-09-12'}
# - {CALIB_CREATION_TIME: '00:00:00'}
# schema: astropy-2.0
wavelength throughput
3750.0 0.0
3760.0 0.0
3770.0 0.0
3780.0 0.0
3790.0 0.0
3800.0 0.0
3810.0 0.0007498753257095814
3820.0 0.0008879034430719912
3830.0 0.0009896771516650915
3840.0 0.0010829766979441047
3850.0 0.0013930024579167366
3860.0 0.0017030282178893685
3870.0 0.0020957710221409798
3880.0 0.0024885034654289484
3890.0 0.0030686347745358944
3900.0 0.003648755606263876
3910.0 0.0036366567946970463
3920.0 0.0065877120941877365
3930.0 0.012887092307209969
3940.0 0.019186463207006454
3950.0 0.020494889467954636
3960.0 0.11491978913545609
3970.0 0.22559501230716705
3980.0 0.3362702429294586
3990.0 0.3354622423648834
4000.0 0.3740135431289673
4010.0 0.390885591506958
4020.0 0.4077576696872711
4030.0 0.41308462619781494
4040.0 0.4186525344848633
4050.0 0.4199455976486206
4060.0 0.42793333530426025
4070.0 0.43267062306404114
4080.0 0.44435766339302063
4090.0 0.44542208313941956
4100.0 0.4514293670654297
4110.0 0.4554591178894043
4120.0 0.4594888985157013
4130.0 0.462894082069397
4140.0 0.4683482050895691
4150.0 0.4715605676174164
4160.0 0.4844598174095154
4170.0 0.4914279282093048
4180.0 0.49839600920677185
4190.0 0.5000500679016113
4200.0 0.5008482336997986
4210.0 0.5005044341087341
4220.0 0.5056648850440979
4230.0 0.5066709518432617
4240.0 0.5217152237892151
4250.0 0.5259153842926025
4260.0 0.53011554479599
4270.0 0.5341219305992126
4280.0 0.5448068976402283
4290.0 0.5451542735099792
4300.0 0.5559958219528198
4310.0 0.5591814517974854
4320.0 0.5623670220375061
4330.0 0.5667640566825867
4340.0 0.5711610913276672
4350.0 0.5770910978317261
4360.0 0.5830211043357849
4370.0 0.5875862836837769
4380.0 0.5921515226364136
4390.0 0.5989877581596375
4400.0 0.6058239340782166
4410.0 0.6092636585235596
4420.0 0.6127034425735474
4430.0 0.6157195568084717
4440.0 0.618735671043396
4450.0 0.621388852596283
4460.0 0.6240419149398804
4470.0 0.6265195608139038
4480.0 0.6289971470832825
4490.0 0.6325269937515259
4500.0 0.6360568404197693
4510.0 0.6385624408721924
4520.0 0.6410681009292603
4530.0 0.6452600359916687
4540.0 0.6494520306587219
4550.0 0.650891900062561
4560.0 0.6523317098617554
4570.0 0.6530628800392151
4580.0 0.65379399061203
4590.0 0.6576679944992065
4600.0 0.6615419387817383
4610.0 0.6645544767379761
4620.0 0.6675669550895691
4630.0 0.6701091527938843
4640.0 0.6726512908935547
4650.0 0.6743173599243164
4660.0 0.6759834885597229
4670.0 0.6752232909202576
4680.0 0.6744630932807922
4690.0 0.675424337387085
4700.0 0.6763855218887329
4710.0 0.6784971952438354
4720.0 0.6806088089942932
4730.0 0.6839147210121155
4740.0 0.6872206330299377
4750.0 0.6909756064414978
4760.0 0.6947304606437683
4770.0 0.6951754689216614
4780.0 0.6956205368041992
4790.0 0.6954909563064575
4800.0 0.695361316204071
4810.0 0.6976538300514221
4820.0 0.699946403503418
4830.0 0.700498104095459
4840.0 0.7010499238967896
4850.0 0.6995407938957214
4860.0 0.6980317234992981
4870.0 0.7005698084831238
4880.0 0.7031078934669495
4890.0 0.7070229053497314
4900.0 0.7109378576278687
4910.0 0.7115949392318726
4920.0 0.7122520208358765
4930.0 0.7105165123939514
4940.0 0.7087809443473816
4950.0 0.709113597869873
4960.0 0.7094461917877197
4970.0 0.7134724855422974
4980.0 0.7174988389015198
4990.0 0.7201429009437561
5000.0 0.7227869629859924
5010.0 0.7249088287353516
5020.0 0.7270306348800659
5030.0 0.7277863025665283
5040.0 0.7285420894622803
5050.0 0.7295806407928467
5060.0 0.7306191921234131
5070.0 0.7333056926727295
5080.0 0.7359922528266907
5090.0 0.7374633550643921
5100.0 0.7389345765113831
5110.0 0.7364925146102905
5120.0 0.7340503931045532
5130.0 0.7347979545593262
5140.0 0.7355454564094543
5150.0 0.7393214702606201
5160.0 0.7430974841117859
5170.0 0.7440119981765747
5180.0 0.7449265122413635
5190.0 0.7466797828674316
5200.0 0.7484330534934998
5210.0 0.7521958947181702
5220.0 0.7559586763381958
5230.0 0.759026825428009
5240.0 0.762095034122467
5250.0 0.7631153464317322
5260.0 0.7641355395317078
5270.0 0.7638988494873047
5280.0 0.7636621594429016
5290.0 0.7644681930541992
5300.0 0.7652742266654968
5310.0 0.7670130133628845
5320.0 0.768751859664917
5330.0 0.7704328894615173
5340.0 0.7721139192581177
5350.0 0.7743692398071289
5360.0 0.7766245007514954
5370.0 0.7742815613746643
5380.0 0.7719387412071228
5390.0 0.7660561800003052
5400.0 0.7601735591888428
5410.0 0.7602749466896057
5420.0 0.7603762745857239
5430.0 0.7658214569091797
5440.0 0.7712666392326355
5450.0 0.7191576361656189
5460.0 0.6670486330986023
5470.0 0.4721328020095825
5480.0 0.27721694111824036
5490.0 0.16420477628707886
5500.0 0.051192618906497955
5510.0 0.03148461878299713
5520.0 0.011776615865528584
5530.0 0.007264008745551109
5540.0 0.002751401625573635
5550.0 0.0019016427686437964
5560.0 0.001051883795298636
5570.0 0.0008351264405064285
5580.0 0.0006183794466778636
5590.0 0.0005419141380116343
5600.0 0.00046543843927793205
5610.0 0.00042411620961502194
5620.0 0.00038279397995211184
5630.0 0.000344306870829314
5640.0 0.0003058301517739892
5650.0 0.0
5660.0 0.0
5670.0 0.0
5680.0 0.0
5690.0 0.0
5700.0 0.0
