decam/transmission_system/n11/g_decam_sdss_c0001_4720.0_1520.0/2012-09-12T00:00:00.ecsv
# %ECSV 1.0
# ---
# datatype:
# - {name: wavelength, unit: Angstrom, datatype: float64}
# - {name: throughput, datatype: float64}
# meta: !!omap
# - {MODE: DETECTOR}
# - {TYPE: transmission_system}
# - {CALIBDATE: '2012-09-12T00:00:00'}
# - {INSTRUME: DECam}
# - {OBSTYPE: transmission_system}
# - {CALIBCLS: lsst.ip.isr.IntermediateSystemTransmissionCurve}
# - {DETECTOR: 42}
# - {DETECTOR_NAME: N11}
# - {SOURCE: g_band_per_detector_throughput.fits}
# - {FILTER: g DECam SDSS c0001 4720.0 1520.0}
# - {CALIB_CREATION_DATE: '2012-09-12'}
# - {CALIB_CREATION_TIME: '00:00:00'}
# schema: astropy-2.0
wavelength throughput
3750.0 0.0
3760.0 0.0
3770.0 0.0
3780.0 0.0
3790.0 0.0
3800.0 0.0
3810.0 0.0005509491311386228
3820.0 0.000723819131962955
3830.0 0.0006759543321095407
3840.0 0.0008930232143029571
3850.0 0.0010894570732489228
3860.0 0.001285890699364245
3870.0 0.0016238938551396132
3880.0 0.0019618866499513388
3890.0 0.0025886467192322016
3900.0 0.0032154174987226725
3910.0 0.003182164393365383
3920.0 0.006027925293892622
3930.0 0.012190991081297398
3940.0 0.018354058265686035
3950.0 0.019654102623462677
3960.0 0.1131061464548111
3970.0 0.21602079272270203
3980.0 0.31893542408943176
3990.0 0.3204538822174072
4000.0 0.350921630859375
4010.0 0.36746424436569214
4020.0 0.3840068578720093
4030.0 0.38641422986984253
4040.0 0.39475175738334656
4050.0 0.3937700688838959
4060.0 0.40272992849349976
4070.0 0.40650466084480286
4080.0 0.4193723201751709
4090.0 0.4200921952724457
4100.0 0.4253495931625366
4110.0 0.42958298325538635
4120.0 0.4338163733482361
4130.0 0.43629324436187744
4140.0 0.44264721870422363
4150.0 0.44484710693359375
4160.0 0.45774245262145996
4170.0 0.46635711193084717
4180.0 0.4749717116355896
4190.0 0.47578558325767517
4200.0 0.4760306179523468
4210.0 0.47905832529067993
4220.0 0.4819176197052002
4230.0 0.4820491075515747
4240.0 0.4992331862449646
4250.0 0.5028488636016846
4260.0 0.5064645409584045
4270.0 0.5097059011459351
4280.0 0.5193159580230713
4290.0 0.5188863277435303
4300.0 0.5301672220230103
4310.0 0.5338272452354431
4320.0 0.5374873280525208
4330.0 0.541852593421936
4340.0 0.5462179183959961
4350.0 0.5524532794952393
4360.0 0.5586885809898376
4370.0 0.5633583664894104
4380.0 0.5680281519889832
4390.0 0.574317216873169
4400.0 0.5806061625480652
4410.0 0.5846436619758606
4420.0 0.5886811017990112
4430.0 0.5923957228660583
4440.0 0.5961103439331055
4450.0 0.5997151136398315
4460.0 0.6033198833465576
4470.0 0.6071549654006958
4480.0 0.6109901070594788
4490.0 0.6134769320487976
4500.0 0.6159637570381165
4510.0 0.6196218729019165
4520.0 0.623279869556427
4530.0 0.6283888220787048
4540.0 0.6334978938102722
4550.0 0.6356891393661499
4560.0 0.6378803849220276
4570.0 0.6392004489898682
4580.0 0.6405205726623535
4590.0 0.6443320512771606
4600.0 0.648143470287323
4610.0 0.6532191038131714
4620.0 0.6582948565483093
4630.0 0.6625694632530212
4640.0 0.6668440699577332
4650.0 0.6697463989257812
4660.0 0.6726486086845398
4670.0 0.6735343933105469
4680.0 0.6744202375411987
4690.0 0.6760041117668152
4700.0 0.6775878667831421
4710.0 0.6798429489135742
4720.0 0.6820980310440063
4730.0 0.6860220432281494
4740.0 0.6899460554122925
4750.0 0.6953931450843811
4760.0 0.7008401155471802
4770.0 0.7016937136650085
4780.0 0.7025473117828369
4790.0 0.7028728723526001
4800.0 0.7031983137130737
4810.0 0.708645761013031
4820.0 0.7140932083129883
4830.0 0.7160518169403076
4840.0 0.7180105447769165
4850.0 0.7160979509353638
4860.0 0.714185357093811
4870.0 0.7174943089485168
4880.0 0.7208032011985779
4890.0 0.7249606251716614
4900.0 0.7291179895401001
4910.0 0.7306731939315796
4920.0 0.7322284579277039
4930.0 0.73213130235672
4940.0 0.7320342063903809
4950.0 0.7329006195068359
4960.0 0.733767032623291
4970.0 0.7379363775253296
4980.0 0.7421056628227234
4990.0 0.7446592450141907
5000.0 0.7472128868103027
5010.0 0.7499865889549255
5020.0 0.7527603507041931
5030.0 0.7526782751083374
5040.0 0.7525961995124817
5050.0 0.7546586394309998
5060.0 0.7567210793495178
5070.0 0.7622262835502625
5080.0 0.7677315473556519
5090.0 0.7704082131385803
5100.0 0.7730849385261536
5110.0 0.7716480493545532
5120.0 0.7702111601829529
5130.0 0.7706680297851562
5140.0 0.7711248993873596
5150.0 0.7729774117469788
5160.0 0.7748298645019531
5170.0 0.7744781374931335
5180.0 0.7741264700889587
5190.0 0.7765564918518066
5200.0 0.7789865732192993
5210.0 0.784180223941803
5220.0 0.7893739342689514
5230.0 0.7916050553321838
5240.0 0.7938361763954163
5250.0 0.794610857963562
5260.0 0.795385479927063
5270.0 0.7956754565238953
5280.0 0.7959654927253723
5290.0 0.796161949634552
5300.0 0.7963584661483765
5310.0 0.7987129092216492
5320.0 0.8010672926902771
5330.0 0.8044916987419128
5340.0 0.8079161047935486
5350.0 0.8126457333564758
5360.0 0.8173754215240479
5370.0 0.8189740180969238
5380.0 0.8205727338790894
5390.0 0.8237703442573547
5400.0 0.8269679546356201
5410.0 0.8436034321784973
5420.0 0.8602389097213745
5430.0 0.9081136584281921
5440.0 0.955988347530365
5450.0 0.9584587216377258
5460.0 0.9609291553497314
5470.0 0.7226774096488953
5480.0 0.4844256341457367
5490.0 0.2910377085208893
5500.0 0.09764977544546127
5510.0 0.05932169780135155
5520.0 0.020993612706661224
5530.0 0.012698104605078697
5540.0 0.004402597900480032
5550.0 0.0029389564879238605
5560.0 0.0014753146097064018
5570.0 0.001127975177951157
5580.0 0.0007806359208188951
5590.0 0.0006687990389764309
5600.0 0.0005569724598899484
5610.0 0.0004892306169494987
5620.0 0.0004214783839415759
5630.0 0.00037938766763545573
5640.0 0.0003372969222255051
5650.0 0.0
5660.0 0.0
5670.0 0.0
5680.0 0.0
5690.0 0.0
5700.0 0.0
