decam/transmission_system/n18/y_decam_c0005_10095.0_1130.0/2012-09-12T00:00:00.ecsv
# %ECSV 1.0
# ---
# datatype:
# - {name: wavelength, unit: Angstrom, datatype: float64}
# - {name: throughput, datatype: float64}
# meta: !!omap
# - {MODE: DETECTOR}
# - {TYPE: transmission_system}
# - {CALIBDATE: '2012-09-12T00:00:00'}
# - {INSTRUME: DECam}
# - {OBSTYPE: transmission_system}
# - {CALIBCLS: lsst.ip.isr.IntermediateSystemTransmissionCurve}
# - {DETECTOR: 49}
# - {DETECTOR_NAME: N18}
# - {SOURCE: Y_band_per_detector_throughput.fits}
# - {FILTER: Y DECam c0005 10095.0 1130.0}
# - {CALIB_CREATION_DATE: '2012-09-12'}
# - {CALIB_CREATION_TIME: '00:00:00'}
# schema: astropy-2.0
wavelength throughput
9250.0 0.0
9260.0 0.0
9270.0 0.0
9280.0 0.0
9290.0 0.0
9300.0 0.0
9310.0 0.005962052848190069
9320.0 0.00676907692104578
9330.0 0.0075761014595627785
9340.0 0.008590402081608772
9350.0 0.009604701772332191
9360.0 0.010934832505881786
9370.0 0.012264964170753956
9380.0 0.01436756830662489
9390.0 0.016470182687044144
9400.0 0.02015675976872444
9410.0 0.023843340575695038
9420.0 0.031268928200006485
9430.0 0.038694530725479126
9440.0 0.05636204034090042
9450.0 0.07402954995632172
9460.0 0.07384409010410309
9470.0 0.15231579542160034
9480.0 0.15506593883037567
9490.0 0.3017876148223877
9500.0 0.30541956424713135
9510.0 0.5186845064163208
9520.0 0.621902346611023
9530.0 0.7251203060150146
9540.0 0.7781524658203125
9550.0 0.8311846256256104
9560.0 0.8436578512191772
9570.0 0.8561310172080994
9580.0 0.8551943898200989
9590.0 0.8542577028274536
9600.0 0.8516660332679749
9610.0 0.8490743041038513
9620.0 0.8459829092025757
9630.0 0.8428915143013
9640.0 0.8409892320632935
9650.0 0.8390868902206421
9660.0 0.8369463086128235
9670.0 0.8348057270050049
9680.0 0.8313577175140381
9690.0 0.8279097080230713
9700.0 0.8254495859146118
9710.0 0.8229894042015076
9720.0 0.8142324686050415
9730.0 0.8054755330085754
9740.0 0.7995433807373047
9750.0 0.7936112284660339
9760.0 0.7872200012207031
9770.0 0.7808287143707275
9780.0 0.7742211222648621
9790.0 0.7676135301589966
9800.0 0.7616668939590454
9810.0 0.755720317363739
9820.0 0.7500176429748535
9830.0 0.7443150877952576
9840.0 0.7372435331344604
9850.0 0.7301720380783081
9860.0 0.7233735918998718
9870.0 0.7165751457214355
9880.0 0.7071479558944702
9890.0 0.6977208256721497
9900.0 0.6889449954032898
9910.0 0.6801691651344299
9920.0 0.6702677607536316
9930.0 0.660366415977478
9940.0 0.6523119211196899
9950.0 0.6442574262619019
9960.0 0.6345716714859009
9970.0 0.6248859167098999
9980.0 0.6155999898910522
9990.0 0.606313943862915
10000.0 0.5958899855613708
10010.0 0.5854660272598267
10020.0 0.5744631290435791
10030.0 0.5634602904319763
10040.0 0.5518100261688232
10050.0 0.5401597023010254
10060.0 0.5293008089065552
10070.0 0.518441915512085
10080.0 0.5064414143562317
10090.0 0.4944409430027008
10100.0 0.48191460967063904
10110.0 0.46938827633857727
10120.0 0.4574925899505615
10130.0 0.4455969035625458
10140.0 0.4338047504425049
10150.0 0.4220126271247864
10160.0 0.4108409881591797
10170.0 0.3996693193912506
10180.0 0.3876471221446991
10190.0 0.37562495470046997
10200.0 0.3643916845321655
10210.0 0.3531583845615387
10220.0 0.34187042713165283
10230.0 0.3305824100971222
10240.0 0.3192563056945801
10250.0 0.30793023109436035
10260.0 0.2974081039428711
10270.0 0.2868860065937042
10280.0 0.2774640917778015
10290.0 0.2680421769618988
10300.0 0.25757160782814026
10310.0 0.24710100889205933
10320.0 0.2366565316915512
10330.0 0.2262120544910431
10340.0 0.21427077054977417
10350.0 0.20232947170734406
10360.0 0.19005659222602844
10370.0 0.17778372764587402
10380.0 0.17111802101135254
10390.0 0.16445231437683105
10400.0 0.15989276766777039
10410.0 0.15533322095870972
10420.0 0.1511991024017334
10430.0 0.1470649689435959
10440.0 0.1429930180311203
10450.0 0.13892105221748352
10460.0 0.13496914505958557
10470.0 0.13101725280284882
10480.0 0.1273728311061859
10490.0 0.12372837960720062
10500.0 0.11953470855951309
10510.0 0.11534101516008377
10520.0 0.1123478040099144
10530.0 0.10935457050800323
10540.0 0.10720840096473694
10550.0 0.10506223142147064
10560.0 0.10388553142547607
10570.0 0.1027088314294815
10580.0 0.10118662565946579
10590.0 0.09966440498828888
10600.0 0.09490843862295151
10610.0 0.09015245735645294
10620.0 0.07918620854616165
10630.0 0.06821995973587036
10640.0 0.05390802398324013
10650.0 0.03959609940648079
10660.0 0.028658006340265274
10670.0 0.017719924449920654
10680.0 0.012295464985072613
10690.0 0.006871006451547146
10700.0 0.0
10710.0 0.0
10720.0 0.0
10730.0 0.0
10740.0 0.0
10750.0 0.0
