decam/transmission_system/s31/z_decam_sdss_c0004_9260.0_1520.0/2012-09-12T00:00:00.ecsv
# %ECSV 1.0
# ---
# datatype:
# - {name: wavelength, unit: Angstrom, datatype: float64}
# - {name: throughput, datatype: float64}
# meta: !!omap
# - {MODE: DETECTOR}
# - {TYPE: transmission_system}
# - {CALIBDATE: '2012-09-12T00:00:00'}
# - {INSTRUME: DECam}
# - {OBSTYPE: transmission_system}
# - {CALIBCLS: lsst.ip.isr.IntermediateSystemTransmissionCurve}
# - {DETECTOR: 3}
# - {DETECTOR_NAME: S31}
# - {SOURCE: z_band_per_detector_throughput.fits}
# - {FILTER: z DECam SDSS c0004 9260.0 1520.0}
# - {CALIB_CREATION_DATE: '2012-09-12'}
# - {CALIB_CREATION_TIME: '00:00:00'}
# schema: astropy-2.0
wavelength throughput
8200.0 0.0
8210.0 0.0
8220.0 0.0
8230.0 0.0
8240.0 0.0
8250.0 0.0
8260.0 0.006284893490374088
8270.0 0.007034135051071644
8280.0 0.007214326411485672
8290.0 0.007729758508503437
8300.0 0.008245190605521202
8310.0 0.00878238957375288
8320.0 0.00998676847666502
8330.0 0.011191146448254585
8340.0 0.012395525351166725
8350.0 0.0175901111215353
8360.0 0.01892803981900215
8370.0 0.02026597037911415
8380.0 0.021603912115097046
8390.0 0.03352924436330795
8400.0 0.04222841560840607
8410.0 0.05092759057879448
8420.0 0.05962676554918289
8430.0 0.1279337853193283
8440.0 0.12164252251386642
8450.0 0.18729615211486816
8460.0 0.2529498040676117
8470.0 0.46249544620513916
8480.0 0.45696523785591125
8490.0 0.5838350057601929
8500.0 0.7107046842575073
8510.0 0.7970417141914368
8520.0 0.8833787441253662
8530.0 0.9261521697044373
8540.0 0.9689256548881531
8550.0 0.9762458205223083
8560.0 0.9835659265518188
8570.0 0.9754237532615662
8580.0 0.985095202922821
8590.0 0.9711213707923889
8600.0 0.970084011554718
8610.0 0.9764025807380676
8620.0 0.9814426898956299
8630.0 0.990606427192688
8640.0 0.9994983673095703
8650.0 1.0010267496109009
8660.0 0.9981685280799866
8670.0 1.0060423612594604
8680.0 1.0062024593353271
8690.0 1.0063625574111938
8700.0 1.0067983865737915
8710.0 1.0072342157363892
8720.0 1.0072380304336548
8730.0 1.00724196434021
8740.0 1.0065563917160034
8750.0 1.0077171325683594
8760.0 1.0085750818252563
8770.0 1.0094329118728638
8780.0 1.0112656354904175
8790.0 1.0130984783172607
8800.0 1.015476942062378
8810.0 1.0178554058074951
8820.0 1.0210888385772705
8830.0 1.0243221521377563
8840.0 1.0269170999526978
8850.0 1.0295119285583496
8860.0 1.031524896621704
8870.0 1.0335379838943481
8880.0 1.0347468852996826
8890.0 1.035955786705017
8900.0 1.031800627708435
8910.0 1.0301507711410522
8920.0 1.0284829139709473
8930.0 1.0268150568008423
8940.0 1.0251470804214478
8950.0 1.0235809087753296
8960.0 1.0220147371292114
8970.0 1.021927833557129
8980.0 1.0218408107757568
8990.0 1.0231634378433228
9000.0 1.0244859457015991
9010.0 1.0268136262893677
9020.0 1.0291413068771362
9030.0 1.031516194343567
9040.0 1.033891201019287
9050.0 1.0343834161758423
9060.0 1.0378698110580444
9070.0 1.037075161933899
9080.0 1.0362803936004639
9090.0 1.0339617729187012
9100.0 1.031643033027649
9110.0 1.0290473699569702
9120.0 1.0302077531814575
9130.0 1.0281533002853394
9140.0 1.0265331268310547
9150.0 1.0276978015899658
9160.0 1.0274693965911865
9170.0 1.0272411108016968
9180.0 1.028374433517456
9190.0 1.0295076370239258
9200.0 1.0289300680160522
9210.0 1.0283524990081787
9220.0 1.0274200439453125
9230.0 1.0264875888824463
9240.0 1.0212563276290894
9250.0 1.0160249471664429
9260.0 1.0118902921676636
9270.0 1.0077557563781738
9280.0 0.9991242289543152
9290.0 0.9904928207397461
9300.0 0.9834097027778625
9310.0 0.9763267040252686
9320.0 0.9691174626350403
9330.0 0.961908221244812
9340.0 0.9514155387878418
9350.0 0.9409227967262268
9360.0 0.9283339381217957
9370.0 0.915744960308075
9380.0 0.9070014953613281
9390.0 0.8982580304145813
9400.0 0.8867092728614807
9410.0 0.8751605749130249
9420.0 0.8673887252807617
9430.0 0.8596168756484985
9440.0 0.8534666299819946
9450.0 0.8575623035430908
9460.0 0.8589946627616882
9470.0 0.858290433883667
9480.0 0.8590782284736633
9490.0 0.8598660826683044
9500.0 0.8596975803375244
9510.0 0.8628049492835999
9520.0 0.8640092611312866
9530.0 0.8652136921882629
9540.0 0.866929292678833
9550.0 0.8686448931694031
9560.0 0.8707591891288757
9570.0 0.8728734254837036
9580.0 0.8732669949531555
9590.0 0.8736605048179626
9600.0 0.8713995218276978
9610.0 0.8691385388374329
9620.0 0.8667120933532715
9630.0 0.8642855882644653
9640.0 0.8606325387954712
9650.0 0.8569793701171875
9660.0 0.8538460731506348
9670.0 0.8507127165794373
9680.0 0.8469719886779785
9690.0 0.843231201171875
9700.0 0.839490532875061
9710.0 0.8357498049736023
9720.0 0.8313276767730713
9730.0 0.8269055485725403
9740.0 0.8226533532142639
9750.0 0.8184010982513428
9760.0 0.8120321035385132
9770.0 0.805662989616394
9780.0 0.7973055839538574
9790.0 0.7889482378959656
9800.0 0.7797714471817017
9810.0 0.7705946564674377
9820.0 0.7604911923408508
9830.0 0.7503877282142639
9840.0 0.7403422594070435
9850.0 0.7302968502044678
9860.0 0.7199736833572388
9870.0 0.709650456905365
9880.0 0.6997589468955994
9890.0 0.6898674368858337
9900.0 0.6760955452919006
9910.0 0.6623235940933228
9920.0 0.6411674618721008
9930.0 0.6200112700462341
9940.0 0.5828071236610413
9950.0 0.5456030964851379
9960.0 0.5013578534126282
9970.0 0.4571126401424408
9980.0 0.40941542387008667
9990.0 0.36171820759773254
10000.0 0.310901403427124
10010.0 0.2600845992565155
10020.0 0.20191064476966858
10030.0 0.14373667538166046
10040.0 0.10108020156621933
10050.0 0.058423738926649094
10060.0 0.039953090250492096
10070.0 0.0214824378490448
10080.0 0.015406055375933647
10090.0 0.00932968407869339
10100.0 0.006973652634769678
10110.0 0.004617620725184679
10120.0 0.00336252199485898
10130.0 0.0021074125543236732
10140.0 0.0020971521735191345
10150.0 0.0
10160.0 0.0
10170.0 0.0
10180.0 0.0
10190.0 0.0
10200.0 0.0
