decam/transmission_system/n22/r_decam_sdss_c0002_6415.0_1480.0/2012-09-12T00:00:00.ecsv
# %ECSV 1.0
# ---
# datatype:
# - {name: wavelength, unit: Angstrom, datatype: float64}
# - {name: throughput, datatype: float64}
# meta: !!omap
# - {MODE: DETECTOR}
# - {TYPE: transmission_system}
# - {CALIBDATE: '2012-09-12T00:00:00'}
# - {INSTRUME: DECam}
# - {OBSTYPE: transmission_system}
# - {CALIBCLS: lsst.ip.isr.IntermediateSystemTransmissionCurve}
# - {DETECTOR: 53}
# - {DETECTOR_NAME: N22}
# - {SOURCE: r_band_per_detector_throughput.fits}
# - {FILTER: r DECam SDSS c0002 6415.0 1480.0}
# - {CALIB_CREATION_DATE: '2012-09-12'}
# - {CALIB_CREATION_TIME: '00:00:00'}
# schema: astropy-2.0
wavelength throughput
5350.0 0.0
5360.0 0.0
5370.0 0.0
5380.0 0.0
5390.0 0.0
5400.0 0.0
5410.0 0.002499054651707411
5420.0 0.002807720098644495
5430.0 0.0032274227123707533
5440.0 0.0036471253260970116
5450.0 0.004169774707406759
5460.0 0.004692425020039082
5470.0 0.005259367171674967
5480.0 0.005826309323310852
5490.0 0.006675154436379671
5500.0 0.007523988839238882
5510.0 0.00849944818764925
5520.0 0.00947489868849516
5530.0 0.010663564316928387
5540.0 0.011852240189909935
5550.0 0.013523365370929241
5560.0 0.015194491483271122
5570.0 0.01753324270248413
5580.0 0.01987200230360031
5590.0 0.023846164345741272
5600.0 0.027820326387882233
5610.0 0.03835112974047661
5620.0 0.04888191446661949
5630.0 0.08801890164613724
5640.0 0.12715588510036469
5650.0 0.23673847317695618
5660.0 0.3463210463523865
5670.0 0.4990200698375702
5680.0 0.6517190337181091
5690.0 0.7265225648880005
5700.0 0.8013260364532471
5710.0 0.812270998954773
5720.0 0.8232159614562988
5730.0 0.8270550966262817
5740.0 0.8308942914009094
5750.0 0.8362305164337158
5760.0 0.841566801071167
5770.0 0.8454493284225464
5780.0 0.8493318557739258
5790.0 0.8513725399971008
5800.0 0.8534132838249207
5810.0 0.8580105304718018
5820.0 0.8626077771186829
5830.0 0.8639185428619385
5840.0 0.8652293086051941
5850.0 0.864376962184906
5860.0 0.8635245561599731
5870.0 0.8614106178283691
5880.0 0.8592966198921204
5890.0 0.8592466711997986
5900.0 0.8591967225074768
5910.0 0.8624275326728821
5920.0 0.8656584024429321
5930.0 0.8673325777053833
5940.0 0.8690067529678345
5950.0 0.8677485585212708
5960.0 0.8664903044700623
5970.0 0.8671174049377441
5980.0 0.867744505405426
5990.0 0.8702791333198547
6000.0 0.8728137612342834
6010.0 0.8740936517715454
6020.0 0.8753736019134521
6030.0 0.8777164220809937
6040.0 0.8793280124664307
6050.0 0.880300760269165
6060.0 0.8812735676765442
6070.0 0.8800379037857056
6080.0 0.8788022398948669
6090.0 0.8790279626846313
6100.0 0.8792536854743958
6110.0 0.8823343515396118
6120.0 0.8854150176048279
6130.0 0.8879925608634949
6140.0 0.8905701637268066
6150.0 0.8909915089607239
6160.0 0.8914128541946411
6170.0 0.893098771572113
6180.0 0.894784688949585
6190.0 0.8950831294059753
6200.0 0.8953816294670105
6210.0 0.8950233459472656
6220.0 0.8946651220321655
6230.0 0.8957729935646057
6240.0 0.8968808650970459
6250.0 0.8968083262443542
6260.0 0.8967357873916626
6270.0 0.8971141576766968
6280.0 0.897492527961731
6290.0 0.8998129367828369
6300.0 0.9021333456039429
6310.0 0.9024407267570496
6320.0 0.9027479887008667
6330.0 0.9019449353218079
6340.0 0.9011419415473938
6350.0 0.9032688736915588
6360.0 0.9053958058357239
6370.0 0.9073545336723328
6380.0 0.9093133211135864
6390.0 0.9092605710029602
6400.0 0.9092077612876892
6410.0 0.9101706147193909
6420.0 0.9111335277557373
6430.0 0.9108480215072632
6440.0 0.9105624556541443
6450.0 0.90972900390625
6460.0 0.9088954925537109
6470.0 0.9097263813018799
6480.0 0.9105572700500488
6490.0 0.9110426306724548
6500.0 0.9115279912948608
6510.0 0.9104160070419312
6520.0 0.9093040227890015
6530.0 0.9109662771224976
6540.0 0.9126284718513489
6550.0 0.9150012135505676
6560.0 0.9173740148544312
6570.0 0.9178453087806702
6580.0 0.9183166027069092
6590.0 0.9187490344047546
6600.0 0.9191814661026001
6610.0 0.9185701012611389
6620.0 0.917958676815033
6630.0 0.9169163703918457
6640.0 0.9158740043640137
6650.0 0.9154242277145386
6660.0 0.9149743914604187
6670.0 0.9170995354652405
6680.0 0.9192246794700623
6690.0 0.9212579131126404
6700.0 0.9232910871505737
6710.0 0.9233824014663696
6720.0 0.9234737157821655
6730.0 0.9229718446731567
6740.0 0.922469973564148
6750.0 0.9212658405303955
6760.0 0.9200615882873535
6770.0 0.9194855690002441
6780.0 0.9189096093177795
6790.0 0.9198423624038696
6800.0 0.9207751154899597
6810.0 0.92084139585495
6820.0 0.9209076166152954
6830.0 0.9209387898445129
6840.0 0.9209700226783752
6850.0 0.9206963777542114
6860.0 0.9204227924346924
6870.0 0.9198324680328369
6880.0 0.9192421436309814
6890.0 0.9190977215766907
6900.0 0.9189533591270447
6910.0 0.9170256853103638
6920.0 0.9150980710983276
6930.0 0.9143200516700745
6940.0 0.9135420322418213
6950.0 0.9131404161453247
6960.0 0.9127388000488281
6970.0 0.9114543795585632
6980.0 0.9101699590682983
6990.0 0.9102575182914734
7000.0 0.9103450775146484
7010.0 0.9115926027297974
7020.0 0.9128400683403015
7030.0 0.9102856516838074
7040.0 0.9077311754226685
7050.0 0.904895544052124
7060.0 0.9020599126815796
7070.0 0.8958452939987183
7080.0 0.8896306157112122
7090.0 0.87164306640625
7100.0 0.8536555171012878
7110.0 0.8493847250938416
7120.0 0.8451138138771057
7130.0 0.8053078055381775
7140.0 0.765501856803894
7150.0 0.5964900851249695
7160.0 0.4274783730506897
7170.0 0.2853652834892273
7180.0 0.1432521939277649
7190.0 0.09272017329931259
7200.0 0.042188163846731186
7210.0 0.027133798226714134
7220.0 0.012079444713890553
7230.0 0.009484421461820602
7240.0 0.00688939867541194
7250.0 0.004833049140870571
7260.0 0.0027766998391598463
7270.0 0.0020847420673817396
7280.0 0.0013927739346399903
7290.0 0.0010983363026753068
7300.0 0.0008038881351239979
7310.0 0.0006927054491825402
7320.0 0.0005815124604851007
7330.0 0.0005114962696097791
7340.0 0.0004414904396981001
7350.0 0.0
7360.0 0.0
7370.0 0.0
7380.0 0.0
7390.0 0.0
7400.0 0.0
