decam/transmission_system/n5/z_decam_sdss_c0004_9260.0_1520.0/2012-09-12T00:00:00.ecsv
# %ECSV 1.0
# ---
# datatype:
# - {name: wavelength, unit: Angstrom, datatype: float64}
# - {name: throughput, datatype: float64}
# meta: !!omap
# - {MODE: DETECTOR}
# - {TYPE: transmission_system}
# - {CALIBDATE: '2012-09-12T00:00:00'}
# - {INSTRUME: DECam}
# - {OBSTYPE: transmission_system}
# - {CALIBCLS: lsst.ip.isr.IntermediateSystemTransmissionCurve}
# - {DETECTOR: 36}
# - {DETECTOR_NAME: N5}
# - {SOURCE: z_band_per_detector_throughput.fits}
# - {FILTER: z DECam SDSS c0004 9260.0 1520.0}
# - {CALIB_CREATION_DATE: '2012-09-12'}
# - {CALIB_CREATION_TIME: '00:00:00'}
# schema: astropy-2.0
wavelength throughput
8200.0 0.0
8210.0 0.0
8220.0 0.0
8230.0 0.0
8240.0 0.0
8250.0 0.0
8260.0 0.004471274558454752
8270.0 0.005171010736376047
8280.0 0.005237848963588476
8290.0 0.005678654182702303
8300.0 0.00611945940181613
8310.0 0.006406325846910477
8320.0 0.007410698104649782
8330.0 0.008415070362389088
8340.0 0.009419442154467106
8350.0 0.013525079004466534
8360.0 0.014117973856627941
8370.0 0.014710868708789349
8380.0 0.015303762629628181
8390.0 0.021791279315948486
8400.0 0.02540154755115509
8410.0 0.029011815786361694
8420.0 0.032622095197439194
8430.0 0.058675460517406464
8440.0 0.05292757973074913
8450.0 0.07955670356750488
8460.0 0.10618582367897034
8470.0 0.23237831890583038
8480.0 0.22886791825294495
8490.0 0.3490069508552551
8500.0 0.4691460132598877
8510.0 0.6000559329986572
8520.0 0.7309657335281372
8530.0 0.8238144516944885
8540.0 0.9166632294654846
8550.0 0.9549351334571838
8560.0 0.9932069778442383
8570.0 1.0046411752700806
8580.0 1.0156575441360474
8590.0 0.9956436157226562
8600.0 0.9954182505607605
8610.0 0.9902085661888123
8620.0 0.9956807494163513
8630.0 0.9998727440834045
8640.0 1.0091042518615723
8650.0 1.0096815824508667
8660.0 1.007811427116394
8670.0 1.0148333311080933
8680.0 1.014159917831421
8690.0 1.0134865045547485
8700.0 1.0137622356414795
8710.0 1.014037847518921
8720.0 1.0147995948791504
8730.0 1.0155613422393799
8740.0 1.0148063898086548
8750.0 1.0184073448181152
8760.0 1.0201836824417114
8770.0 1.0219600200653076
8780.0 1.0234171152114868
8790.0 1.024874210357666
8800.0 1.0254448652267456
8810.0 1.0260154008865356
8820.0 1.0265827178955078
8830.0 1.0271499156951904
8840.0 1.0273460149765015
8850.0 1.0275421142578125
8860.0 1.0284454822540283
8870.0 1.0293487310409546
8880.0 1.0312514305114746
8890.0 1.033154010772705
8900.0 1.0290262699127197
8910.0 1.0309476852416992
8920.0 1.0306004285812378
8930.0 1.030253291130066
8940.0 1.0299060344696045
8950.0 1.0294522047042847
8960.0 1.0289983749389648
8970.0 1.02883780002594
8980.0 1.0286773443222046
8990.0 1.0292694568634033
9000.0 1.0298616886138916
9010.0 1.0312530994415283
9020.0 1.0326443910598755
9030.0 1.0342077016830444
9040.0 1.035771131515503
9050.0 1.0357199907302856
9060.0 1.038523554801941
9070.0 1.0373014211654663
9080.0 1.0360792875289917
9090.0 1.0335829257965088
9100.0 1.0310864448547363
9110.0 1.0277665853500366
9120.0 1.0294300317764282
9130.0 1.024808406829834
9140.0 1.0253065824508667
9150.0 1.025200605392456
9160.0 1.024154543876648
9170.0 1.0231083631515503
9180.0 1.0228246450424194
9190.0 1.0225409269332886
9200.0 1.0202257633209229
9210.0 1.0179107189178467
9220.0 1.0153497457504272
9230.0 1.0127887725830078
9240.0 1.0066787004470825
9250.0 1.0005686283111572
9260.0 0.996789276599884
9270.0 0.9930098056793213
9280.0 0.9862879514694214
9290.0 0.9795660972595215
9300.0 0.9752954840660095
9310.0 0.9710248708724976
9320.0 0.9665333032608032
9330.0 0.9620417952537537
9340.0 0.95344477891922
9350.0 0.9448477625846863
9360.0 0.9325606822967529
9370.0 0.9202736020088196
9380.0 0.9105457663536072
9390.0 0.90081787109375
9400.0 0.8879077434539795
9410.0 0.8749974966049194
9420.0 0.866378664970398
9430.0 0.857759952545166
9440.0 0.8513904213905334
9450.0 0.8556545376777649
9460.0 0.8558787703514099
9470.0 0.8576318025588989
9480.0 0.8596115708351135
9490.0 0.8615912199020386
9500.0 0.8607985973358154
9510.0 0.864749550819397
9520.0 0.8648325800895691
9530.0 0.8649154901504517
9540.0 0.8644158840179443
9550.0 0.8639163374900818
9560.0 0.8631913661956787
9570.0 0.8624663352966309
9580.0 0.8604442477226257
9590.0 0.8584222197532654
9600.0 0.8552632331848145
9610.0 0.852104127407074
9620.0 0.8505882620811462
9630.0 0.8490723371505737
9640.0 0.8481943607330322
9650.0 0.8473163843154907
9660.0 0.8469401597976685
9670.0 0.8465639352798462
9680.0 0.8425744771957397
9690.0 0.8385850191116333
9700.0 0.8345955014228821
9710.0 0.8306060433387756
9720.0 0.8262292146682739
9730.0 0.8218523859977722
9740.0 0.8177139759063721
9750.0 0.8135756850242615
9760.0 0.8083527684211731
9770.0 0.8031297326087952
9780.0 0.8006337285041809
9790.0 0.7981376051902771
9800.0 0.7884981036186218
9810.0 0.7788586616516113
9820.0 0.7704734802246094
9830.0 0.7620883584022522
9840.0 0.7537320256233215
9850.0 0.7453756928443909
9860.0 0.7378178238868713
9870.0 0.730259895324707
9880.0 0.7284883260726929
9890.0 0.7267167568206787
9900.0 0.7308745384216309
9910.0 0.7350322008132935
9920.0 0.7395294904708862
9930.0 0.7440267205238342
9940.0 0.7195007801055908
9950.0 0.694974958896637
9960.0 0.6221666932106018
9970.0 0.5493584275245667
9980.0 0.4426386058330536
9990.0 0.3359187841415405
10000.0 0.2503063678741455
10010.0 0.16469396650791168
10020.0 0.11702729761600494
10030.0 0.06936062127351761
10040.0 0.04870207980275154
10050.0 0.028043530881404877
10060.0 0.01998666301369667
10070.0 0.011929785832762718
10080.0 0.009055892005562782
10090.0 0.006181997712701559
10100.0 0.004870092496275902
10110.0 0.003558187512680888
10120.0 0.0026567522436380386
10130.0 0.0017553274519741535
10140.0 0.0018266522092744708
10150.0 0.0
10160.0 0.0
10170.0 0.0
10180.0 0.0
10190.0 0.0
10200.0 0.0
