decam/transmission_system/n11/y_decam_c0005_10095.0_1130.0/2012-09-12T00:00:00.ecsv
# %ECSV 1.0
# ---
# datatype:
# - {name: wavelength, unit: Angstrom, datatype: float64}
# - {name: throughput, datatype: float64}
# meta: !!omap
# - {MODE: DETECTOR}
# - {TYPE: transmission_system}
# - {CALIBDATE: '2012-09-12T00:00:00'}
# - {INSTRUME: DECam}
# - {OBSTYPE: transmission_system}
# - {CALIBCLS: lsst.ip.isr.IntermediateSystemTransmissionCurve}
# - {DETECTOR: 42}
# - {DETECTOR_NAME: N11}
# - {SOURCE: Y_band_per_detector_throughput.fits}
# - {FILTER: Y DECam c0005 10095.0 1130.0}
# - {CALIB_CREATION_DATE: '2012-09-12'}
# - {CALIB_CREATION_TIME: '00:00:00'}
# schema: astropy-2.0
wavelength throughput
9250.0 0.0
9260.0 0.0
9270.0 0.0
9280.0 0.0
9290.0 0.0
9300.0 0.0
9310.0 0.005791238974779844
9320.0 0.006600433494895697
9330.0 0.007409639190882444
9340.0 0.008488699793815613
9350.0 0.009567772038280964
9360.0 0.01092890277504921
9370.0 0.012290033511817455
9380.0 0.014359966851770878
9390.0 0.01642988994717598
9400.0 0.0198100246489048
9410.0 0.02319015935063362
9420.0 0.029474325478076935
9430.0 0.03575849533081055
9440.0 0.049809981137514114
9450.0 0.06386146694421768
9460.0 0.06387868523597717
9470.0 0.12924928963184357
9480.0 0.13218528032302856
9490.0 0.2721193730831146
9500.0 0.2781362533569336
9510.0 0.5091570019721985
9520.0 0.6180880665779114
9530.0 0.727019190788269
9540.0 0.7747878432273865
9550.0 0.8225564956665039
9560.0 0.8350993394851685
9570.0 0.8476421236991882
9580.0 0.8488820791244507
9590.0 0.8501219749450684
9600.0 0.8480262756347656
9610.0 0.8459306359291077
9620.0 0.8420935273170471
9630.0 0.8382564187049866
9640.0 0.8359176516532898
9650.0 0.8335788249969482
9660.0 0.8314985036849976
9670.0 0.8294180631637573
9680.0 0.8269237279891968
9690.0 0.8244292736053467
9700.0 0.8228678703308105
9710.0 0.8213064670562744
9720.0 0.8135267496109009
9730.0 0.8057470917701721
9740.0 0.8001854419708252
9750.0 0.7946237325668335
9760.0 0.7882481813430786
9770.0 0.7818725109100342
9780.0 0.7746354937553406
9790.0 0.767398476600647
9800.0 0.7607481479644775
9810.0 0.7540978193283081
9820.0 0.7478886842727661
9830.0 0.7416796088218689
9840.0 0.7345160841941833
9850.0 0.7273525595664978
9860.0 0.7208197712898254
9870.0 0.7142870426177979
9880.0 0.7051953077316284
9890.0 0.696103572845459
9900.0 0.687600314617157
9910.0 0.6790971159934998
9920.0 0.6693254113197327
9930.0 0.6595537066459656
9940.0 0.6513697504997253
9950.0 0.6431857943534851
9960.0 0.6333417892456055
9970.0 0.6234977841377258
9980.0 0.6140732765197754
9990.0 0.604648768901825
10000.0 0.5943167209625244
10010.0 0.5839847326278687
10020.0 0.5732671618461609
10030.0 0.5625496506690979
10040.0 0.5512332320213318
10050.0 0.5399168133735657
10060.0 0.5293907523155212
10070.0 0.5188646912574768
10080.0 0.5070183277130127
10090.0 0.49517199397087097
10100.0 0.482615202665329
10110.0 0.470058411359787
10120.0 0.45813363790512085
10130.0 0.4462088644504547
10140.0 0.4343252182006836
10150.0 0.4224415719509125
10160.0 0.4112789034843445
10170.0 0.4001162052154541
10180.0 0.3881925344467163
10190.0 0.37626880407333374
10200.0 0.36522191762924194
10210.0 0.35417500138282776
10220.0 0.34297245740890503
10230.0 0.3317699134349823
10240.0 0.3204742670059204
10250.0 0.3091786205768585
10260.0 0.29860982298851013
10270.0 0.28804105520248413
10280.0 0.2785383462905884
10290.0 0.2690356969833374
10300.0 0.25842973589897156
10310.0 0.2478237897157669
10320.0 0.23739339411258698
10330.0 0.22696299850940704
10340.0 0.2149849236011505
10350.0 0.20300684869289398
10360.0 0.19078874588012695
10370.0 0.17857065796852112
10380.0 0.17196039855480194
10390.0 0.16535015404224396
10400.0 0.16082225739955902
10410.0 0.15629436075687408
10420.0 0.1521347165107727
10430.0 0.14797507226467133
10440.0 0.1437571942806244
10450.0 0.13953934609889984
10460.0 0.13536196947097778
10470.0 0.13118457794189453
10480.0 0.12725141644477844
10490.0 0.12331827729940414
10500.0 0.11886748671531677
10510.0 0.1144166886806488
10520.0 0.11124128103256226
10530.0 0.10806585103273392
10540.0 0.1058620885014534
10550.0 0.10365832597017288
10560.0 0.10255222022533417
10570.0 0.10144609957933426
10580.0 0.10043201595544815
10590.0 0.09941793978214264
10600.0 0.09667707234621048
10610.0 0.09393619745969772
10620.0 0.08589581400156021
10630.0 0.0778554379940033
10640.0 0.06461433321237564
10650.0 0.05137323588132858
10660.0 0.03845086321234703
10670.0 0.025528494268655777
10680.0 0.01788368634879589
10690.0 0.010238876566290855
10700.0 0.0
10710.0 0.0
10720.0 0.0
10730.0 0.0
10740.0 0.0
10750.0 0.0
