decam/transmission_system/s26/r_decam_sdss_c0002_6415.0_1480.0/2012-09-12T00:00:00.ecsv
# %ECSV 1.0
# ---
# datatype:
# - {name: wavelength, unit: Angstrom, datatype: float64}
# - {name: throughput, datatype: float64}
# meta: !!omap
# - {MODE: DETECTOR}
# - {TYPE: transmission_system}
# - {CALIBDATE: '2012-09-12T00:00:00'}
# - {INSTRUME: DECam}
# - {OBSTYPE: transmission_system}
# - {CALIBCLS: lsst.ip.isr.IntermediateSystemTransmissionCurve}
# - {DETECTOR: 5}
# - {DETECTOR_NAME: S26}
# - {SOURCE: r_band_per_detector_throughput.fits}
# - {FILTER: r DECam SDSS c0002 6415.0 1480.0}
# - {CALIB_CREATION_DATE: '2012-09-12'}
# - {CALIB_CREATION_TIME: '00:00:00'}
# schema: astropy-2.0
wavelength throughput
5350.0 0.0
5360.0 0.0
5370.0 0.0
5380.0 0.0
5390.0 0.0
5400.0 0.0
5410.0 0.0031022822950035334
5420.0 0.0034547520335763693
5430.0 0.0039664036594331264
5440.0 0.004478055983781815
5450.0 0.005097048357129097
5460.0 0.0057160509750247
5470.0 0.0063309199176728725
5480.0 0.00694580003619194
5490.0 0.00784907303750515
5500.0 0.00875234603881836
5510.0 0.009783085435628891
5520.0 0.010813826695084572
5530.0 0.012065643444657326
5540.0 0.0133174704387784
5550.0 0.014984151348471642
5560.0 0.016650842502713203
5570.0 0.018895171582698822
5580.0 0.021139511838555336
5590.0 0.024699505418539047
5600.0 0.028259510174393654
5610.0 0.036240577697753906
5620.0 0.04422164335846901
5630.0 0.07027743756771088
5640.0 0.09633323550224304
5650.0 0.17907436192035675
5660.0 0.26181548833847046
5670.0 0.4220483601093292
5680.0 0.582281231880188
5690.0 0.6818615794181824
5700.0 0.7814418077468872
5710.0 0.7969839572906494
5720.0 0.8125260472297668
5730.0 0.8173329830169678
5740.0 0.8221399784088135
5750.0 0.825977623462677
5760.0 0.8298152089118958
5770.0 0.8308061957359314
5780.0 0.8317971229553223
5790.0 0.8333215713500977
5800.0 0.834846019744873
5810.0 0.8399137854576111
5820.0 0.8449814915657043
5830.0 0.8470304608345032
5840.0 0.849079430103302
5850.0 0.8485738039016724
5860.0 0.8480682969093323
5870.0 0.8454597592353821
5880.0 0.8428511619567871
5890.0 0.8431558609008789
5900.0 0.8434605598449707
5910.0 0.8479309678077698
5920.0 0.8524013757705688
5930.0 0.8550829291343689
5940.0 0.857764482498169
5950.0 0.8582296967506409
5960.0 0.858694851398468
5970.0 0.8601115942001343
5980.0 0.861528217792511
5990.0 0.8632367849349976
6000.0 0.8649452924728394
6010.0 0.8670706152915955
6020.0 0.8691959977149963
6030.0 0.866919994354248
6040.0 0.8728559613227844
6050.0 0.8732966184616089
6060.0 0.8737373352050781
6070.0 0.8724271655082703
6080.0 0.8711169958114624
6090.0 0.8721409440040588
6100.0 0.8731649518013
6110.0 0.8769229650497437
6120.0 0.8806809186935425
6130.0 0.8831435441970825
6140.0 0.8856061697006226
6150.0 0.8874139785766602
6160.0 0.8892217874526978
6170.0 0.8914546370506287
6180.0 0.8936874866485596
6190.0 0.8932864665985107
6200.0 0.8928853869438171
6210.0 0.8936019539833069
6220.0 0.8943185210227966
6230.0 0.8953031301498413
6240.0 0.896287739276886
6250.0 0.8962746262550354
6260.0 0.8962615728378296
6270.0 0.898108959197998
6280.0 0.8999564051628113
6290.0 0.9026637077331543
6300.0 0.9053710699081421
6310.0 0.9052994251251221
6320.0 0.905227780342102
6330.0 0.9057695269584656
6340.0 0.9063112735748291
6350.0 0.9090136885643005
6360.0 0.9117160439491272
6370.0 0.9133864045143127
6380.0 0.9150567650794983
6390.0 0.915086567401886
6400.0 0.9151163101196289
6410.0 0.9158063530921936
6420.0 0.9164965152740479
6430.0 0.9162970185279846
6440.0 0.9160974025726318
6450.0 0.916375994682312
6460.0 0.9166545271873474
6470.0 0.9178826808929443
6480.0 0.9191108345985413
6490.0 0.9190403819084167
6500.0 0.9189698696136475
6510.0 0.9191114902496338
6520.0 0.9192531704902649
6530.0 0.9217078685760498
6540.0 0.9241625666618347
6550.0 0.9263787269592285
6560.0 0.9285948872566223
6570.0 0.9294243454933167
6580.0 0.9302538633346558
6590.0 0.9308447241783142
6600.0 0.9314355254173279
6610.0 0.9311131834983826
6620.0 0.9307907819747925
6630.0 0.9287832379341125
6640.0 0.9267756938934326
6650.0 0.9271480441093445
6660.0 0.9275203347206116
6670.0 0.9302390813827515
6680.0 0.9329578876495361
6690.0 0.9350840449333191
6700.0 0.937210202217102
6710.0 0.9378833174705505
6720.0 0.9385565519332886
6730.0 0.9381970763206482
6740.0 0.9378376007080078
6750.0 0.936852216720581
6760.0 0.9358668923377991
6770.0 0.9359665513038635
6780.0 0.9360661506652832
6790.0 0.9374723434448242
6800.0 0.9388784170150757
6810.0 0.939300000667572
6820.0 0.9397215247154236
6830.0 0.9400858879089355
6840.0 0.9404502511024475
6850.0 0.9407874941825867
6860.0 0.9411247372627258
6870.0 0.9410049319267273
6880.0 0.9408852458000183
6890.0 0.9406679272651672
6900.0 0.9404505491256714
6910.0 0.9393348693847656
6920.0 0.9382192492485046
6930.0 0.9379793405532837
6940.0 0.9377394318580627
6950.0 0.9371391534805298
6960.0 0.9365388751029968
6970.0 0.9358001351356506
6980.0 0.935061514377594
6990.0 0.9360604882240295
7000.0 0.9370594620704651
7010.0 0.9372721910476685
7020.0 0.9374849796295166
7030.0 0.933579683303833
7040.0 0.9296744465827942
7050.0 0.9257127046585083
7060.0 0.9217510223388672
7070.0 0.9083302617073059
7080.0 0.8949095010757446
7090.0 0.876442015171051
7100.0 0.8579744100570679
7110.0 0.8522184491157532
7120.0 0.846462607383728
7130.0 0.75895094871521
7140.0 0.6714392900466919
7150.0 0.48415520787239075
7160.0 0.2968711256980896
7170.0 0.19169560074806213
7180.0 0.08652006834745407
7190.0 0.056153301149606705
7200.0 0.02578653208911419
7210.0 0.01678391732275486
7220.0 0.007781300228089094
7230.0 0.006187315098941326
7240.0 0.004593319725245237
7250.0 0.0033602374605834484
7260.0 0.0021271444857120514
7270.0 0.0016257008537650108
7280.0 0.001124257338233292
7290.0 0.0009179163025692105
7300.0 0.000711575208697468
7310.0 0.0006215157336555421
7320.0 0.0005314459558576345
7330.0 0.00047516924678348005
7340.0 0.0004188925086054951
7350.0 0.0
7360.0 0.0
7370.0 0.0
7380.0 0.0
7390.0 0.0
7400.0 0.0
