decam/transmission_system/n28/i_decam_sdss_c0003_7835.0_1470.0/2012-09-12T00:00:00.ecsv
# %ECSV 1.0
# ---
# datatype:
# - {name: wavelength, unit: Angstrom, datatype: float64}
# - {name: throughput, datatype: float64}
# meta: !!omap
# - {MODE: DETECTOR}
# - {TYPE: transmission_system}
# - {CALIBDATE: '2012-09-12T00:00:00'}
# - {INSTRUME: DECam}
# - {OBSTYPE: transmission_system}
# - {CALIBCLS: lsst.ip.isr.IntermediateSystemTransmissionCurve}
# - {DETECTOR: 59}
# - {DETECTOR_NAME: N28}
# - {SOURCE: i_band_per_detector_throughput.fits}
# - {FILTER: i DECam SDSS c0003 7835.0 1470.0}
# - {CALIB_CREATION_DATE: '2012-09-12'}
# - {CALIB_CREATION_TIME: '00:00:00'}
# schema: astropy-2.0
wavelength throughput
6700.0 0.0
6710.0 0.0
6720.0 0.0
6730.0 0.0
6740.0 0.0
6750.0 0.0
6760.0 0.001073162886314094
6770.0 0.0012472686357796192
6780.0 0.0014213848626241088
6790.0 0.0015908797504380345
6800.0 0.0017603745218366385
6810.0 0.0019895939622074366
6820.0 0.0022188134025782347
6830.0 0.0024905805476009846
6840.0 0.00276233721524477
6850.0 0.0031129997223615646
6860.0 0.003463662462309003
6870.0 0.003900136798620224
6880.0 0.004336611367762089
6890.0 0.0048659490421414375
6900.0 0.0053952764719724655
6910.0 0.006069289054721594
6920.0 0.006743301171809435
6930.0 0.007693463005125523
6940.0 0.008643625304102898
6950.0 0.01011908520013094
6960.0 0.011594555340707302
6970.0 0.014377527870237827
6980.0 0.017160499468445778
6990.0 0.023619458079338074
7000.0 0.030078405514359474
7010.0 0.04495559260249138
7020.0 0.05983276292681694
7030.0 0.08972237259149551
7040.0 0.11961197108030319
7050.0 0.17066965997219086
7060.0 0.22172734141349792
7070.0 0.29456546902656555
7080.0 0.36740362644195557
7090.0 0.4549156725406647
7100.0 0.5424277186393738
7110.0 0.628452479839325
7120.0 0.7144771814346313
7130.0 0.7827601432800293
7140.0 0.8510431051254272
7150.0 0.893404483795166
7160.0 0.9357658624649048
7170.0 0.9550060629844666
7180.0 0.9742463231086731
7190.0 0.9768049120903015
7200.0 0.9793635606765747
7210.0 0.9778077602386475
7220.0 0.976252019405365
7230.0 0.9776545166969299
7240.0 0.9790570139884949
7250.0 0.984868586063385
7260.0 0.9906800389289856
7270.0 0.9978147149085999
7280.0 1.0049493312835693
7290.0 1.007814645767212
7300.0 1.0106799602508545
7310.0 1.0082812309265137
7320.0 1.0058825016021729
7330.0 1.0009920597076416
7340.0 0.9961015582084656
7350.0 0.9937946796417236
7360.0 0.9914878010749817
7370.0 0.9933116436004639
7380.0 0.9951355457305908
7390.0 0.9999761581420898
7400.0 1.0048167705535889
7410.0 1.0083227157592773
7420.0 1.0118285417556763
7430.0 1.0129953622817993
7440.0 1.0141621828079224
7450.0 1.0132983922958374
7460.0 1.012434720993042
7470.0 1.0112494230270386
7480.0 1.0100641250610352
7490.0 1.0102368593215942
7500.0 1.0104094743728638
7510.0 1.0111165046691895
7520.0 1.0118234157562256
7530.0 1.0126700401306152
7540.0 1.0135166645050049
7550.0 1.0123978853225708
7560.0 1.0112789869308472
7570.0 1.0088149309158325
7580.0 1.0063508749008179
7590.0 0.9962342381477356
7600.0 0.9861176609992981
7610.0 0.9870396256446838
7620.0 0.9879615902900696
7630.0 0.9885269403457642
7640.0 0.989092230796814
7650.0 0.9923017024993896
7660.0 0.9955111145973206
7670.0 0.9970384836196899
7680.0 0.9985658526420593
7690.0 0.9988629817962646
7700.0 0.9991600513458252
7710.0 1.0004661083221436
7720.0 1.001772165298462
7730.0 1.0036860704421997
7740.0 1.0055999755859375
7750.0 1.0098377466201782
7760.0 1.014075517654419
7770.0 1.0159906148910522
7780.0 1.0179057121276855
7790.0 1.0179966688156128
7800.0 1.0180877447128296
7810.0 1.016294002532959
7820.0 1.014500379562378
7830.0 1.0129162073135376
7840.0 1.0113319158554077
7850.0 1.0120551586151123
7860.0 1.0127785205841064
7870.0 1.0141903162002563
7880.0 1.0156021118164062
7890.0 1.014431118965149
7900.0 1.0132602453231812
7910.0 1.0088263750076294
7920.0 1.0043925046920776
7930.0 0.997460663318634
7940.0 0.9905288219451904
7950.0 0.9828923344612122
7960.0 0.9752559065818787
7970.0 0.9720772504806519
7980.0 0.9688986539840698
7990.0 0.9730944633483887
8000.0 0.9772903323173523
8010.0 0.9837765097618103
8020.0 0.9902626276016235
8030.0 0.9950699806213379
8040.0 0.9998773336410522
8050.0 1.001206636428833
8060.0 1.0025359392166138
8070.0 1.0023281574249268
8080.0 1.0021203756332397
8090.0 0.9961676001548767
8100.0 0.9902148842811584
8110.0 0.9775892496109009
8120.0 0.9828492403030396
8130.0 0.982670783996582
8140.0 0.982492208480835
8150.0 0.9860641956329346
8160.0 0.9896361231803894
8170.0 1.0020122528076172
8180.0 1.001110553741455
8190.0 0.9981480836868286
8200.0 0.9932429790496826
8210.0 0.9883379936218262
8220.0 0.9810627102851868
8230.0 0.9737874865531921
8240.0 0.9699826836585999
8250.0 0.9661778807640076
8260.0 0.9675307273864746
8270.0 0.9688835740089417
8280.0 0.9744311571121216
8290.0 0.9799787998199463
8300.0 0.9855263829231262
8310.0 1.003726601600647
8320.0 1.0071702003479004
8330.0 1.0106137990951538
8340.0 1.0140575170516968
8350.0 1.0089855194091797
8360.0 1.004008173942566
8370.0 0.9990308284759521
8380.0 0.9940534830093384
8390.0 0.9867750406265259
8400.0 0.9813209772109985
8410.0 0.9806838631629944
8420.0 0.980046808719635
8430.0 0.9810404181480408
8440.0 0.9868963956832886
8450.0 0.9876553416252136
8460.0 0.9884143471717834
8470.0 0.9957565665245056
8480.0 1.0030988454818726
8490.0 1.0071343183517456
8500.0 1.011169672012329
8510.0 0.9986118674278259
8520.0 0.9860540628433228
8530.0 0.928577184677124
8540.0 0.8711003065109253
8550.0 0.7473771572113037
8560.0 0.6236540079116821
8570.0 0.35445713996887207
8580.0 0.35189586877822876
8590.0 0.1536773294210434
8600.0 0.15071286261081696
8610.0 0.056358519941568375
8620.0 0.055083565413951874
8630.0 0.019609155133366585
8640.0 0.019810326397418976
8650.0 0.007719581481069326
8660.0 0.0071808346547186375
8670.0 0.0032743008341640234
8680.0 0.002575987484306097
8690.0 0.0018776740180328488
8700.0 0.0
8710.0 0.0
8720.0 0.0
8730.0 0.0
8740.0 0.0
8750.0 0.0
