decam/transmission_system/n3/z_decam_sdss_c0004_9260.0_1520.0/2012-09-12T00:00:00.ecsv
# %ECSV 1.0
# ---
# datatype:
# - {name: wavelength, unit: Angstrom, datatype: float64}
# - {name: throughput, datatype: float64}
# meta: !!omap
# - {MODE: DETECTOR}
# - {TYPE: transmission_system}
# - {CALIBDATE: '2012-09-12T00:00:00'}
# - {INSTRUME: DECam}
# - {OBSTYPE: transmission_system}
# - {CALIBCLS: lsst.ip.isr.IntermediateSystemTransmissionCurve}
# - {DETECTOR: 34}
# - {DETECTOR_NAME: N3}
# - {SOURCE: z_band_per_detector_throughput.fits}
# - {FILTER: z DECam SDSS c0004 9260.0 1520.0}
# - {CALIB_CREATION_DATE: '2012-09-12'}
# - {CALIB_CREATION_TIME: '00:00:00'}
# schema: astropy-2.0
wavelength throughput
8200.0 0.0
8210.0 0.0
8220.0 0.0
8230.0 0.0
8240.0 0.0
8250.0 0.0
8260.0 0.004426753614097834
8270.0 0.005125586409121752
8280.0 0.0066797444596886635
8290.0 0.0063627297058701515
8300.0 0.0060457042418420315
8310.0 0.006729354150593281
8320.0 0.007622698787599802
8330.0 0.008516044355928898
8340.0 0.009409389458596706
8350.0 0.013225282542407513
8360.0 0.013821561820805073
8370.0 0.014417842961847782
8380.0 0.015014122240245342
8390.0 0.02127508819103241
8400.0 0.02473410777747631
8410.0 0.02819312922656536
8420.0 0.03165215998888016
8430.0 0.056969985365867615
8440.0 0.05161251872777939
8450.0 0.0770256370306015
8460.0 0.10243875533342361
8470.0 0.22446580231189728
8480.0 0.22087997198104858
8490.0 0.3380502164363861
8500.0 0.45522040128707886
8510.0 0.5863917469978333
8520.0 0.7175630927085876
8530.0 0.8136786222457886
8540.0 0.9097940921783447
8550.0 0.9503737688064575
8560.0 0.9909533262252808
8570.0 1.0067694187164307
8580.0 1.0172322988510132
8590.0 0.9976324439048767
8600.0 0.9965729713439941
8610.0 0.9911122918128967
8620.0 0.9961068034172058
8630.0 1.0001298189163208
8640.0 1.0090382099151611
8650.0 1.0109012126922607
8660.0 1.008407473564148
8670.0 1.0168559551239014
8680.0 1.0165927410125732
8690.0 1.0163295269012451
8700.0 1.0164659023284912
8710.0 1.0166022777557373
8720.0 1.0167839527130127
8730.0 1.016965627670288
8740.0 1.01665461063385
8750.0 1.0195714235305786
8760.0 1.0213207006454468
8770.0 1.023069977760315
8780.0 1.0248169898986816
8790.0 1.026564121246338
8800.0 1.02690851688385
8810.0 1.0272530317306519
8820.0 1.0280364751815796
8830.0 1.0288199186325073
8840.0 1.0287588834762573
8850.0 1.0286977291107178
8860.0 1.0295922756195068
8870.0 1.0304865837097168
8880.0 1.032356858253479
8890.0 1.0342270135879517
8900.0 1.029255986213684
8910.0 1.0314767360687256
8920.0 1.0309598445892334
8930.0 1.0304429531097412
8940.0 1.029926061630249
8950.0 1.029004454612732
8960.0 1.0280827283859253
8970.0 1.0279700756072998
8980.0 1.0278574228286743
8990.0 1.0283397436141968
9000.0 1.0288220643997192
9010.0 1.0303428173065186
9020.0 1.0318636894226074
9030.0 1.033550500869751
9040.0 1.0352373123168945
9050.0 1.035447120666504
9060.0 1.0386558771133423
9070.0 1.0373928546905518
9080.0 1.0361298322677612
9090.0 1.0334129333496094
9100.0 1.030696153640747
9110.0 1.0272380113601685
9120.0 1.0289530754089355
9130.0 1.024832010269165
9140.0 1.0247381925582886
9150.0 1.0243852138519287
9160.0 1.0234441757202148
9170.0 1.0225032567977905
9180.0 1.0223761796951294
9190.0 1.0222492218017578
9200.0 1.0202053785324097
9210.0 1.0181615352630615
9220.0 1.015650987625122
9230.0 1.0131405591964722
9240.0 1.0069383382797241
9250.0 1.0007362365722656
9260.0 0.9966787099838257
9270.0 0.9926211833953857
9280.0 0.9857594966888428
9290.0 0.9788978099822998
9300.0 0.9742412567138672
9310.0 0.9695847034454346
9320.0 0.964872419834137
9330.0 0.9601601362228394
9340.0 0.9516496062278748
9350.0 0.9431391358375549
9360.0 0.9307746887207031
9370.0 0.9184102416038513
9380.0 0.9088870286941528
9390.0 0.8993637561798096
9400.0 0.886605978012085
9410.0 0.8738481998443604
9420.0 0.8652722239494324
9430.0 0.8566962480545044
9440.0 0.8498272895812988
9450.0 0.8541573286056519
9460.0 0.8545368909835815
9470.0 0.8566960692405701
9480.0 0.8587216734886169
9490.0 0.8607472777366638
9500.0 0.8598392009735107
9510.0 0.8646201491355896
9520.0 0.8647598624229431
9530.0 0.8648995757102966
9540.0 0.8644834160804749
9550.0 0.8640671968460083
9560.0 0.8632737994194031
9570.0 0.8624803423881531
9580.0 0.8604703545570374
9590.0 0.8584603667259216
9600.0 0.855204164981842
9610.0 0.8519479632377625
9620.0 0.8503978848457336
9630.0 0.8488478660583496
9640.0 0.8476844429969788
9650.0 0.8465210795402527
9660.0 0.8460425734519958
9670.0 0.8455641865730286
9680.0 0.8407665491104126
9690.0 0.8359689712524414
9700.0 0.8311713337898254
9710.0 0.8263736963272095
9720.0 0.8220614790916443
9730.0 0.8177492022514343
9740.0 0.8137993216514587
9750.0 0.8098495006561279
9760.0 0.8048423528671265
9770.0 0.799835205078125
9780.0 0.7991712689399719
9790.0 0.7985073924064636
9800.0 0.7876703143119812
9810.0 0.7768332362174988
9820.0 0.7679588794708252
9830.0 0.7590844035148621
9840.0 0.7509779930114746
9850.0 0.7428715825080872
9860.0 0.7356041669845581
9870.0 0.728336751461029
9880.0 0.7268142700195312
9890.0 0.7252917885780334
9900.0 0.729871392250061
9910.0 0.7344509363174438
9920.0 0.7405592203140259
9930.0 0.7466675043106079
9940.0 0.7257620096206665
9950.0 0.7048565149307251
9960.0 0.6354615688323975
9970.0 0.5660666823387146
9980.0 0.45934081077575684
9990.0 0.35261496901512146
10000.0 0.2653109133243561
10010.0 0.17800681293010712
10020.0 0.12752290070056915
10030.0 0.07703898847103119
10040.0 0.0543065145611763
10050.0 0.03157404437661171
10060.0 0.022470057010650635
10070.0 0.013366072438657284
10080.0 0.010181436315178871
10090.0 0.006996800657361746
10100.0 0.005508214235305786
10110.0 0.004019627813249826
10120.0 0.0030809722375124693
10130.0 0.0021423273719847202
10140.0 0.002129335654899478
10150.0 0.0
10160.0 0.0
10170.0 0.0
10180.0 0.0
10190.0 0.0
10200.0 0.0
