decam/transmission_system/n5/i_decam_sdss_c0003_7835.0_1470.0/2012-09-12T00:00:00.ecsv
# %ECSV 1.0
# ---
# datatype:
# - {name: wavelength, unit: Angstrom, datatype: float64}
# - {name: throughput, datatype: float64}
# meta: !!omap
# - {MODE: DETECTOR}
# - {TYPE: transmission_system}
# - {CALIBDATE: '2012-09-12T00:00:00'}
# - {INSTRUME: DECam}
# - {OBSTYPE: transmission_system}
# - {CALIBCLS: lsst.ip.isr.IntermediateSystemTransmissionCurve}
# - {DETECTOR: 36}
# - {DETECTOR_NAME: N5}
# - {SOURCE: i_band_per_detector_throughput.fits}
# - {FILTER: i DECam SDSS c0003 7835.0 1470.0}
# - {CALIB_CREATION_DATE: '2012-09-12'}
# - {CALIB_CREATION_TIME: '00:00:00'}
# schema: astropy-2.0
wavelength throughput
6700.0 0.0
6710.0 0.0
6720.0 0.0
6730.0 0.0
6740.0 0.0
6750.0 0.0
6760.0 0.000630986993201077
6770.0 0.0007339861476793885
6780.0 0.0008369749994017184
6790.0 0.000925009255297482
6800.0 0.001013054046779871
6810.0 0.0011327939573675394
6820.0 0.0012525442289188504
6830.0 0.001423960435204208
6840.0 0.0015953867696225643
6850.0 0.0018532067770138383
6860.0 0.0021110372617840767
6870.0 0.0024744526017457247
6880.0 0.0028378679417073727
6890.0 0.0033480452839285135
6900.0 0.0038582226261496544
6910.0 0.004684511572122574
6920.0 0.005510789807885885
6930.0 0.007261693011969328
6940.0 0.009012586437165737
6950.0 0.013328084722161293
6960.0 0.017643572762608528
6970.0 0.029327023774385452
6980.0 0.041010476648807526
6990.0 0.06969207525253296
7000.0 0.09837368130683899
7010.0 0.1546432375907898
7020.0 0.2109127938747406
7030.0 0.2970856726169586
7040.0 0.38325855135917664
7050.0 0.48640552163124084
7060.0 0.5895524621009827
7070.0 0.6810400485992432
7080.0 0.7725275754928589
7090.0 0.8294044733047485
7100.0 0.8862813711166382
7110.0 0.9122157096862793
7120.0 0.9381500482559204
7130.0 0.9484504461288452
7140.0 0.95875084400177
7150.0 0.9651151895523071
7160.0 0.9714794754981995
7170.0 0.9776453971862793
7180.0 0.9838113188743591
7190.0 0.9865357875823975
7200.0 0.989260196685791
7210.0 0.9897953867912292
7220.0 0.9903305768966675
7230.0 0.9905024766921997
7240.0 0.9906742572784424
7250.0 0.9921546578407288
7260.0 0.9936351180076599
7270.0 0.9964851140975952
7280.0 0.9993351101875305
7290.0 1.0005290508270264
7300.0 1.001722812652588
7310.0 1.0006099939346313
7320.0 0.9994970560073853
7330.0 0.9974529147148132
7340.0 0.995408833026886
7350.0 0.995444655418396
7360.0 0.995480477809906
7370.0 0.9980271458625793
7380.0 1.0005736351013184
7390.0 1.003882884979248
7400.0 1.0071920156478882
7410.0 1.0077183246612549
7420.0 1.008244514465332
7430.0 1.0070040225982666
7440.0 1.0057635307312012
7450.0 1.004685640335083
7460.0 1.0036077499389648
7470.0 1.0040369033813477
7480.0 1.004465937614441
7490.0 1.0061323642730713
7500.0 1.0077990293502808
7510.0 1.0083762407302856
7520.0 1.0089536905288696
7530.0 1.0082284212112427
7540.0 1.0075033903121948
7550.0 1.0052895545959473
7560.0 1.0030757188796997
7570.0 1.0013015270233154
7580.0 0.9995272159576416
7590.0 0.9919613599777222
7600.0 0.9843955039978027
7610.0 0.9881333112716675
7620.0 0.9918710589408875
7630.0 0.994159460067749
7640.0 0.9964478015899658
7650.0 0.9998309016227722
7660.0 1.0032140016555786
7670.0 1.0037636756896973
7680.0 1.0043132305145264
7690.0 1.0031777620315552
7700.0 1.002042293548584
7710.0 1.0018322467803955
7720.0 1.0016220808029175
7730.0 1.0018550157546997
7740.0 1.002087950706482
7750.0 1.0043981075286865
7760.0 1.0067082643508911
7770.0 1.007574439048767
7780.0 1.0084404945373535
7790.0 1.0089237689971924
7800.0 1.0094070434570312
7810.0 1.0090620517730713
7820.0 1.0087169408798218
7830.0 1.008014440536499
7840.0 1.0073119401931763
7850.0 1.0069446563720703
7860.0 1.006577491760254
7870.0 1.0051311254501343
7880.0 1.0036847591400146
7890.0 1.0001673698425293
7900.0 0.996649980545044
7910.0 0.9929318428039551
7920.0 0.9892137050628662
7930.0 0.9866706132888794
7940.0 0.9841275215148926
7950.0 0.9820937514305115
7960.0 0.9800598621368408
7970.0 0.980170726776123
7980.0 0.98028165102005
7990.0 0.9834755659103394
8000.0 0.9866694808006287
8010.0 0.9892525672912598
8020.0 0.9918356537818909
8030.0 0.9920655488967896
8040.0 0.9922954440116882
8050.0 0.9907393455505371
8060.0 0.989183247089386
8070.0 0.9908590912818909
8080.0 0.9925350546836853
8090.0 0.991636335849762
8100.0 0.9907376766204834
8110.0 0.9857156276702881
8120.0 0.9907515048980713
8130.0 0.9896427392959595
8140.0 0.9885339736938477
8150.0 0.9864559769630432
8160.0 0.9843780398368835
8170.0 0.982718288898468
8180.0 0.9819670915603638
8190.0 0.9728025794029236
8200.0 0.9710334539413452
8210.0 0.9692643284797668
8220.0 0.9691265225410461
8230.0 0.9689886569976807
8240.0 0.9714805483818054
8250.0 0.9739724397659302
8260.0 0.97661954164505
8270.0 0.9792667031288147
8280.0 0.9819093346595764
8290.0 0.9845519661903381
8300.0 0.9871945977210999
8310.0 0.9918776750564575
8320.0 0.9928986430168152
8330.0 0.9939196109771729
8340.0 0.9949406385421753
8350.0 0.9944175481796265
8360.0 0.9938725233078003
8370.0 0.9933274388313293
8380.0 0.9927824139595032
8390.0 0.9982277154922485
8400.0 0.9926117658615112
8410.0 0.9950323700904846
8420.0 0.9974529147148132
8430.0 0.9987848997116089
8440.0 1.0039808750152588
8450.0 1.0053035020828247
8460.0 1.0066261291503906
8470.0 1.019957184791565
8480.0 1.0332881212234497
8490.0 1.0462677478790283
8500.0 1.0592472553253174
8510.0 1.0484020709991455
8520.0 1.0375571250915527
8530.0 0.9569035172462463
8540.0 0.8762499094009399
8550.0 0.7087163329124451
8560.0 0.541182816028595
8570.0 0.24124932289123535
8580.0 0.24518254399299622
8590.0 0.08917137235403061
8600.0 0.08985975384712219
8610.0 0.03270535171031952
8620.0 0.03293793648481369
8630.0 0.012577825225889683
8640.0 0.01302468404173851
8650.0 0.005730153992772102
8660.0 0.005371453240513802
8670.0 0.002735304879024625
8680.0 0.0023432786110788584
8690.0 0.001951252343133092
8700.0 0.0
8710.0 0.0
8720.0 0.0
8730.0 0.0
8740.0 0.0
8750.0 0.0
