decam/transmission_system/n12/y_decam_c0005_10095.0_1130.0/2012-09-12T00:00:00.ecsv
# %ECSV 1.0
# ---
# datatype:
# - {name: wavelength, unit: Angstrom, datatype: float64}
# - {name: throughput, datatype: float64}
# meta: !!omap
# - {MODE: DETECTOR}
# - {TYPE: transmission_system}
# - {CALIBDATE: '2012-09-12T00:00:00'}
# - {INSTRUME: DECam}
# - {OBSTYPE: transmission_system}
# - {CALIBCLS: lsst.ip.isr.IntermediateSystemTransmissionCurve}
# - {DETECTOR: 43}
# - {DETECTOR_NAME: N12}
# - {SOURCE: Y_band_per_detector_throughput.fits}
# - {FILTER: Y DECam c0005 10095.0 1130.0}
# - {CALIB_CREATION_DATE: '2012-09-12'}
# - {CALIB_CREATION_TIME: '00:00:00'}
# schema: astropy-2.0
wavelength throughput
9250.0 0.0
9260.0 0.0
9270.0 0.0
9280.0 0.0
9290.0 0.0
9300.0 0.0
9310.0 0.005703682079911232
9320.0 0.006507061421871185
9330.0 0.007310451008379459
9340.0 0.008363684639334679
9350.0 0.009416919201612473
9360.0 0.010753165930509567
9370.0 0.012089425697922707
9380.0 0.014222780242562294
9390.0 0.01635613478720188
9400.0 0.01999218948185444
9410.0 0.023628244176506996
9420.0 0.030886240303516388
9430.0 0.03814423456788063
9440.0 0.05544513091444969
9450.0 0.07274601608514786
9460.0 0.0719829648733139
9470.0 0.15110652148723602
9480.0 0.15400846302509308
9490.0 0.30558082461357117
9500.0 0.31007832288742065
9510.0 0.535007655620575
9520.0 0.6357967257499695
9530.0 0.736585795879364
9540.0 0.7818971276283264
9550.0 0.827208399772644
9560.0 0.8374612927436829
9570.0 0.8477142453193665
9580.0 0.8471208810806274
9590.0 0.8465275764465332
9600.0 0.8440932631492615
9610.0 0.841658890247345
9620.0 0.8382386565208435
9630.0 0.8348183631896973
9640.0 0.8328753709793091
9650.0 0.8309323191642761
9660.0 0.8289039134979248
9670.0 0.8268755674362183
9680.0 0.8241161704063416
9690.0 0.8213567733764648
9700.0 0.8189805746078491
9710.0 0.8166044354438782
9720.0 0.8081361055374146
9730.0 0.7996677756309509
9740.0 0.793703019618988
9750.0 0.7877382040023804
9760.0 0.7814032435417175
9770.0 0.7750682234764099
9780.0 0.7681916356086731
9790.0 0.761315107345581
9800.0 0.7551771998405457
9810.0 0.749039351940155
9820.0 0.7432857155799866
9830.0 0.7375320792198181
9840.0 0.7306020259857178
9850.0 0.7236720323562622
9860.0 0.7170990705490112
9870.0 0.710526168346405
9880.0 0.7013687491416931
9890.0 0.6922113299369812
9900.0 0.6836327910423279
9910.0 0.675054132938385
9920.0 0.6654345989227295
9930.0 0.6558149456977844
9940.0 0.6479562520980835
9950.0 0.6400975584983826
9960.0 0.6306526064872742
9970.0 0.621207594871521
9980.0 0.6121549606323242
9990.0 0.603102445602417
10000.0 0.5929532647132874
10010.0 0.5828040242195129
10020.0 0.5721011757850647
10030.0 0.5613982677459717
10040.0 0.5500496625900269
10050.0 0.538701057434082
10060.0 0.5280832648277283
10070.0 0.5174654126167297
10080.0 0.5057529807090759
10090.0 0.4940405488014221
10100.0 0.48163607716560364
10110.0 0.46923157572746277
10120.0 0.45714935660362244
10130.0 0.4450671374797821
10140.0 0.43344390392303467
10150.0 0.4218207001686096
10160.0 0.41080620884895325
10170.0 0.3997917175292969
10180.0 0.38791483640670776
10190.0 0.37603795528411865
10200.0 0.36497846245765686
10210.0 0.35391899943351746
10220.0 0.3427433669567108
10230.0 0.3315677344799042
10240.0 0.3203243017196655
10250.0 0.30908089876174927
10260.0 0.29860547184944153
10270.0 0.2881300151348114
10280.0 0.27871689200401306
10290.0 0.2693037986755371
10300.0 0.2588668465614319
10310.0 0.24842990934848785
10320.0 0.23828232288360596
10330.0 0.22813473641872406
10340.0 0.21672998368740082
10350.0 0.20532523095607758
10360.0 0.19278664886951447
10370.0 0.18024805188179016
10380.0 0.17280106246471405
10390.0 0.16535408794879913
10400.0 0.1607082337141037
10410.0 0.15606236457824707
10420.0 0.15198858082294464
10430.0 0.1479147970676422
10440.0 0.14382928609848022
10450.0 0.13974377512931824
10460.0 0.13588346540927887
10470.0 0.1320231556892395
10480.0 0.12850001454353333
10490.0 0.12497688084840775
10500.0 0.12095267325639725
10510.0 0.11692847311496735
10520.0 0.11412034928798676
10530.0 0.11131224036216736
10540.0 0.1095300167798996
10550.0 0.10774778574705124
10560.0 0.1070791482925415
10570.0 0.10641050338745117
10580.0 0.10552635788917542
10590.0 0.10464221984148026
10600.0 0.10090995579957962
10610.0 0.09717769920825958
10620.0 0.0869574323296547
10630.0 0.0767371654510498
10640.0 0.06216752901673317
10650.0 0.047597888857126236
10660.0 0.035082995891571045
10670.0 0.022568102926015854
10680.0 0.015758223831653595
10690.0 0.008948343805968761
10700.0 0.0
10710.0 0.0
10720.0 0.0
10730.0 0.0
10740.0 0.0
10750.0 0.0
