decam/transmission_system/n24/g_decam_sdss_c0001_4720.0_1520.0/2012-09-12T00:00:00.ecsv
# %ECSV 1.0
# ---
# datatype:
# - {name: wavelength, unit: Angstrom, datatype: float64}
# - {name: throughput, datatype: float64}
# meta: !!omap
# - {MODE: DETECTOR}
# - {TYPE: transmission_system}
# - {CALIBDATE: '2012-09-12T00:00:00'}
# - {INSTRUME: DECam}
# - {OBSTYPE: transmission_system}
# - {CALIBCLS: lsst.ip.isr.IntermediateSystemTransmissionCurve}
# - {DETECTOR: 55}
# - {DETECTOR_NAME: N24}
# - {SOURCE: g_band_per_detector_throughput.fits}
# - {FILTER: g DECam SDSS c0001 4720.0 1520.0}
# - {CALIB_CREATION_DATE: '2012-09-12'}
# - {CALIB_CREATION_TIME: '00:00:00'}
# schema: astropy-2.0
wavelength throughput
3750.0 0.0
3760.0 0.0
3770.0 0.0
3780.0 0.0
3790.0 0.0
3800.0 0.0
3810.0 0.0007877912139520049
3820.0 0.0010567958233878016
3830.0 0.001060264534316957
3840.0 0.0014361732173711061
3850.0 0.0016857058508321643
3860.0 0.0019352384842932224
3870.0 0.0022915818262845278
3880.0 0.0026479249354451895
3890.0 0.00321244727820158
3900.0 0.0037769696209579706
3910.0 0.0037744876462966204
3920.0 0.006867880467325449
3930.0 0.014503229409456253
3940.0 0.022138576954603195
3950.0 0.02281692996621132
3960.0 0.12917327880859375
3970.0 0.22197900712490082
3980.0 0.3147847354412079
3990.0 0.3162325322628021
4000.0 0.3452601432800293
4010.0 0.36097249388694763
4020.0 0.3766848146915436
4030.0 0.38103821873664856
4040.0 0.3862515687942505
4050.0 0.38639724254608154
4060.0 0.3966772258281708
4070.0 0.39920127391815186
4080.0 0.4115670323371887
4090.0 0.4113086760044098
4100.0 0.418842077255249
4110.0 0.4234570264816284
4120.0 0.4280719757080078
4130.0 0.4298721253871918
4140.0 0.43727871775627136
4150.0 0.43852880597114563
4160.0 0.4534127712249756
4170.0 0.4605414569377899
4180.0 0.46767011284828186
4190.0 0.4677402973175049
4200.0 0.4697691798210144
4210.0 0.4704444408416748
4220.0 0.4793117344379425
4230.0 0.47842925786972046
4240.0 0.4959859848022461
4250.0 0.5017341375350952
4260.0 0.5074822902679443
4270.0 0.5098275542259216
4280.0 0.5209568738937378
4290.0 0.520071268081665
4300.0 0.5311861038208008
4310.0 0.5354318022727966
4320.0 0.5396775603294373
4330.0 0.5450157523155212
4340.0 0.5503538846969604
4350.0 0.556199848651886
4360.0 0.5620457530021667
4370.0 0.5672064423561096
4380.0 0.5723671317100525
4390.0 0.5797415971755981
4400.0 0.587116003036499
4410.0 0.5913367867469788
4420.0 0.595557689666748
4430.0 0.5993132591247559
4440.0 0.6030687689781189
4450.0 0.6066312789916992
4460.0 0.6101937294006348
4470.0 0.61264967918396
4480.0 0.6151056289672852
4490.0 0.6184923052787781
4500.0 0.6218789219856262
4510.0 0.6253532767295837
4520.0 0.6288276314735413
4530.0 0.6337562203407288
4540.0 0.638684868812561
4550.0 0.6411132216453552
4560.0 0.6435415744781494
4570.0 0.6442595720291138
4580.0 0.6449775099754333
4590.0 0.6500445008277893
4600.0 0.65511155128479
4610.0 0.6592928767204285
4620.0 0.6634742021560669
4630.0 0.6666284799575806
4640.0 0.6697826981544495
4650.0 0.672235369682312
4660.0 0.6746881008148193
4670.0 0.6744372844696045
4680.0 0.6741865277290344
4690.0 0.6759573221206665
4700.0 0.6777280569076538
4710.0 0.6804648041725159
4720.0 0.6832014918327332
4730.0 0.6876249313354492
4740.0 0.6920484304428101
4750.0 0.696708619594574
4760.0 0.7013688087463379
4770.0 0.7020789384841919
4780.0 0.7027890086174011
4790.0 0.704425573348999
4800.0 0.7060620784759521
4810.0 0.7084439992904663
4820.0 0.7108258008956909
4830.0 0.7115756869316101
4840.0 0.7123255133628845
4850.0 0.7127795219421387
4860.0 0.713233470916748
4870.0 0.7163576483726501
4880.0 0.7194817066192627
4890.0 0.7236840724945068
4900.0 0.727886438369751
4910.0 0.7291401028633118
4920.0 0.7303937077522278
4930.0 0.7288433909416199
4940.0 0.727293074131012
4950.0 0.7287570238113403
4960.0 0.7302210330963135
4970.0 0.7366312146186829
4980.0 0.7430413365364075
4990.0 0.7457273006439209
5000.0 0.7484133243560791
5010.0 0.7507811784744263
5020.0 0.7531490921974182
5030.0 0.7546597719192505
5040.0 0.7561705112457275
5050.0 0.7579339742660522
5060.0 0.759697437286377
5070.0 0.7622618675231934
5080.0 0.764826238155365
5090.0 0.7666342854499817
5100.0 0.7684422731399536
5110.0 0.7678335905075073
5120.0 0.7672247886657715
5130.0 0.7685953378677368
5140.0 0.7699658870697021
5150.0 0.7738914489746094
5160.0 0.7778170704841614
5170.0 0.7799015641212463
5180.0 0.7819861173629761
5190.0 0.7843983769416809
5200.0 0.786810576915741
5210.0 0.7902687191963196
5220.0 0.7937268614768982
5230.0 0.7975374460220337
5240.0 0.801348090171814
5250.0 0.804105818271637
5260.0 0.8068634867668152
5270.0 0.807654857635498
5280.0 0.8084462285041809
5290.0 0.8096246123313904
5300.0 0.8108029961585999
5310.0 0.8130821585655212
5320.0 0.8153612613677979
5330.0 0.817190945148468
5340.0 0.8190206289291382
5350.0 0.8204988837242126
5360.0 0.8219771385192871
5370.0 0.8181672692298889
5380.0 0.8143573999404907
5390.0 0.8095908164978027
5400.0 0.8048242330551147
5410.0 0.8068038821220398
5420.0 0.8087836503982544
5430.0 0.808694064617157
5440.0 0.8086044788360596
5450.0 0.7223038673400879
5460.0 0.6360032558441162
5470.0 0.43390363454818726
5480.0 0.2318039834499359
5490.0 0.1365632861852646
5500.0 0.04132256656885147
5510.0 0.025522181764245033
5520.0 0.009721782989799976
5530.0 0.00605818722397089
5540.0 0.0023945914581418037
5550.0 0.0017014392651617527
5560.0 0.0010082768276333809
5570.0 0.0008261848706752062
5580.0 0.0006440825527533889
5590.0 0.0005710234981961548
5600.0 0.0004979645018465817
5610.0 0.0004405454092193395
5620.0 0.0003831263165920973
5630.0 0.0003574959118850529
5640.0 0.00033185514621436596
5650.0 0.0
5660.0 0.0
5670.0 0.0
5680.0 0.0
5690.0 0.0
5700.0 0.0
