decam/transmission_system/n21/r_decam_sdss_c0002_6415.0_1480.0/2012-09-12T00:00:00.ecsv
# %ECSV 1.0
# ---
# datatype:
# - {name: wavelength, unit: Angstrom, datatype: float64}
# - {name: throughput, datatype: float64}
# meta: !!omap
# - {MODE: DETECTOR}
# - {TYPE: transmission_system}
# - {CALIBDATE: '2012-09-12T00:00:00'}
# - {INSTRUME: DECam}
# - {OBSTYPE: transmission_system}
# - {CALIBCLS: lsst.ip.isr.IntermediateSystemTransmissionCurve}
# - {DETECTOR: 52}
# - {DETECTOR_NAME: N21}
# - {SOURCE: r_band_per_detector_throughput.fits}
# - {FILTER: r DECam SDSS c0002 6415.0 1480.0}
# - {CALIB_CREATION_DATE: '2012-09-12'}
# - {CALIB_CREATION_TIME: '00:00:00'}
# schema: astropy-2.0
wavelength throughput
5350.0 0.0
5360.0 0.0
5370.0 0.0
5380.0 0.0
5390.0 0.0
5400.0 0.0
5410.0 0.0027534165419638157
5420.0 0.0030734119936823845
5430.0 0.0035232414957135916
5440.0 0.003973060753196478
5450.0 0.004533055704087019
5460.0 0.005093049723654985
5470.0 0.005676171742379665
5480.0 0.006259293761104345
5490.0 0.0071151177398860455
5500.0 0.007970942184329033
5510.0 0.008945311419665813
5520.0 0.009919681586325169
5530.0 0.01113020721822977
5540.0 0.012340744026005268
5550.0 0.014035942032933235
5560.0 0.01573112979531288
5570.0 0.01803363673388958
5580.0 0.020336132496595383
5590.0 0.024148130789399147
5600.0 0.02796012908220291
5610.0 0.03767576441168785
5620.0 0.04739139974117279
5630.0 0.08221385627985
5640.0 0.11703629791736603
5650.0 0.21506370604038239
5660.0 0.31309112906455994
5670.0 0.4693605601787567
5680.0 0.6256299614906311
5690.0 0.7125592231750488
5700.0 0.799488365650177
5710.0 0.8107935786247253
5720.0 0.8220988512039185
5730.0 0.8264492154121399
5740.0 0.8307996392250061
5750.0 0.8367632627487183
5760.0 0.8427268862724304
5770.0 0.8456670045852661
5780.0 0.8486071825027466
5790.0 0.8508223295211792
5800.0 0.8530374765396118
5810.0 0.8580052256584167
5820.0 0.8629730939865112
5830.0 0.8642491698265076
5840.0 0.8655252456665039
5850.0 0.8646633625030518
5860.0 0.8638015389442444
5870.0 0.8610219359397888
5880.0 0.8582423329353333
5890.0 0.8582928776741028
5900.0 0.8583434820175171
5910.0 0.861961305141449
5920.0 0.8655791878700256
5930.0 0.8669050931930542
5940.0 0.8682309985160828
5950.0 0.8671658039093018
5960.0 0.866100549697876
5970.0 0.8670749664306641
5980.0 0.8680492639541626
5990.0 0.8703066110610962
6000.0 0.8725640177726746
6010.0 0.8738730549812317
6020.0 0.8751819729804993
6030.0 0.8777452111244202
6040.0 0.880016565322876
6050.0 0.8808919787406921
6060.0 0.8817673921585083
6070.0 0.8801587820053101
6080.0 0.8785501718521118
6090.0 0.8791913986206055
6100.0 0.8798326253890991
6110.0 0.8832559585571289
6120.0 0.8866792321205139
6130.0 0.8888671398162842
6140.0 0.891055166721344
6150.0 0.8918798565864563
6160.0 0.8927045464515686
6170.0 0.8945412635803223
6180.0 0.8963780999183655
6190.0 0.8960869908332825
6200.0 0.8957958817481995
6210.0 0.8957642912864685
6220.0 0.8957327008247375
6230.0 0.8966895937919617
6240.0 0.8976465463638306
6250.0 0.897040843963623
6260.0 0.8964352011680603
6270.0 0.8975271582603455
6280.0 0.8986191153526306
6290.0 0.9012448191642761
6300.0 0.9038705229759216
6310.0 0.9036384224891663
6320.0 0.9034062623977661
6330.0 0.9029754996299744
6340.0 0.9025447964668274
6350.0 0.9051172733306885
6360.0 0.9076896905899048
6370.0 0.9091981649398804
6380.0 0.910706639289856
6390.0 0.9106191396713257
6400.0 0.9105316996574402
6410.0 0.9116510152816772
6420.0 0.9127704501152039
6430.0 0.9122267961502075
6440.0 0.9116832613945007
6450.0 0.9112045764923096
6460.0 0.9107258319854736
6470.0 0.9117332100868225
6480.0 0.9127407073974609
6490.0 0.9126318693161011
6500.0 0.9125230312347412
6510.0 0.9116784334182739
6520.0 0.9108338952064514
6530.0 0.9129741191864014
6540.0 0.9151144027709961
6550.0 0.9173547625541687
6560.0 0.9195950031280518
6570.0 0.920023500919342
6580.0 0.9204519391059875
6590.0 0.920944333076477
6600.0 0.9214366674423218
6610.0 0.9206035733222961
6620.0 0.9197704195976257
6630.0 0.9184439182281494
6640.0 0.9171173572540283
6650.0 0.917150616645813
6660.0 0.9171837568283081
6670.0 0.9196706414222717
6680.0 0.9221574664115906
6690.0 0.9239495396614075
6700.0 0.9257415533065796
6710.0 0.9259709715843201
6720.0 0.926200270652771
6730.0 0.9257224202156067
6740.0 0.9252445697784424
6750.0 0.9238918423652649
6760.0 0.9225391149520874
6770.0 0.9221270680427551
6780.0 0.9217151403427124
6790.0 0.9227325916290283
6800.0 0.923750102519989
6810.0 0.923909068107605
6820.0 0.9240680932998657
6830.0 0.9240057468414307
6840.0 0.9239434003829956
6850.0 0.9238083958625793
6860.0 0.9236733913421631
6870.0 0.923129677772522
6880.0 0.9225859642028809
6890.0 0.9220433831214905
6900.0 0.9215008020401001
6910.0 0.9197307229042053
6920.0 0.917960524559021
6930.0 0.917382538318634
6940.0 0.9168044924736023
6950.0 0.9162639379501343
6960.0 0.9157233834266663
6970.0 0.9143675565719604
6980.0 0.9130117297172546
6990.0 0.9136906266212463
7000.0 0.9143694639205933
7010.0 0.9152360558509827
7020.0 0.9161025881767273
7030.0 0.911994457244873
7040.0 0.9078863263130188
7050.0 0.9046522974967957
7060.0 0.9014183282852173
7070.0 0.8910325765609741
7080.0 0.8806467652320862
7090.0 0.8594606518745422
7100.0 0.8382745385169983
7110.0 0.8384938836097717
7120.0 0.8387133479118347
7130.0 0.7713607549667358
7140.0 0.7040082216262817
7150.0 0.51629239320755
7160.0 0.3285766541957855
7170.0 0.21458148956298828
7180.0 0.10058631747961044
7190.0 0.0651901364326477
7200.0 0.02979394793510437
7210.0 0.01922816038131714
7220.0 0.008662380278110504
7230.0 0.00689221266657114
7240.0 0.0051220557652413845
7250.0 0.0036951976362615824
7260.0 0.0022683502174913883
7270.0 0.001720163505524397
7280.0 0.00117198727093637
7290.0 0.0009361213305965066
7300.0 0.0007002450292930007
7310.0 0.000614557764492929
7320.0 0.0005288600805215538
7330.0 0.0004679412522818893
7340.0 0.00040702236583456397
7350.0 0.0
7360.0 0.0
7370.0 0.0
7380.0 0.0
7390.0 0.0
7400.0 0.0
