decam/transmission_system/s26/i_decam_sdss_c0003_7835.0_1470.0/2012-09-12T00:00:00.ecsv
# %ECSV 1.0
# ---
# datatype:
# - {name: wavelength, unit: Angstrom, datatype: float64}
# - {name: throughput, datatype: float64}
# meta: !!omap
# - {MODE: DETECTOR}
# - {TYPE: transmission_system}
# - {CALIBDATE: '2012-09-12T00:00:00'}
# - {INSTRUME: DECam}
# - {OBSTYPE: transmission_system}
# - {CALIBCLS: lsst.ip.isr.IntermediateSystemTransmissionCurve}
# - {DETECTOR: 5}
# - {DETECTOR_NAME: S26}
# - {SOURCE: i_band_per_detector_throughput.fits}
# - {FILTER: i DECam SDSS c0003 7835.0 1470.0}
# - {CALIB_CREATION_DATE: '2012-09-12'}
# - {CALIB_CREATION_TIME: '00:00:00'}
# schema: astropy-2.0
wavelength throughput
6700.0 0.0
6710.0 0.0
6720.0 0.0
6730.0 0.0
6740.0 0.0
6750.0 0.0
6760.0 0.0009083308978006244
6770.0 0.0010515410685911775
6780.0 0.0011947512393817306
6790.0 0.0013279294362291694
6800.0 0.0014610973885282874
6810.0 0.0016427739756181836
6820.0 0.001824450446292758
6830.0 0.0020446141716092825
6840.0 0.002264777896925807
6850.0 0.002588137984275818
6860.0 0.0029114983044564724
6870.0 0.0033276905305683613
6880.0 0.003743882989510894
6890.0 0.004258494824171066
6900.0 0.004773096181452274
6910.0 0.00544830271974206
6920.0 0.006123509258031845
6930.0 0.007233144715428352
6940.0 0.008342768996953964
6950.0 0.01031431369483471
6960.0 0.012285859324038029
6970.0 0.016488928347826004
6980.0 0.020691996440291405
6990.0 0.03019229881465435
7000.0 0.03969259932637215
7010.0 0.059746891260147095
7020.0 0.07980118691921234
7030.0 0.1165027916431427
7040.0 0.15320439636707306
7050.0 0.21192215383052826
7060.0 0.27063992619514465
7070.0 0.35106131434440613
7080.0 0.4314827024936676
7090.0 0.5224511027336121
7100.0 0.6134194731712341
7110.0 0.6956438422203064
7120.0 0.7778680920600891
7130.0 0.8361263871192932
7140.0 0.8943846225738525
7150.0 0.9237453937530518
7160.0 0.953106164932251
7170.0 0.9633854627609253
7180.0 0.9736648201942444
7190.0 0.9745039343833923
7200.0 0.9753430485725403
7210.0 0.9761501550674438
7220.0 0.9769572615623474
7230.0 0.9802140593528748
7240.0 0.9834708571434021
7250.0 0.9879136681556702
7260.0 0.9923564195632935
7270.0 0.9958646893501282
7280.0 0.9993729591369629
7290.0 0.9992738962173462
7300.0 0.9991748929023743
7310.0 0.9975844025611877
7320.0 0.995993971824646
7330.0 0.9947447180747986
7340.0 0.9934954643249512
7350.0 0.9937708973884583
7360.0 0.9940463304519653
7370.0 0.9960384368896484
7380.0 0.998030424118042
7390.0 1.0007390975952148
7400.0 1.0034477710723877
7410.0 1.004806637763977
7420.0 1.0061655044555664
7430.0 1.0067427158355713
7440.0 1.0073199272155762
7450.0 1.0073246955871582
7460.0 1.0073294639587402
7470.0 1.0070027112960815
7480.0 1.0066760778427124
7490.0 1.0068628787994385
7500.0 1.0070496797561646
7510.0 1.00699782371521
7520.0 1.0069459676742554
7530.0 1.007216215133667
7540.0 1.0074865818023682
7550.0 1.006800651550293
7560.0 1.0061147212982178
7570.0 1.004773497581482
7580.0 1.003432273864746
7590.0 0.9946889281272888
7600.0 0.9859456419944763
7610.0 0.9879458546638489
7620.0 0.9899460673332214
7630.0 0.9912458658218384
7640.0 0.9925457239151001
7650.0 0.9961333870887756
7660.0 0.9997209906578064
7670.0 1.0017452239990234
7680.0 1.0037693977355957
7690.0 1.0044517517089844
7700.0 1.0051339864730835
7710.0 1.0060837268829346
7720.0 1.0070334672927856
7730.0 1.007595181465149
7740.0 1.0081568956375122
7750.0 1.0105221271514893
7760.0 1.0128874778747559
7770.0 1.0136247873306274
7780.0 1.014362096786499
7790.0 1.0147490501403809
7800.0 1.0151360034942627
7810.0 1.0147218704223633
7820.0 1.0143077373504639
7830.0 1.0138791799545288
7840.0 1.0134506225585938
7850.0 1.0138214826583862
7860.0 1.0141924619674683
7870.0 1.0136914253234863
7880.0 1.0131903886795044
7890.0 1.0101133584976196
7900.0 1.0070362091064453
7910.0 1.002769112586975
7920.0 0.9985021352767944
7930.0 0.9946747422218323
7940.0 0.9908474087715149
7950.0 0.9877638816833496
7960.0 0.9846804141998291
7970.0 0.984787106513977
7980.0 0.984893798828125
7990.0 0.9892945289611816
8000.0 0.9936952590942383
8010.0 0.9980038404464722
8020.0 1.002312421798706
8030.0 1.0036330223083496
8040.0 1.0049535036087036
8050.0 1.003281831741333
8060.0 1.0016101598739624
8070.0 1.0015594959259033
8080.0 1.0015089511871338
8090.0 0.9982947707176208
8100.0 0.9950807094573975
8110.0 0.986799955368042
8120.0 0.993187427520752
8130.0 0.9927951693534851
8140.0 0.9924029111862183
8150.0 0.9927486777305603
8160.0 0.9930943846702576
8170.0 0.996491014957428
8180.0 0.9955478310585022
8190.0 0.9884566068649292
8200.0 0.9859404563903809
8210.0 0.983424186706543
8220.0 0.9817975759506226
8230.0 0.9801709055900574
8240.0 0.9818108677864075
8250.0 0.9834508299827576
8260.0 0.9869126677513123
8270.0 0.9903745651245117
8280.0 0.9941859245300293
8290.0 0.9979973435401917
8300.0 1.001808762550354
8310.0 1.0097488164901733
8320.0 1.0107229948043823
8330.0 1.0116972923278809
8340.0 1.0126714706420898
8350.0 1.0082762241363525
8360.0 1.0062335729599
8370.0 1.0041909217834473
8380.0 1.0021482706069946
8390.0 1.00493586063385
8400.0 0.99834144115448
8410.0 1.0000026226043701
8420.0 1.0016639232635498
8430.0 1.0000325441360474
8440.0 1.0064940452575684
8450.0 1.0044374465942383
8460.0 1.0023809671401978
8470.0 1.0069786310195923
8480.0 1.0115764141082764
8490.0 1.0121374130249023
8500.0 1.0126984119415283
8510.0 0.9908459782600403
8520.0 0.968993604183197
8530.0 0.8874969482421875
8540.0 0.8060002326965332
8550.0 0.6490121483802795
8560.0 0.49202409386634827
8570.0 0.2107802778482437
8580.0 0.21586713194847107
8590.0 0.07564708590507507
8600.0 0.07654408365488052
8610.0 0.02745138481259346
8620.0 0.028022045269608498
8630.0 0.010665703564882278
8640.0 0.01109323650598526
8650.0 0.004979125689715147
8660.0 0.004383997991681099
8670.0 0.002340142149478197
8680.0 0.002025567926466465
8690.0 0.0017109831096604466
8700.0 0.0
8710.0 0.0
8720.0 0.0
8730.0 0.0
8740.0 0.0
8750.0 0.0
