decam/transmission_system/s22/i_decam_sdss_c0003_7835.0_1470.0/2012-09-12T00:00:00.ecsv
# %ECSV 1.0
# ---
# datatype:
# - {name: wavelength, unit: Angstrom, datatype: float64}
# - {name: throughput, datatype: float64}
# meta: !!omap
# - {MODE: DETECTOR}
# - {TYPE: transmission_system}
# - {CALIBDATE: '2012-09-12T00:00:00'}
# - {INSTRUME: DECam}
# - {OBSTYPE: transmission_system}
# - {CALIBCLS: lsst.ip.isr.IntermediateSystemTransmissionCurve}
# - {DETECTOR: 10}
# - {DETECTOR_NAME: S22}
# - {SOURCE: i_band_per_detector_throughput.fits}
# - {FILTER: i DECam SDSS c0003 7835.0 1470.0}
# - {CALIB_CREATION_DATE: '2012-09-12'}
# - {CALIB_CREATION_TIME: '00:00:00'}
# schema: astropy-2.0
wavelength throughput
6700.0 0.0
6710.0 0.0
6720.0 0.0
6730.0 0.0
6740.0 0.0
6750.0 0.0
6760.0 0.0007541228551417589
6770.0 0.0008679224993102252
6780.0 0.0009817221434786916
6790.0 0.0010880758054554462
6800.0 0.0011944188736379147
6810.0 0.0013306712498888373
6820.0 0.001466933754272759
6830.0 0.001655786414630711
6840.0 0.0018446494359523058
6850.0 0.002123488811776042
6860.0 0.002402328187599778
6870.0 0.0027659928891807795
6880.0 0.003129657357931137
6890.0 0.0036362209357321262
6900.0 0.004142784047871828
6910.0 0.004890935495495796
6920.0 0.005639097187668085
6930.0 0.00707906112074852
6940.0 0.008519025519490242
6950.0 0.011630861088633537
6960.0 0.014742687344551086
6970.0 0.02224457822740078
6980.0 0.029746467247605324
6990.0 0.04681608825922012
7000.0 0.06388570368289948
7010.0 0.09754978120326996
7020.0 0.13121387362480164
7030.0 0.1872904896736145
7040.0 0.24336710572242737
7050.0 0.32310590147972107
7060.0 0.40284469723701477
7070.0 0.4946778416633606
7080.0 0.5865110158920288
7090.0 0.6695165038108826
7100.0 0.7525219917297363
7110.0 0.8126513957977295
7120.0 0.8727807402610779
7130.0 0.9056793451309204
7140.0 0.9385779500007629
7150.0 0.9516096115112305
7160.0 0.964641273021698
7170.0 0.970012366771698
7180.0 0.9753833413124084
7190.0 0.9768730998039246
7200.0 0.9783629179000854
7210.0 0.9801191091537476
7220.0 0.9818753600120544
7230.0 0.9843804240226746
7240.0 0.9868855476379395
7250.0 0.9892529249191284
7260.0 0.9916204214096069
7270.0 0.9936432242393494
7280.0 0.9956660270690918
7290.0 0.9962226152420044
7300.0 0.9967791438102722
7310.0 0.9966941475868225
7320.0 0.9966092705726624
7330.0 0.9957854151725769
7340.0 0.9949616193771362
7350.0 0.9945405721664429
7360.0 0.9941195845603943
7370.0 0.9951296448707581
7380.0 0.9961397647857666
7390.0 0.9988506436347961
7400.0 1.0015616416931152
7410.0 1.0033831596374512
7420.0 1.005204677581787
7430.0 1.005890130996704
7440.0 1.006575584411621
7450.0 1.0060350894927979
7460.0 1.0054945945739746
7470.0 1.0046427249908447
7480.0 1.0037909746170044
7490.0 1.0040233135223389
7500.0 1.0042556524276733
7510.0 1.004772663116455
7520.0 1.0052896738052368
7530.0 1.0059012174606323
7540.0 1.0065125226974487
7550.0 1.0056697130203247
7560.0 1.0048266649246216
7570.0 1.0031596422195435
7580.0 1.0014926195144653
7590.0 0.9927493333816528
7600.0 0.9840061068534851
7610.0 0.9864230751991272
7620.0 0.9888399839401245
7630.0 0.9909555315971375
7640.0 0.9930711984634399
7650.0 0.9969784021377563
7660.0 1.0008857250213623
7670.0 1.0027673244476318
7680.0 1.0046489238739014
7690.0 1.0045065879821777
7700.0 1.0043643712997437
7710.0 1.0042929649353027
7720.0 1.004221796989441
7730.0 1.0041213035583496
7740.0 1.0040208101272583
7750.0 1.0062987804412842
7760.0 1.00857675075531
7770.0 1.0095834732055664
7780.0 1.0105903148651123
7790.0 1.0113277435302734
7800.0 1.0120651721954346
7810.0 1.0117584466934204
7820.0 1.0114517211914062
7830.0 1.0106197595596313
7840.0 1.009787917137146
7850.0 1.0095576047897339
7860.0 1.0093274116516113
7870.0 1.0084149837493896
7880.0 1.0075026750564575
7890.0 1.0046298503875732
7900.0 1.001757025718689
7910.0 0.9983452558517456
7920.0 0.9949334263801575
7930.0 0.99215167760849
7940.0 0.9893698692321777
7950.0 0.9867547750473022
7960.0 0.9841396808624268
7970.0 0.983729362487793
7980.0 0.983319103717804
7990.0 0.9866130352020264
8000.0 0.989906907081604
8010.0 0.9930591583251953
8020.0 0.9962113499641418
8030.0 0.9970414042472839
8040.0 0.997871458530426
8050.0 0.9965025186538696
8060.0 0.9951336979866028
8070.0 0.9961315989494324
8080.0 0.9971295595169067
8090.0 0.9948939681053162
8100.0 0.9926583170890808
8110.0 0.984930694103241
8120.0 0.9909887313842773
8130.0 0.9898738265037537
8140.0 0.98875892162323
8150.0 0.9881876707077026
8160.0 0.9876164197921753
8170.0 0.9894745349884033
8180.0 0.9885914325714111
8190.0 0.9820975661277771
8200.0 0.9803904891014099
8210.0 0.978683352470398
8220.0 0.9779588580131531
8230.0 0.977234423160553
8240.0 0.9788313508033752
8250.0 0.9804282188415527
8260.0 0.982903778553009
8270.0 0.9853793978691101
8280.0 0.9883266687393188
8290.0 0.9912739396095276
8300.0 0.9942212104797363
8310.0 1.0005698204040527
8320.0 1.001784324645996
8330.0 1.0029988288879395
8340.0 1.0042134523391724
8350.0 1.0033656358718872
8360.0 1.0024309158325195
8370.0 1.0014961957931519
8380.0 1.0005614757537842
8390.0 1.0043766498565674
8400.0 0.9979119896888733
8410.0 0.9991165995597839
8420.0 1.0003212690353394
8430.0 0.9978794455528259
8440.0 1.0037182569503784
8450.0 1.001265525817871
8460.0 0.998812735080719
8470.0 1.0038727521896362
8480.0 1.0089328289031982
8490.0 1.0100737810134888
8500.0 1.0112147331237793
8510.0 0.9912679195404053
8520.0 0.9713211059570312
8530.0 0.8949129581451416
8540.0 0.818504810333252
8550.0 0.6636542081832886
8560.0 0.5088036060333252
8570.0 0.22345112264156342
8580.0 0.22643627226352692
8590.0 0.08119984716176987
8600.0 0.08112471550703049
8610.0 0.02938191033899784
8620.0 0.029802026227116585
8630.0 0.011434905230998993
8640.0 0.012087254785001278
8650.0 0.005224961321800947
8660.0 0.005548289977014065
8670.0 0.0025811074301600456
8680.0 0.0022687760647386312
8690.0 0.001956434454768896
8700.0 0.0
8710.0 0.0
8720.0 0.0
8730.0 0.0
8740.0 0.0
8750.0 0.0
