decam/transmission_system/s14/y_decam_c0005_10095.0_1130.0/2012-09-12T00:00:00.ecsv
# %ECSV 1.0
# ---
# datatype:
# - {name: wavelength, unit: Angstrom, datatype: float64}
# - {name: throughput, datatype: float64}
# meta: !!omap
# - {MODE: DETECTOR}
# - {TYPE: transmission_system}
# - {CALIBDATE: '2012-09-12T00:00:00'}
# - {INSTRUME: DECam}
# - {OBSTYPE: transmission_system}
# - {CALIBCLS: lsst.ip.isr.IntermediateSystemTransmissionCurve}
# - {DETECTOR: 13}
# - {DETECTOR_NAME: S14}
# - {SOURCE: Y_band_per_detector_throughput.fits}
# - {FILTER: Y DECam c0005 10095.0 1130.0}
# - {CALIB_CREATION_DATE: '2012-09-12'}
# - {CALIB_CREATION_TIME: '00:00:00'}
# schema: astropy-2.0
wavelength throughput
9250.0 0.0
9260.0 0.0
9270.0 0.0
9280.0 0.0
9290.0 0.0
9300.0 0.0
9310.0 0.008009834215044975
9320.0 0.008821957744657993
9330.0 0.009634081274271011
9340.0 0.010726871900260448
9350.0 0.011819652281701565
9360.0 0.013223381713032722
9370.0 0.014627112075686455
9380.0 0.016938498243689537
9390.0 0.019249875098466873
9400.0 0.023351138457655907
9410.0 0.027452394366264343
9420.0 0.03579000011086464
9430.0 0.044127609580755234
9440.0 0.062328703701496124
9450.0 0.08052980899810791
9460.0 0.08634153753519058
9470.0 0.16508570313453674
9480.0 0.1740523725748062
9490.0 0.31382933259010315
9500.0 0.32610371708869934
9510.0 0.5193541646003723
9520.0 0.6173312664031982
9530.0 0.7153083086013794
9540.0 0.771004319190979
9550.0 0.8267004489898682
9560.0 0.8423259854316711
9570.0 0.8579515814781189
9580.0 0.858002245426178
9590.0 0.8580530285835266
9600.0 0.8579192161560059
9610.0 0.8577853441238403
9620.0 0.8561651110649109
9630.0 0.8545448184013367
9640.0 0.8536450266838074
9650.0 0.8527451753616333
9660.0 0.8505178093910217
9670.0 0.8482905030250549
9680.0 0.8449977040290833
9690.0 0.8417049646377563
9700.0 0.8385679125785828
9710.0 0.8354308605194092
9720.0 0.8268963694572449
9730.0 0.8183618783950806
9740.0 0.8130661845207214
9750.0 0.8077704310417175
9760.0 0.8024244904518127
9770.0 0.797078549861908
9780.0 0.7911409735679626
9790.0 0.7852033376693726
9800.0 0.7795788049697876
9810.0 0.7739542722702026
9820.0 0.767902135848999
9830.0 0.7618499994277954
9840.0 0.7542154788970947
9850.0 0.7465808391571045
9860.0 0.739381730556488
9870.0 0.7321825623512268
9880.0 0.7224299907684326
9890.0 0.7126773595809937
9900.0 0.703816831111908
9910.0 0.694956362247467
9920.0 0.6848556995391846
9930.0 0.6747550964355469
9940.0 0.6665275692939758
9950.0 0.6583001017570496
9960.0 0.648099958896637
9970.0 0.6378997564315796
9980.0 0.6280820965766907
9990.0 0.6182643175125122
10000.0 0.6072303056716919
10010.0 0.5961962938308716
10020.0 0.5845531821250916
10030.0 0.5729100704193115
10040.0 0.5605905055999756
10050.0 0.5482710003852844
10060.0 0.5368996858596802
10070.0 0.5255284309387207
10080.0 0.5131053924560547
10090.0 0.5006823539733887
10100.0 0.48778071999549866
10110.0 0.47487905621528625
10120.0 0.46406543254852295
10130.0 0.45325183868408203
10140.0 0.4410369396209717
10150.0 0.4288220703601837
10160.0 0.41717028617858887
10170.0 0.4055185317993164
10180.0 0.3929513096809387
10190.0 0.3803841471672058
10200.0 0.3686402440071106
10210.0 0.356896311044693
10220.0 0.3450717031955719
10230.0 0.3332470953464508
10240.0 0.3215131461620331
10250.0 0.30977922677993774
10260.0 0.2988045811653137
10270.0 0.2878299653530121
10280.0 0.2779830992221832
10290.0 0.26813626289367676
10300.0 0.25737929344177246
10310.0 0.24662235379219055
10320.0 0.23607100546360016
10330.0 0.22551965713500977
10340.0 0.21372374892234802
10350.0 0.20192785561084747
10360.0 0.18895377218723297
10370.0 0.17597968876361847
10380.0 0.16791372001171112
10390.0 0.15984776616096497
10400.0 0.15477700531482697
10410.0 0.14970624446868896
10420.0 0.1451159417629242
10430.0 0.14052565395832062
10440.0 0.13580937683582306
10450.0 0.1310930997133255
10460.0 0.12653809785842896
10470.0 0.1219831109046936
10480.0 0.11774428933858871
10490.0 0.11350547522306442
10500.0 0.10886561125516891
10510.0 0.10422573238611221
10520.0 0.10088717937469482
10530.0 0.09754862636327744
10540.0 0.0950172170996666
10550.0 0.09248583018779755
10560.0 0.09042283147573471
10570.0 0.08835982531309128
10580.0 0.08526381850242615
10590.0 0.08216779679059982
10600.0 0.07558669149875641
10610.0 0.069005586206913
10620.0 0.057426054030656815
10630.0 0.04584651440382004
10640.0 0.03440629318356514
10650.0 0.022966081276535988
10660.0 0.01614278368651867
10670.0 0.009319496341049671
10680.0 0.006364879198372364
10690.0 0.00341025204397738
10700.0 0.0
10710.0 0.0
10720.0 0.0
10730.0 0.0
10740.0 0.0
10750.0 0.0
