decam/transmission_system/s17/z_decam_sdss_c0004_9260.0_1520.0/2012-09-12T00:00:00.ecsv
# %ECSV 1.0
# ---
# datatype:
# - {name: wavelength, unit: Angstrom, datatype: float64}
# - {name: throughput, datatype: float64}
# meta: !!omap
# - {MODE: DETECTOR}
# - {TYPE: transmission_system}
# - {CALIBDATE: '2012-09-12T00:00:00'}
# - {INSTRUME: DECam}
# - {OBSTYPE: transmission_system}
# - {CALIBCLS: lsst.ip.isr.IntermediateSystemTransmissionCurve}
# - {DETECTOR: 16}
# - {DETECTOR_NAME: S17}
# - {SOURCE: z_band_per_detector_throughput.fits}
# - {FILTER: z DECam SDSS c0004 9260.0 1520.0}
# - {CALIB_CREATION_DATE: '2012-09-12'}
# - {CALIB_CREATION_TIME: '00:00:00'}
# schema: astropy-2.0
wavelength throughput
8200.0 0.0
8210.0 0.0
8220.0 0.0
8230.0 0.0
8240.0 0.0
8250.0 0.0
8260.0 0.004588086158037186
8270.0 0.005247226916253567
8280.0 0.005925704725086689
8290.0 0.005974587518721819
8300.0 0.0060234591364860535
8310.0 0.006522005423903465
8320.0 0.007499189581722021
8330.0 0.008476373739540577
8340.0 0.009453567676246166
8350.0 0.013622812926769257
8360.0 0.014322341419756413
8370.0 0.015021869912743568
8380.0 0.0157213993370533
8390.0 0.02306903712451458
8400.0 0.027459194883704185
8410.0 0.03184935078024864
8420.0 0.03623950853943825
8430.0 0.06974122673273087
8440.0 0.06385805457830429
8450.0 0.0998767539858818
8460.0 0.13589544594287872
8470.0 0.29973044991493225
8480.0 0.29345810413360596
8490.0 0.42608875036239624
8500.0 0.5587193965911865
8510.0 0.677620530128479
8520.0 0.7965217232704163
8530.0 0.8714879751205444
8540.0 0.9464542269706726
8550.0 0.9728944301605225
8560.0 0.9993345737457275
8570.0 0.9996652603149414
8580.0 1.0085829496383667
8590.0 0.9891936779022217
8600.0 0.9872301816940308
8610.0 0.9888942837715149
8620.0 0.9923276305198669
8630.0 1.0018624067306519
8640.0 1.008865237236023
8650.0 1.0114436149597168
8660.0 1.0092058181762695
8670.0 1.014218807220459
8680.0 1.0131045579910278
8690.0 1.0119903087615967
8700.0 1.0121225118637085
8710.0 1.0122545957565308
8720.0 1.012914776802063
8730.0 1.0135748386383057
8740.0 1.011242151260376
8750.0 1.016046166419983
8760.0 1.0175975561141968
8770.0 1.0191489458084106
8780.0 1.0206140279769897
8790.0 1.0220791101455688
8800.0 1.022717833518982
8810.0 1.0233566761016846
8820.0 1.0242881774902344
8830.0 1.0252197980880737
8840.0 1.0257670879364014
8850.0 1.026314377784729
8860.0 1.027584195137024
8870.0 1.0288538932800293
8880.0 1.0308843851089478
8890.0 1.0329148769378662
8900.0 1.0272221565246582
8910.0 1.0300559997558594
8920.0 1.0291825532913208
8930.0 1.0283091068267822
8940.0 1.027435541152954
8950.0 1.0266600847244263
8960.0 1.0258846282958984
8970.0 1.0258787870407104
8980.0 1.025872826576233
8990.0 1.0266640186309814
9000.0 1.0274553298950195
9010.0 1.0291244983673096
9020.0 1.0307936668395996
9030.0 1.0326448678970337
9040.0 1.0344960689544678
9050.0 1.0349400043487549
9060.0 1.0374424457550049
9070.0 1.0359512567520142
9080.0 1.0344599485397339
9090.0 1.0320347547531128
9100.0 1.0296096801757812
9110.0 1.026039958000183
9120.0 1.0284404754638672
9130.0 1.024006962776184
9140.0 1.0239813327789307
9150.0 1.024440884590149
9160.0 1.023253321647644
9170.0 1.0220657587051392
9180.0 1.022066593170166
9190.0 1.0220675468444824
9200.0 1.0203089714050293
9210.0 1.0185503959655762
9220.0 1.0162006616592407
9230.0 1.0138509273529053
9240.0 1.0079386234283447
9250.0 1.0020264387130737
9260.0 0.9982482194900513
9270.0 0.9944700002670288
9280.0 0.9874511957168579
9290.0 0.9804324507713318
9300.0 0.9755860567092896
9310.0 0.9707396626472473
9320.0 0.9659813046455383
9330.0 0.9612228870391846
9340.0 0.9520905017852783
9350.0 0.9429579973220825
9360.0 0.9305980205535889
9370.0 0.9182380437850952
9380.0 0.9087849855422974
9390.0 0.8993319869041443
9400.0 0.8867930173873901
9410.0 0.8742541074752808
9420.0 0.8659430146217346
9430.0 0.8576319217681885
9440.0 0.850142776966095
9450.0 0.8553004860877991
9460.0 0.8555108308792114
9470.0 0.8569759130477905
9480.0 0.8590521216392517
9490.0 0.8611282110214233
9500.0 0.8596248030662537
9510.0 0.8644490838050842
9520.0 0.8647696375846863
9530.0 0.8650903105735779
9540.0 0.8651737570762634
9550.0 0.865257203578949
9560.0 0.8651455044746399
9570.0 0.8650339245796204
9580.0 0.8635215163230896
9590.0 0.8620091080665588
9600.0 0.8589017987251282
9610.0 0.8557944297790527
9620.0 0.8540897965431213
9630.0 0.8523851037025452
9640.0 0.8506136536598206
9650.0 0.8488422632217407
9660.0 0.8480496406555176
9670.0 0.8472570180892944
9680.0 0.8425145149230957
9690.0 0.837772011756897
9700.0 0.8330295085906982
9710.0 0.8282870054244995
9720.0 0.8242670893669128
9730.0 0.8202471733093262
9740.0 0.816181480884552
9750.0 0.8121157884597778
9760.0 0.806688666343689
9770.0 0.8012616038322449
9780.0 0.8002051711082458
9790.0 0.7991487383842468
9800.0 0.7889952659606934
9810.0 0.7788418531417847
9820.0 0.7714442014694214
9830.0 0.7640465497970581
9840.0 0.7574471235275269
9850.0 0.7508477568626404
9860.0 0.7443544268608093
9870.0 0.737861156463623
9880.0 0.7351195216178894
9890.0 0.7323779463768005
9900.0 0.7332687377929688
9910.0 0.734159529209137
9920.0 0.7359188199043274
9930.0 0.737678050994873
9940.0 0.71712726354599
9950.0 0.6965765953063965
9960.0 0.6324484348297119
9970.0 0.5683202743530273
9980.0 0.4626762866973877
9990.0 0.35703229904174805
10000.0 0.2671292722225189
10010.0 0.1772262156009674
10020.0 0.1257123500108719
10030.0 0.07419846951961517
10040.0 0.052115656435489655
10050.0 0.03003283590078354
10060.0 0.02134324610233307
10070.0 0.012653667479753494
10080.0 0.009619968011975288
10090.0 0.0065862685441970825
10100.0 0.005198323633521795
10110.0 0.0038103682454675436
10120.0 0.0028858573641628027
10130.0 0.001961336238309741
10140.0 0.0019824074115604162
10150.0 0.0
10160.0 0.0
10170.0 0.0
10180.0 0.0
10190.0 0.0
10200.0 0.0
