decam/transmission_system/s30/z_decam_sdss_c0004_9260.0_1520.0/2012-09-12T00:00:00.ecsv
# %ECSV 1.0
# ---
# datatype:
# - {name: wavelength, unit: Angstrom, datatype: float64}
# - {name: throughput, datatype: float64}
# meta: !!omap
# - {MODE: DETECTOR}
# - {TYPE: transmission_system}
# - {CALIBDATE: '2012-09-12T00:00:00'}
# - {INSTRUME: DECam}
# - {OBSTYPE: transmission_system}
# - {CALIBCLS: lsst.ip.isr.IntermediateSystemTransmissionCurve}
# - {DETECTOR: 2}
# - {DETECTOR_NAME: S30}
# - {SOURCE: z_band_per_detector_throughput.fits}
# - {FILTER: z DECam SDSS c0004 9260.0 1520.0}
# - {CALIB_CREATION_DATE: '2012-09-12'}
# - {CALIB_CREATION_TIME: '00:00:00'}
# schema: astropy-2.0
wavelength throughput
8200.0 0.0
8210.0 0.0
8220.0 0.0
8230.0 0.0
8240.0 0.0
8250.0 0.0
8260.0 0.0063253119587898254
8270.0 0.007082187104970217
8280.0 0.007869251072406769
8290.0 0.008008956909179688
8300.0 0.008148660883307457
8310.0 0.008930605836212635
8320.0 0.010099908336997032
8330.0 0.011269206181168556
8340.0 0.012438509613275528
8350.0 0.01749761588871479
8360.0 0.018821261823177338
8370.0 0.020144905894994736
8380.0 0.02146855741739273
8390.0 0.033344823867082596
8400.0 0.04201482981443405
8410.0 0.050684839487075806
8420.0 0.05935484170913696
8430.0 0.1271514892578125
8440.0 0.12166958302259445
8450.0 0.18765297532081604
8460.0 0.2536363899707794
8470.0 0.46654200553894043
8480.0 0.45972320437431335
8490.0 0.5872423648834229
8500.0 0.71476149559021
8510.0 0.7998008728027344
8520.0 0.8848403096199036
8530.0 0.9264215230941772
8540.0 0.9680026769638062
8550.0 0.9744638204574585
8560.0 0.9809249639511108
8570.0 0.9724375009536743
8580.0 0.9818716049194336
8590.0 0.9686506986618042
8600.0 0.9673870801925659
8610.0 0.9746694564819336
8620.0 0.9793723821640015
8630.0 0.9892075657844543
8640.0 0.9980275630950928
8650.0 0.9995675086975098
8660.0 0.9967038631439209
8670.0 1.0042779445648193
8680.0 1.0043177604675293
8690.0 1.0043575763702393
8700.0 1.0048396587371826
8710.0 1.0053216218948364
8720.0 1.0054010152816772
8730.0 1.005480408668518
8740.0 1.0045933723449707
8750.0 1.0063014030456543
8760.0 1.007249355316162
8770.0 1.00819730758667
8780.0 1.0099612474441528
8790.0 1.0117253065109253
8800.0 1.0136144161224365
8810.0 1.0155035257339478
8820.0 1.018285870552063
8830.0 1.0210682153701782
8840.0 1.0231746435165405
8850.0 1.0252809524536133
8860.0 1.0271375179290771
8870.0 1.028994083404541
8880.0 1.0302863121032715
8890.0 1.031578540802002
8900.0 1.027445673942566
8910.0 1.0265862941741943
8920.0 1.0251498222351074
8930.0 1.02371346950531
8940.0 1.0222769975662231
8950.0 1.021068811416626
8960.0 1.0198606252670288
8970.0 1.0200870037078857
8980.0 1.0203132629394531
8990.0 1.0217068195343018
9000.0 1.0231003761291504
9010.0 1.025353193283081
9020.0 1.0276058912277222
9030.0 1.0298254489898682
9040.0 1.0320451259613037
9050.0 1.032548427581787
9060.0 1.0357844829559326
9070.0 1.0349851846694946
9080.0 1.034185767173767
9090.0 1.031909704208374
9100.0 1.0296334028244019
9110.0 1.027271032333374
9120.0 1.0288658142089844
9130.0 1.0267678499221802
9140.0 1.0252995491027832
9150.0 1.026381492614746
9160.0 1.02596116065979
9170.0 1.025541067123413
9180.0 1.0263551473617554
9190.0 1.0271692276000977
9200.0 1.0262653827667236
9210.0 1.0253615379333496
9220.0 1.0241570472717285
9230.0 1.0229525566101074
9240.0 1.017675757408142
9250.0 1.0123989582061768
9260.0 1.0084984302520752
9270.0 1.0045979022979736
9280.0 0.9965689182281494
9290.0 0.98853999376297
9300.0 0.9821604490280151
9310.0 0.9757809638977051
9320.0 0.9692873954772949
9330.0 0.9627938866615295
9340.0 0.9529073238372803
9350.0 0.9430207014083862
9360.0 0.9305579662322998
9370.0 0.9180952310562134
9380.0 0.9093146920204163
9390.0 0.9005340337753296
9400.0 0.8888282775878906
9410.0 0.8771225214004517
9420.0 0.8692489862442017
9430.0 0.8613755702972412
9440.0 0.8549072742462158
9450.0 0.8591077923774719
9460.0 0.860381543636322
9470.0 0.8602467775344849
9480.0 0.8612949848175049
9490.0 0.8623433113098145
9500.0 0.862204909324646
9510.0 0.8657465577125549
9520.0 0.8668816089630127
9530.0 0.8680166602134705
9540.0 0.8694775104522705
9550.0 0.8709383606910706
9560.0 0.872718095779419
9570.0 0.8744978308677673
9580.0 0.8746398687362671
9590.0 0.8747819662094116
9600.0 0.8724533319473267
9610.0 0.8701246976852417
9620.0 0.8679277896881104
9630.0 0.865730881690979
9640.0 0.862602949142456
9650.0 0.8594748973846436
9660.0 0.8568917512893677
9670.0 0.8543086051940918
9680.0 0.8506089448928833
9690.0 0.8469092845916748
9700.0 0.8432096242904663
9710.0 0.8395100235939026
9720.0 0.8350471258163452
9730.0 0.8305842876434326
9740.0 0.8262219429016113
9750.0 0.82185959815979
9760.0 0.8153709173202515
9770.0 0.8088821172714233
9780.0 0.8013409376144409
9790.0 0.793799638748169
9800.0 0.7843879461288452
9810.0 0.7749761343002319
9820.0 0.7650366425514221
9830.0 0.7550971508026123
9840.0 0.7450889945030212
9850.0 0.7350808382034302
9860.0 0.7243640422821045
9870.0 0.7136472463607788
9880.0 0.703178346157074
9890.0 0.6927095055580139
9900.0 0.6788994669914246
9910.0 0.6650893688201904
9920.0 0.644838809967041
9930.0 0.6245882511138916
9940.0 0.5890847444534302
9950.0 0.5535812377929688
9960.0 0.5097324252128601
9970.0 0.46588361263275146
9980.0 0.4161798059940338
9990.0 0.36647599935531616
10000.0 0.3120124936103821
10010.0 0.2575490176677704
10020.0 0.19824200868606567
10030.0 0.13893496990203857
10040.0 0.09783637523651123
10050.0 0.05673778057098389
10060.0 0.03899574652314186
10070.0 0.021253716200590134
10080.0 0.015313524752855301
10090.0 0.009373337961733341
10100.0 0.007034161128103733
10110.0 0.004694984294474125
10120.0 0.0034230928868055344
10130.0 0.0021511907689273357
10140.0 0.0021031496580690145
10150.0 0.0
10160.0 0.0
10170.0 0.0
10180.0 0.0
10190.0 0.0
10200.0 0.0
