decam/transmission_system/s30/i_decam_sdss_c0003_7835.0_1470.0/2012-09-12T00:00:00.ecsv
# %ECSV 1.0
# ---
# datatype:
# - {name: wavelength, unit: Angstrom, datatype: float64}
# - {name: throughput, datatype: float64}
# meta: !!omap
# - {MODE: DETECTOR}
# - {TYPE: transmission_system}
# - {CALIBDATE: '2012-09-12T00:00:00'}
# - {INSTRUME: DECam}
# - {OBSTYPE: transmission_system}
# - {CALIBCLS: lsst.ip.isr.IntermediateSystemTransmissionCurve}
# - {DETECTOR: 2}
# - {DETECTOR_NAME: S30}
# - {SOURCE: i_band_per_detector_throughput.fits}
# - {FILTER: i DECam SDSS c0003 7835.0 1470.0}
# - {CALIB_CREATION_DATE: '2012-09-12'}
# - {CALIB_CREATION_TIME: '00:00:00'}
# schema: astropy-2.0
wavelength throughput
6700.0 0.0
6710.0 0.0
6720.0 0.0
6730.0 0.0
6740.0 0.0
6750.0 0.0
6760.0 0.0013426400255411863
6770.0 0.0015629853587597609
6780.0 0.0017833203310146928
6790.0 0.0020074823405593634
6800.0 0.0022316337563097477
6810.0 0.0024945891927927732
6820.0 0.002757544629275799
6830.0 0.003055622335523367
6840.0 0.003353694686666131
6850.0 0.003728393465280533
6860.0 0.004103097598999739
6870.0 0.004559848923236132
6880.0 0.005016595125198364
6890.0 0.0055514732375741005
6900.0 0.006086346227675676
6910.0 0.006695114076137543
6920.0 0.007303872145712376
6930.0 0.00816649291664362
6940.0 0.009029113687574863
6950.0 0.010254614986479282
6960.0 0.011480122804641724
6970.0 0.013715172186493874
6980.0 0.01595022901892662
6990.0 0.02095286175608635
7000.0 0.025955498218536377
7010.0 0.037359338253736496
7020.0 0.04876316338777542
7030.0 0.07206963002681732
7040.0 0.09537607431411743
7050.0 0.13699543476104736
7060.0 0.1786147952079773
7070.0 0.24301984906196594
7080.0 0.307424932718277
7090.0 0.39528918266296387
7100.0 0.48315346240997314
7110.0 0.5800172686576843
7120.0 0.6768810749053955
7130.0 0.7567751407623291
7140.0 0.8366692066192627
7150.0 0.8843668103218079
7160.0 0.9320642948150635
7170.0 0.9517195820808411
7180.0 0.9713748693466187
7190.0 0.9729529023170471
7200.0 0.974530816078186
7210.0 0.9731084108352661
7220.0 0.9716860055923462
7230.0 0.9741227626800537
7240.0 0.9765595197677612
7250.0 0.9826978445053101
7260.0 0.9888361692428589
7270.0 0.9952147006988525
7280.0 1.0015932321548462
7290.0 1.002765417098999
7300.0 1.0039374828338623
7310.0 1.0005545616149902
7320.0 0.9971718788146973
7330.0 0.9934296607971191
7340.0 0.989687442779541
7350.0 0.9892039895057678
7360.0 0.9887205362319946
7370.0 0.9916143417358398
7380.0 0.9945082664489746
7390.0 0.9987283945083618
7400.0 1.0029484033584595
7410.0 1.0050148963928223
7420.0 1.0070815086364746
7430.0 1.0075103044509888
7440.0 1.007939100265503
7450.0 1.0076799392700195
7460.0 1.0074207782745361
7470.0 1.0073293447494507
7480.0 1.0072379112243652
7490.0 1.0079317092895508
7500.0 1.0086256265640259
7510.0 1.008895754814148
7520.0 1.0091657638549805
7530.0 1.0091896057128906
7540.0 1.0092134475708008
7550.0 1.0079469680786133
7560.0 1.0066804885864258
7570.0 1.0048518180847168
7580.0 1.0030232667922974
7590.0 0.9939712285995483
7600.0 0.9849190711975098
7610.0 0.9864097237586975
7620.0 0.9879003763198853
7630.0 0.9885773658752441
7640.0 0.9892544746398926
7650.0 0.9921709299087524
7660.0 0.9950875043869019
7670.0 0.9966638088226318
7680.0 0.9982401132583618
7690.0 0.999249279499054
7700.0 1.000258445739746
7710.0 1.0024268627166748
7720.0 1.004595160484314
7730.0 1.0069479942321777
7740.0 1.009300708770752
7750.0 1.0132801532745361
7760.0 1.0172595977783203
7770.0 1.0182945728302002
7780.0 1.0193296670913696
7790.0 1.018782138824463
7800.0 1.0182344913482666
7810.0 1.0166451930999756
7820.0 1.0150558948516846
7830.0 1.0143848657608032
7840.0 1.0137138366699219
7850.0 1.0152549743652344
7860.0 1.0167961120605469
7870.0 1.0182000398635864
7880.0 1.019603967666626
7890.0 1.0175979137420654
7900.0 1.0155916213989258
7910.0 1.010221004486084
7920.0 1.0048503875732422
7930.0 0.9981374740600586
7940.0 0.9914244413375854
7950.0 0.9854831099510193
7960.0 0.9795417189598083
7970.0 0.9788168668746948
7980.0 0.9780920147895813
7990.0 0.9840161204338074
8000.0 0.9899402856826782
8010.0 0.9955108165740967
8020.0 1.0010814666748047
8030.0 1.0049090385437012
8040.0 1.0087366104125977
8050.0 1.0078636407852173
8060.0 1.006990671157837
8070.0 1.0048918724060059
8080.0 1.0027930736541748
8090.0 0.9965532422065735
8100.0 0.9903135299682617
8110.0 0.979124903678894
8120.0 0.9854418039321899
8130.0 0.9863063097000122
8140.0 0.987170934677124
8150.0 0.9912184476852417
8160.0 0.9952658414840698
8170.0 1.0061748027801514
8180.0 1.0047504901885986
8190.0 0.9996455907821655
8200.0 0.9945483207702637
8210.0 0.9894510507583618
8220.0 0.9838076233863831
8230.0 0.9781641960144043
8240.0 0.9771150350570679
8250.0 0.9760658740997314
8260.0 0.9798394441604614
8270.0 0.983613133430481
8280.0 0.9896098375320435
8290.0 0.9956066012382507
8300.0 1.001603364944458
8310.0 1.017259120941162
8320.0 1.0190621614456177
8330.0 1.0208652019500732
8340.0 1.0226681232452393
8350.0 1.014329195022583
8360.0 1.0097565650939941
8370.0 1.0051839351654053
8380.0 1.0006111860275269
8390.0 0.9972697496414185
8400.0 0.9909409284591675
8410.0 0.9916907548904419
8420.0 0.9924405813217163
8430.0 0.9933881759643555
8440.0 0.9997978210449219
8450.0 1.0002690553665161
8460.0 1.0007402896881104
8470.0 1.008234977722168
8480.0 1.0157299041748047
8490.0 1.0165181159973145
8500.0 1.0173063278198242
8510.0 0.9892370700836182
8520.0 0.9611678123474121
8530.0 0.8755708932876587
8540.0 0.7899739742279053
8550.0 0.6482346057891846
8560.0 0.5064953565597534
8570.0 0.2488572895526886
8580.0 0.2543312907218933
8590.0 0.09926076233386993
8600.0 0.09999051690101624
8610.0 0.035975582897663116
8620.0 0.036442771553993225
8630.0 0.012992829084396362
8640.0 0.013258956372737885
8650.0 0.0054033249616622925
8660.0 0.004834040999412537
8670.0 0.00237368606030941
8680.0 0.0019513302249833941
8690.0 0.0015289742732420564
8700.0 0.0
8710.0 0.0
8720.0 0.0
8730.0 0.0
8740.0 0.0
8750.0 0.0
