decam/transmission_system/n10/r_decam_sdss_c0002_6415.0_1480.0/2012-09-12T00:00:00.ecsv
# %ECSV 1.0
# ---
# datatype:
# - {name: wavelength, unit: Angstrom, datatype: float64}
# - {name: throughput, datatype: float64}
# meta: !!omap
# - {MODE: DETECTOR}
# - {TYPE: transmission_system}
# - {CALIBDATE: '2012-09-12T00:00:00'}
# - {INSTRUME: DECam}
# - {OBSTYPE: transmission_system}
# - {CALIBCLS: lsst.ip.isr.IntermediateSystemTransmissionCurve}
# - {DETECTOR: 41}
# - {DETECTOR_NAME: N10}
# - {SOURCE: r_band_per_detector_throughput.fits}
# - {FILTER: r DECam SDSS c0002 6415.0 1480.0}
# - {CALIB_CREATION_DATE: '2012-09-12'}
# - {CALIB_CREATION_TIME: '00:00:00'}
# schema: astropy-2.0
wavelength throughput
5350.0 0.0
5360.0 0.0
5370.0 0.0
5380.0 0.0
5390.0 0.0
5400.0 0.0
5410.0 0.00158402556553483
5420.0 0.0018152805278077722
5430.0 0.002157676499336958
5440.0 0.0025000828318297863
5450.0 0.002954128896817565
5460.0 0.0034081749618053436
5470.0 0.003912567626684904
5480.0 0.004416960757225752
5490.0 0.0051832860335707664
5500.0 0.005949621554464102
5510.0 0.006996645126491785
5520.0 0.008043679408729076
5530.0 0.009350028820335865
5540.0 0.010656367987394333
5550.0 0.012423336505889893
5560.0 0.014190294779837132
5570.0 0.016502253711223602
5580.0 0.018814198672771454
5590.0 0.022579506039619446
5600.0 0.026344813406467438
5610.0 0.03650044649839401
5620.0 0.046656087040901184
5630.0 0.08572933822870255
5640.0 0.1248025968670845
5650.0 0.24538880586624146
5660.0 0.3659749925136566
5670.0 0.5189034342765808
5680.0 0.6718318462371826
5690.0 0.7347506284713745
5700.0 0.7976694107055664
5710.0 0.8097656965255737
5720.0 0.821861982345581
5730.0 0.8246987462043762
5740.0 0.8275356292724609
5750.0 0.8309788703918457
5760.0 0.8344220519065857
5770.0 0.8407684564590454
5780.0 0.8471149802207947
5790.0 0.8501105904579163
5800.0 0.8531062602996826
5810.0 0.8564335107803345
5820.0 0.8597607016563416
5830.0 0.8615438342094421
5840.0 0.8633269667625427
5850.0 0.8622123599052429
5860.0 0.8610977530479431
5870.0 0.859849750995636
5880.0 0.8586017489433289
5890.0 0.8587700724601746
5900.0 0.8589383959770203
5910.0 0.8609781861305237
5920.0 0.8630180358886719
5930.0 0.8648620247840881
5940.0 0.8667060732841492
5950.0 0.8658374547958374
5960.0 0.8649687170982361
5970.0 0.8649908900260925
5980.0 0.8650130033493042
5990.0 0.8677064180374146
6000.0 0.8703998327255249
6010.0 0.8727800846099854
6020.0 0.875160276889801
6030.0 0.8760175704956055
6040.0 0.8769682049751282
6050.0 0.8771376013755798
6060.0 0.8773069381713867
6070.0 0.877153217792511
6080.0 0.8769996166229248
6090.0 0.8768576979637146
6100.0 0.8767157793045044
6110.0 0.8790576457977295
6120.0 0.8813995718955994
6130.0 0.8853089213371277
6140.0 0.8892183303833008
6150.0 0.890073835849762
6160.0 0.8909293413162231
6170.0 0.8912623524665833
6180.0 0.8915952444076538
6190.0 0.8922127485275269
6200.0 0.8928301930427551
6210.0 0.8928592801094055
6220.0 0.8928883671760559
6230.0 0.8937668204307556
6240.0 0.8946451544761658
6250.0 0.8962514400482178
6260.0 0.8978577852249146
6270.0 0.8978005647659302
6280.0 0.897743284702301
6290.0 0.8982858061790466
6300.0 0.8988282680511475
6310.0 0.9006227254867554
6320.0 0.9024171829223633
6330.0 0.9021791219711304
6340.0 0.9019410014152527
6350.0 0.9025392532348633
6360.0 0.9031375646591187
6370.0 0.905890703201294
6380.0 0.9086437821388245
6390.0 0.9092572331428528
6400.0 0.9098707437515259
6410.0 0.9103601574897766
6420.0 0.9108495712280273
6430.0 0.9114707708358765
6440.0 0.9120920896530151
6450.0 0.9114271998405457
6460.0 0.9107623100280762
6470.0 0.9105932712554932
6480.0 0.9104242920875549
6490.0 0.9116930961608887
6500.0 0.9129619598388672
6510.0 0.9129374027252197
6520.0 0.9129127860069275
6530.0 0.9133851528167725
6540.0 0.9138575196266174
6550.0 0.9159615635871887
6560.0 0.91806560754776
6570.0 0.9192917346954346
6580.0 0.9205178022384644
6590.0 0.9206106662750244
6600.0 0.9207035899162292
6610.0 0.9208613038063049
6620.0 0.9210190176963806
6630.0 0.9209849834442139
6640.0 0.9209509491920471
6650.0 0.9202929139137268
6660.0 0.9196349382400513
6670.0 0.920504093170166
6680.0 0.921373188495636
6690.0 0.9232836365699768
6700.0 0.9251939654350281
6710.0 0.9259516000747681
6720.0 0.9267091751098633
6730.0 0.926499605178833
6740.0 0.926289975643158
6750.0 0.9256160259246826
6760.0 0.924942135810852
6770.0 0.9245917797088623
6780.0 0.9242414236068726
6790.0 0.9247372150421143
6800.0 0.9252330660820007
6810.0 0.9255402088165283
6820.0 0.9258473515510559
6830.0 0.9263302087783813
6840.0 0.9268131852149963
6850.0 0.9264113306999207
6860.0 0.926009476184845
6870.0 0.9251409769058228
6880.0 0.9242725968360901
6890.0 0.9243283271789551
6900.0 0.9243839979171753
6910.0 0.9232088327407837
6920.0 0.9220337271690369
6930.0 0.9211007952690125
6940.0 0.9201678037643433
6950.0 0.919952392578125
6960.0 0.9197369813919067
6970.0 0.9193776249885559
6980.0 0.9190182685852051
6990.0 0.9184004068374634
7000.0 0.9177825450897217
7010.0 0.9184402227401733
7020.0 0.9190979599952698
7030.0 0.9187471270561218
7040.0 0.9183961749076843
7050.0 0.9161719679832458
7060.0 0.9139476418495178
7070.0 0.9125880599021912
7080.0 0.9112285375595093
7090.0 0.9050355553627014
7100.0 0.8988425731658936
7110.0 0.8872014284133911
7120.0 0.8755603432655334
7130.0 0.8702477812767029
7140.0 0.8649352192878723
7150.0 0.7899602651596069
7160.0 0.7149852514266968
7170.0 0.5479550361633301
7180.0 0.3809248208999634
7190.0 0.2582508623600006
7200.0 0.13557688891887665
7210.0 0.08741053193807602
7220.0 0.03924417123198509
7230.0 0.029947947710752487
7240.0 0.020651713013648987
7250.0 0.01350986398756504
7260.0 0.006368005182594061
7270.0 0.004402130376547575
7280.0 0.0024362457916140556
7290.0 0.0018129126401618123
7300.0 0.0011895691277459264
7310.0 0.0009765400318428874
7320.0 0.0007635109359398484
7330.0 0.0006473538232967257
7340.0 0.0005312071298249066
7350.0 0.0
7360.0 0.0
7370.0 0.0
7380.0 0.0
7390.0 0.0
7400.0 0.0
