decam/transmission_system/s12/r_decam_sdss_c0002_6415.0_1480.0/2012-09-12T00:00:00.ecsv
# %ECSV 1.0
# ---
# datatype:
# - {name: wavelength, unit: Angstrom, datatype: float64}
# - {name: throughput, datatype: float64}
# meta: !!omap
# - {MODE: DETECTOR}
# - {TYPE: transmission_system}
# - {CALIBDATE: '2012-09-12T00:00:00'}
# - {INSTRUME: DECam}
# - {OBSTYPE: transmission_system}
# - {CALIBCLS: lsst.ip.isr.IntermediateSystemTransmissionCurve}
# - {DETECTOR: 23}
# - {DETECTOR_NAME: S12}
# - {SOURCE: r_band_per_detector_throughput.fits}
# - {FILTER: r DECam SDSS c0002 6415.0 1480.0}
# - {CALIB_CREATION_DATE: '2012-09-12'}
# - {CALIB_CREATION_TIME: '00:00:00'}
# schema: astropy-2.0
wavelength throughput
5350.0 0.0
5360.0 0.0
5370.0 0.0
5380.0 0.0
5390.0 0.0
5400.0 0.0
5410.0 0.002634580247104168
5420.0 0.0029578362591564655
5430.0 0.003366831922903657
5440.0 0.0037758273538202047
5450.0 0.004317471757531166
5460.0 0.0048591154627501965
5470.0 0.005424936302006245
5480.0 0.005990767385810614
5490.0 0.006820960436016321
5500.0 0.007651153951883316
5510.0 0.008615356869995594
5520.0 0.009579558856785297
5530.0 0.01071937382221222
5540.0 0.011859187856316566
5550.0 0.013498586602509022
5560.0 0.015137974172830582
5570.0 0.017425870522856712
5580.0 0.0197137538343668
5590.0 0.023505201563239098
5600.0 0.027296656742691994
5610.0 0.03658232092857361
5620.0 0.045867979526519775
5630.0 0.0798223465681076
5640.0 0.11377672106027603
5650.0 0.21869847178459167
5660.0 0.3236202001571655
5670.0 0.4884437918663025
5680.0 0.6532673239707947
5690.0 0.7279701232910156
5700.0 0.8026728630065918
5710.0 0.8135301470756531
5720.0 0.8243875503540039
5730.0 0.8287397027015686
5740.0 0.8330919742584229
5750.0 0.8378956913948059
5760.0 0.8426994681358337
5770.0 0.8449382781982422
5780.0 0.8471772074699402
5790.0 0.8492016196250916
5800.0 0.8512259721755981
5810.0 0.8561204075813293
5820.0 0.8610147833824158
5830.0 0.8619851469993591
5840.0 0.862955629825592
5850.0 0.8618662357330322
5860.0 0.8607769012451172
5870.0 0.8582836985588074
5880.0 0.8557905554771423
5890.0 0.8562288284301758
5900.0 0.8566672205924988
5910.0 0.8606387376785278
5920.0 0.8646101951599121
5930.0 0.8665421605110168
5940.0 0.8684741258621216
5950.0 0.8677660822868347
5960.0 0.8670579791069031
5970.0 0.868125855922699
5980.0 0.8691937923431396
5990.0 0.8715745806694031
6000.0 0.8739554286003113
6010.0 0.8749723434448242
6020.0 0.8759891986846924
6030.0 0.8786787390708923
6040.0 0.8792429566383362
6050.0 0.8796495199203491
6060.0 0.8800561428070068
6070.0 0.8783186674118042
6080.0 0.8765812516212463
6090.0 0.8773326873779297
6100.0 0.8780840635299683
6110.0 0.8817548751831055
6120.0 0.8854257464408875
6130.0 0.8875902891159058
6140.0 0.8897548317909241
6150.0 0.8903199434280396
6160.0 0.8908851146697998
6170.0 0.8929404020309448
6180.0 0.8949958086013794
6190.0 0.8948359489440918
6200.0 0.8946760296821594
6210.0 0.8945401310920715
6220.0 0.8944041728973389
6230.0 0.895767867565155
6240.0 0.897131621837616
6250.0 0.8969612121582031
6260.0 0.8967907428741455
6270.0 0.8976227045059204
6280.0 0.8984547257423401
6290.0 0.9008049368858337
6300.0 0.9031551480293274
6310.0 0.9029959440231323
6320.0 0.902836799621582
6330.0 0.9023903012275696
6340.0 0.9019438624382019
6350.0 0.9045372009277344
6360.0 0.9071304798126221
6370.0 0.9088090658187866
6380.0 0.9104877710342407
6390.0 0.9103527069091797
6400.0 0.9102176427841187
6410.0 0.9111555814743042
6420.0 0.9120935201644897
6430.0 0.9114428162574768
6440.0 0.9107920527458191
6450.0 0.9102903604507446
6460.0 0.9097886085510254
6470.0 0.910950779914856
6480.0 0.9121129512786865
6490.0 0.9122874736785889
6500.0 0.9124619960784912
6510.0 0.91175776720047
6520.0 0.9110535979270935
6530.0 0.9132611155509949
6540.0 0.9154686331748962
6550.0 0.9176847338676453
6560.0 0.9199007749557495
6570.0 0.9201644062995911
6580.0 0.9204280376434326
6590.0 0.9208680391311646
6600.0 0.9213080406188965
6610.0 0.9207471013069153
6620.0 0.9201862215995789
6630.0 0.9188957810401917
6640.0 0.917605459690094
6650.0 0.9175220131874084
6660.0 0.9174386262893677
6670.0 0.9198890328407288
6680.0 0.9223394989967346
6690.0 0.9242910146713257
6700.0 0.926242470741272
6710.0 0.9263496398925781
6720.0 0.926456868648529
6730.0 0.925776481628418
6740.0 0.9250959753990173
6750.0 0.9237279295921326
6760.0 0.922359824180603
6770.0 0.9219754338264465
6780.0 0.9215911030769348
6790.0 0.9227344393730164
6800.0 0.9238777160644531
6810.0 0.9241079092025757
6820.0 0.9243379831314087
6830.0 0.9244948625564575
6840.0 0.9246518611907959
6850.0 0.9246264696121216
6860.0 0.9246010184288025
6870.0 0.9242274761199951
6880.0 0.9238539338111877
6890.0 0.9234756231307983
6900.0 0.9230974316596985
6910.0 0.9215185046195984
6920.0 0.9199395179748535
6930.0 0.9194691777229309
6940.0 0.9189988374710083
6950.0 0.9184442758560181
6960.0 0.9178897142410278
6970.0 0.9165600538253784
6980.0 0.9152304530143738
6990.0 0.9156864881515503
7000.0 0.916142463684082
7010.0 0.9170194268226624
7020.0 0.9178963303565979
7030.0 0.9142481088638306
7040.0 0.9105998873710632
7050.0 0.9075829982757568
7060.0 0.9045660495758057
7070.0 0.8948631882667542
7080.0 0.8851602077484131
7090.0 0.8643098473548889
7100.0 0.8434594869613647
7110.0 0.840667188167572
7120.0 0.8378749489784241
7130.0 0.77933669090271
7140.0 0.7207984328269958
7150.0 0.5370230078697205
7160.0 0.35324758291244507
7170.0 0.23099066317081451
7180.0 0.10873374342918396
7190.0 0.07027339935302734
7200.0 0.03181304410099983
7210.0 0.02052096650004387
7220.0 0.009228897280991077
7230.0 0.007302433717995882
7240.0 0.005375960376113653
7250.0 0.0038637786637991667
7260.0 0.0023515867069363594
7270.0 0.0017976050730794668
7280.0 0.0012436338001862168
7290.0 0.0009906222112476826
7300.0 0.0007376105641014874
7310.0 0.0006466580671258271
7320.0 0.0005557055119425058
7330.0 0.0004938104539178312
7340.0 0.0004319257859606296
7350.0 0.0
7360.0 0.0
7370.0 0.0
7380.0 0.0
7390.0 0.0
7400.0 0.0
