decam/transmission_system/s19/i_decam_sdss_c0003_7835.0_1470.0/2012-09-12T00:00:00.ecsv
# %ECSV 1.0
# ---
# datatype:
# - {name: wavelength, unit: Angstrom, datatype: float64}
# - {name: throughput, datatype: float64}
# meta: !!omap
# - {MODE: DETECTOR}
# - {TYPE: transmission_system}
# - {CALIBDATE: '2012-09-12T00:00:00'}
# - {INSTRUME: DECam}
# - {OBSTYPE: transmission_system}
# - {CALIBCLS: lsst.ip.isr.IntermediateSystemTransmissionCurve}
# - {DETECTOR: 18}
# - {DETECTOR_NAME: S19}
# - {SOURCE: i_band_per_detector_throughput.fits}
# - {FILTER: i DECam SDSS c0003 7835.0 1470.0}
# - {CALIB_CREATION_DATE: '2012-09-12'}
# - {CALIB_CREATION_TIME: '00:00:00'}
# schema: astropy-2.0
wavelength throughput
6700.0 0.0
6710.0 0.0
6720.0 0.0
6730.0 0.0
6740.0 0.0
6750.0 0.0
6760.0 0.0010155567433685064
6770.0 0.0011835561599582434
6780.0 0.0013515555765479803
6790.0 0.001523844082839787
6800.0 0.0016961221117526293
6810.0 0.0019236280350014567
6820.0 0.0021511337254196405
6830.0 0.0024127133656293154
6840.0 0.0026743030175566673
6850.0 0.0030272086150944233
6860.0 0.003380114445462823
6870.0 0.0037957769818603992
6880.0 0.004211439751088619
6890.0 0.004718107171356678
6900.0 0.0052247741259634495
6910.0 0.005832747556269169
6920.0 0.0064407214522361755
6930.0 0.007301250007003546
6940.0 0.008161777630448341
6950.0 0.009422734379768372
6960.0 0.010683679953217506
6970.0 0.012866799719631672
6980.0 0.015049920417368412
6990.0 0.01989605277776718
7000.0 0.02474217861890793
7010.0 0.036047063767910004
7020.0 0.047351937741041183
7030.0 0.07088775187730789
7040.0 0.09442358464002609
7050.0 0.13678975403308868
7060.0 0.17915591597557068
7070.0 0.24323239922523499
7080.0 0.3073088526725769
7090.0 0.39045485854148865
7100.0 0.4736008644104004
7110.0 0.5629855394363403
7120.0 0.652370274066925
7130.0 0.7290195226669312
7140.0 0.8056687116622925
7150.0 0.8563573956489563
7160.0 0.9070461392402649
7170.0 0.9317676424980164
7180.0 0.9564892053604126
7190.0 0.9604477882385254
7200.0 0.9644063115119934
7210.0 0.9621412754058838
7220.0 0.9598762392997742
7230.0 0.9610152244567871
7240.0 0.9621541500091553
7250.0 0.9689977765083313
7260.0 0.9758413434028625
7270.0 0.9849157333374023
7280.0 0.9939901828765869
7290.0 0.9981500506401062
7300.0 1.002309799194336
7310.0 0.99961918592453
7320.0 0.9969284534454346
7330.0 0.9911089539527893
7340.0 0.985289454460144
7350.0 0.9824109077453613
7360.0 0.9795323610305786
7370.0 0.9817781448364258
7380.0 0.9840239882469177
7390.0 0.989922046661377
7400.0 0.9958200454711914
7410.0 1.0001850128173828
7420.0 1.0045499801635742
7430.0 1.0060722827911377
7440.0 1.0075945854187012
7450.0 1.0068186521530151
7460.0 1.0060428380966187
7470.0 1.0049892663955688
7480.0 1.0039358139038086
7490.0 1.0045361518859863
7500.0 1.005136489868164
7510.0 1.0062648057937622
7520.0 1.0073931217193604
7530.0 1.008522629737854
7540.0 1.0096521377563477
7550.0 1.0085138082504272
7560.0 1.0073754787445068
7570.0 1.0047537088394165
7580.0 1.0021318197250366
7590.0 0.9919453859329224
7600.0 0.9817589521408081
7610.0 0.9825753569602966
7620.0 0.9833917617797852
7630.0 0.9840044379234314
7640.0 0.9846171736717224
7650.0 0.987906813621521
7660.0 0.9911963939666748
7670.0 0.9926961660385132
7680.0 0.9941959381103516
7690.0 0.9945248365402222
7700.0 0.9948537945747375
7710.0 0.9967331886291504
7720.0 0.9986125230789185
7730.0 1.0015454292297363
7740.0 1.0044782161712646
7750.0 1.0099925994873047
7760.0 1.0155071020126343
7770.0 1.01807701587677
7780.0 1.0206469297409058
7790.0 1.020603895187378
7800.0 1.0205607414245605
7810.0 1.0182799100875854
7820.0 1.0159989595413208
7830.0 1.014245867729187
7840.0 1.0124928951263428
7850.0 1.013997197151184
7860.0 1.0155014991760254
7870.0 1.0184640884399414
7880.0 1.0214266777038574
7890.0 1.0215176343917847
7900.0 1.021608591079712
7910.0 1.017147421836853
7920.0 1.0126861333847046
7930.0 1.0041102170944214
7940.0 0.9955344200134277
7950.0 0.98576819896698
7960.0 0.976002037525177
7970.0 0.9718140363693237
7980.0 0.9676259160041809
7990.0 0.972523033618927
8000.0 0.9774201512336731
8010.0 0.9855052828788757
8020.0 0.9935904741287231
8030.0 1.0002256631851196
8040.0 1.0068608522415161
8050.0 1.009392261505127
8060.0 1.0119237899780273
8070.0 1.0110005140304565
8080.0 1.0100773572921753
8090.0 1.0021204948425293
8100.0 0.9941635727882385
8110.0 0.9783043265342712
8120.0 0.9840816259384155
8130.0 0.9841875433921814
8140.0 0.984293520450592
8150.0 0.9903135299682617
8160.0 0.9963335394859314
8170.0 1.0145949125289917
8180.0 1.0132949352264404
8190.0 1.0140914916992188
8200.0 1.0082484483718872
8210.0 1.0024054050445557
8220.0 0.9926361441612244
8230.0 0.9828668832778931
8240.0 0.9768959283828735
8250.0 0.9709250330924988
8260.0 0.9720349907875061
8270.0 0.9731450080871582
8280.0 0.9799349904060364
8290.0 0.9867249727249146
8300.0 0.9935149550437927
8310.0 1.0177427530288696
8320.0 1.0227622985839844
8330.0 1.0277817249298096
8340.0 1.0328012704849243
8350.0 1.0275555849075317
8360.0 1.0215293169021606
8370.0 1.0155030488967896
8380.0 1.009476900100708
8390.0 0.9992949366569519
8400.0 0.9930521249771118
8410.0 0.9920033812522888
8420.0 0.9909546971321106
8430.0 0.9927566051483154
8440.0 0.9992737770080566
8450.0 1.000854253768921
8460.0 1.0024347305297852
8470.0 1.0112413167953491
8480.0 1.020047903060913
8490.0 1.0260738134384155
8500.0 1.0320998430252075
8510.0 1.0220586061477661
8520.0 1.0120173692703247
8530.0 0.9566311836242676
8540.0 0.9012450575828552
8550.0 0.776526689529419
8560.0 0.6518083214759827
8570.0 0.37123849987983704
8580.0 0.37275105714797974
8590.0 0.16383518278598785
8600.0 0.16132162511348724
8610.0 0.05952979251742363
8620.0 0.059407029300928116
8630.0 0.020787633955478668
8640.0 0.020921705290675163
8650.0 0.007831979542970657
8660.0 0.007842104882001877
8670.0 0.003352012485265732
8680.0 0.002645266242325306
8690.0 0.0019385202322155237
8700.0 0.0
8710.0 0.0
8720.0 0.0
8730.0 0.0
8740.0 0.0
8750.0 0.0
