decam/transmission_system/s25/y_decam_c0005_10095.0_1130.0/2012-09-12T00:00:00.ecsv
# %ECSV 1.0
# ---
# datatype:
# - {name: wavelength, unit: Angstrom, datatype: float64}
# - {name: throughput, datatype: float64}
# meta: !!omap
# - {MODE: DETECTOR}
# - {TYPE: transmission_system}
# - {CALIBDATE: '2012-09-12T00:00:00'}
# - {INSTRUME: DECam}
# - {OBSTYPE: transmission_system}
# - {CALIBCLS: lsst.ip.isr.IntermediateSystemTransmissionCurve}
# - {DETECTOR: 4}
# - {DETECTOR_NAME: S25}
# - {SOURCE: Y_band_per_detector_throughput.fits}
# - {FILTER: Y DECam c0005 10095.0 1130.0}
# - {CALIB_CREATION_DATE: '2012-09-12'}
# - {CALIB_CREATION_TIME: '00:00:00'}
# schema: astropy-2.0
wavelength throughput
9250.0 0.0
9260.0 0.0
9270.0 0.0
9280.0 0.0
9290.0 0.0
9300.0 0.0
9310.0 0.007781923282891512
9320.0 0.008604099042713642
9330.0 0.00942627526819706
9340.0 0.010524487122893333
9350.0 0.011622698977589607
9360.0 0.013044437393546104
9370.0 0.014466174878180027
9380.0 0.016853276640176773
9390.0 0.01924039237201214
9400.0 0.023562807589769363
9410.0 0.027885232120752335
9420.0 0.036752667278051376
9430.0 0.045620109885931015
9440.0 0.06463591009378433
9450.0 0.08365173637866974
9460.0 0.08998225629329681
9470.0 0.16813401877880096
9480.0 0.17774254083633423
9490.0 0.31147825717926025
9500.0 0.3227770924568176
9510.0 0.5068091750144958
9520.0 0.6018385887145996
9530.0 0.6968679428100586
9540.0 0.7561101913452148
9550.0 0.8153523802757263
9560.0 0.8340280055999756
9570.0 0.8527036309242249
9580.0 0.8532001972198486
9590.0 0.8536967635154724
9600.0 0.8531291484832764
9610.0 0.8525615930557251
9620.0 0.8515682816505432
9630.0 0.8505750298500061
9640.0 0.8500010967254639
9650.0 0.8494272232055664
9660.0 0.8477100729942322
9670.0 0.8459928631782532
9680.0 0.8429606556892395
9690.0 0.8399284482002258
9700.0 0.8374015092849731
9710.0 0.8348745703697205
9720.0 0.8267197012901306
9730.0 0.8185648918151855
9740.0 0.81365966796875
9750.0 0.808754563331604
9760.0 0.8036211133003235
9770.0 0.7984877824783325
9780.0 0.7927436232566833
9790.0 0.786999523639679
9800.0 0.7814053893089294
9810.0 0.7758112549781799
9820.0 0.7700395584106445
9830.0 0.7642679810523987
9840.0 0.7568852305412292
9850.0 0.7495024800300598
9860.0 0.7425211668014526
9870.0 0.7355398535728455
9880.0 0.7260493040084839
9890.0 0.7165588140487671
9900.0 0.7077600955963135
9910.0 0.6989613175392151
9920.0 0.6889626979827881
9930.0 0.6789641380310059
9940.0 0.6706278324127197
9950.0 0.6622915267944336
9960.0 0.6522009968757629
9970.0 0.6421104669570923
9980.0 0.6322000026702881
9990.0 0.6222895383834839
10000.0 0.6111994385719299
10010.0 0.600109338760376
10020.0 0.5884895324707031
10030.0 0.5768698453903198
10040.0 0.5645998120307922
10050.0 0.5523298382759094
10060.0 0.5408530235290527
10070.0 0.5293761491775513
10080.0 0.5168368220329285
10090.0 0.5042974948883057
10100.0 0.4912002980709076
10110.0 0.4781031310558319
10120.0 0.4671204090118408
10130.0 0.4561377167701721
10140.0 0.44374167919158936
10150.0 0.431345671415329
10160.0 0.419508159160614
10170.0 0.40767067670822144
10180.0 0.3948911726474762
10190.0 0.38211166858673096
10200.0 0.37020763754844666
10210.0 0.35830360651016235
10220.0 0.34627875685691833
10230.0 0.33425384759902954
10240.0 0.3222571313381195
10250.0 0.3102603852748871
10260.0 0.29913270473480225
10270.0 0.2880050539970398
10280.0 0.2780911922454834
10290.0 0.2681773006916046
10300.0 0.25716695189476013
10310.0 0.24615658819675446
10320.0 0.2353810966014862
10330.0 0.22460563480854034
10340.0 0.2123751938343048
10350.0 0.20014475286006927
10360.0 0.1869523823261261
10370.0 0.17376001179218292
10380.0 0.16644130647182465
10390.0 0.15912260115146637
10400.0 0.15423671901226044
10410.0 0.1493508368730545
10420.0 0.14488603174686432
10430.0 0.14042122662067413
10440.0 0.1358795464038849
10450.0 0.13133783638477325
10460.0 0.12687800824642181
10470.0 0.12241818755865097
10480.0 0.11830776929855347
10490.0 0.11419737339019775
10500.0 0.10963895916938782
10510.0 0.10508056730031967
10520.0 0.10167501866817474
10530.0 0.09826946258544922
10540.0 0.09569467604160309
10550.0 0.09311988949775696
10560.0 0.09129651635885239
10570.0 0.08947312086820602
10580.0 0.08698352426290512
10590.0 0.08449390530586243
10600.0 0.07864575833082199
10610.0 0.07279760390520096
10620.0 0.06163584440946579
10630.0 0.050474073737859726
10640.0 0.03836386650800705
10650.0 0.026253674179315567
10660.0 0.018531175330281258
10670.0 0.010808664374053478
10680.0 0.007417095825076103
10690.0 0.0040255156345665455
10700.0 0.0
10710.0 0.0
10720.0 0.0
10730.0 0.0
10740.0 0.0
10750.0 0.0
