decam/transmission_system/s6/g_decam_sdss_c0001_4720.0_1520.0/2012-09-12T00:00:00.ecsv
# %ECSV 1.0
# ---
# datatype:
# - {name: wavelength, unit: Angstrom, datatype: float64}
# - {name: throughput, datatype: float64}
# meta: !!omap
# - {MODE: DETECTOR}
# - {TYPE: transmission_system}
# - {CALIBDATE: '2012-09-12T00:00:00'}
# - {INSTRUME: DECam}
# - {OBSTYPE: transmission_system}
# - {CALIBCLS: lsst.ip.isr.IntermediateSystemTransmissionCurve}
# - {DETECTOR: 30}
# - {DETECTOR_NAME: S6}
# - {SOURCE: g_band_per_detector_throughput.fits}
# - {FILTER: g DECam SDSS c0001 4720.0 1520.0}
# - {CALIB_CREATION_DATE: '2012-09-12'}
# - {CALIB_CREATION_TIME: '00:00:00'}
# schema: astropy-2.0
wavelength throughput
3750.0 0.0
3760.0 0.0
3770.0 0.0
3780.0 0.0
3790.0 0.0
3800.0 0.0
3810.0 0.0007693369407206774
3820.0 0.0010293584782630205
3830.0 0.001106478157453239
3840.0 0.0012620985507965088
3850.0 0.0014536201488226652
3860.0 0.0016451521078124642
3870.0 0.001955084502696991
3880.0 0.0022650270257145166
3890.0 0.0027698769699782133
3900.0 0.0032747264485806227
3910.0 0.003346186364069581
3920.0 0.006606602109968662
3930.0 0.014486384578049183
3940.0 0.022366177290678024
3950.0 0.022513270378112793
3960.0 0.13623404502868652
3970.0 0.23866036534309387
3980.0 0.3410866856575012
3990.0 0.3387931287288666
4000.0 0.368484765291214
4010.0 0.384683221578598
4020.0 0.40088170766830444
4030.0 0.40551048517227173
4040.0 0.40925028920173645
4050.0 0.4097452461719513
4060.0 0.41883939504623413
4070.0 0.4226709306240082
4080.0 0.43474510312080383
4090.0 0.43546539545059204
4100.0 0.4410538375377655
4110.0 0.445631742477417
4120.0 0.4502096474170685
4130.0 0.45269641280174255
4140.0 0.4585704505443573
4150.0 0.46084630489349365
4160.0 0.4735804498195648
4170.0 0.48032158613204956
4180.0 0.4870627820491791
4190.0 0.48816218972206116
4200.0 0.4888046979904175
4210.0 0.48975515365600586
4220.0 0.4957938492298126
4230.0 0.4959346354007721
4240.0 0.5125952959060669
4250.0 0.5176032781600952
4260.0 0.5226112604141235
4270.0 0.5260618329048157
4280.0 0.5357251167297363
4290.0 0.5356504917144775
4300.0 0.5460390448570251
4310.0 0.549653172492981
4320.0 0.5532674193382263
4330.0 0.5578466653823853
4340.0 0.562425971031189
4350.0 0.5683332085609436
4360.0 0.574240505695343
4370.0 0.5788321495056152
4380.0 0.5834237933158875
4390.0 0.5900353193283081
4400.0 0.5966469049453735
4410.0 0.6001606583595276
4420.0 0.6036743521690369
4430.0 0.6068872213363647
4440.0 0.6101001501083374
4450.0 0.6133375763893127
4460.0 0.6165750026702881
4470.0 0.6189847588539124
4480.0 0.6213944554328918
4490.0 0.6246266961097717
4500.0 0.6278588771820068
4510.0 0.6309748888015747
4520.0 0.6340910196304321
4530.0 0.6384680867195129
4540.0 0.6428451538085938
4550.0 0.6448841691017151
4560.0 0.6469232439994812
4570.0 0.6477131247520447
4580.0 0.6485029458999634
4590.0 0.6525264382362366
4600.0 0.656549870967865
4610.0 0.6601442098617554
4620.0 0.663738489151001
4630.0 0.6664735078811646
4640.0 0.6692085266113281
4650.0 0.6714401245117188
4660.0 0.6736716628074646
4670.0 0.6735016107559204
4680.0 0.6733315587043762
4690.0 0.6747870445251465
4700.0 0.6762424111366272
4710.0 0.6785081624984741
4720.0 0.6807738542556763
4730.0 0.6842491030693054
4740.0 0.6877243518829346
4750.0 0.6916955709457397
4760.0 0.6956669092178345
4770.0 0.6962264180183411
4780.0 0.6967859864234924
4790.0 0.697303056716919
4800.0 0.6978200674057007
4810.0 0.7005358934402466
4820.0 0.7032517790794373
4830.0 0.7039213180541992
4840.0 0.7045908570289612
4850.0 0.7039802670478821
4860.0 0.7033697366714478
4870.0 0.7060921788215637
4880.0 0.7088146209716797
4890.0 0.7125062346458435
4900.0 0.7161977887153625
4910.0 0.7173253893852234
4920.0 0.7184529304504395
4930.0 0.7172814011573792
4940.0 0.7161098718643188
4950.0 0.7172566056251526
4960.0 0.7184033393859863
4970.0 0.7226535081863403
4980.0 0.7269036769866943
4990.0 0.7289674878120422
5000.0 0.7310313582420349
5010.0 0.7334710359573364
5020.0 0.7359107136726379
5030.0 0.7370210289955139
5040.0 0.7381314635276794
5050.0 0.7395241260528564
5060.0 0.7409167885780334
5070.0 0.7436802983283997
5080.0 0.7464438080787659
5090.0 0.7477964758872986
5100.0 0.7491491436958313
5110.0 0.7475664615631104
5120.0 0.7459837198257446
5130.0 0.7475026845932007
5140.0 0.7490217089653015
5150.0 0.7530156373977661
5160.0 0.7570095658302307
5170.0 0.7579095959663391
5180.0 0.7588096261024475
5190.0 0.7603330612182617
5200.0 0.7618564963340759
5210.0 0.7656320333480835
5220.0 0.7694075703620911
5230.0 0.7727994322776794
5240.0 0.7761913537979126
5250.0 0.7777208685874939
5260.0 0.7792503833770752
5270.0 0.779330849647522
5280.0 0.7794113755226135
5290.0 0.780235230922699
5300.0 0.7810590863227844
5310.0 0.7831466197967529
5320.0 0.7852342128753662
5330.0 0.7870457172393799
5340.0 0.7888572812080383
5350.0 0.7910885214805603
5360.0 0.7933197021484375
5370.0 0.7902918457984924
5380.0 0.7872640490531921
5390.0 0.7815995812416077
5400.0 0.7759350538253784
5410.0 0.777896523475647
5420.0 0.7798579335212708
5430.0 0.786195695400238
5440.0 0.7925333976745605
5450.0 0.7318834662437439
5460.0 0.6712334752082825
5470.0 0.46794942021369934
5480.0 0.2646653950214386
5490.0 0.15670055150985718
5500.0 0.04873574897646904
5510.0 0.03004082292318344
5520.0 0.011345884762704372
5530.0 0.006993353366851807
5540.0 0.002640811027958989
5550.0 0.0018390207551419735
5560.0 0.0010372304823249578
5570.0 0.0008337244507856667
5580.0 0.0006302288384176791
5590.0 0.0005558612756431103
5600.0 0.00048149374197237194
5610.0 0.00043629787978716195
5620.0 0.000391112407669425
5630.0 0.0003599987248890102
5640.0 0.00032889540307223797
5650.0 0.0
5660.0 0.0
5670.0 0.0
5680.0 0.0
5690.0 0.0
5700.0 0.0
