decam/transmission_system/n15/i_decam_sdss_c0003_7835.0_1470.0/2012-09-12T00:00:00.ecsv
# %ECSV 1.0
# ---
# datatype:
# - {name: wavelength, unit: Angstrom, datatype: float64}
# - {name: throughput, datatype: float64}
# meta: !!omap
# - {MODE: DETECTOR}
# - {TYPE: transmission_system}
# - {CALIBDATE: '2012-09-12T00:00:00'}
# - {INSTRUME: DECam}
# - {OBSTYPE: transmission_system}
# - {CALIBCLS: lsst.ip.isr.IntermediateSystemTransmissionCurve}
# - {DETECTOR: 46}
# - {DETECTOR_NAME: N15}
# - {SOURCE: i_band_per_detector_throughput.fits}
# - {FILTER: i DECam SDSS c0003 7835.0 1470.0}
# - {CALIB_CREATION_DATE: '2012-09-12'}
# - {CALIB_CREATION_TIME: '00:00:00'}
# schema: astropy-2.0
wavelength throughput
6700.0 0.0
6710.0 0.0
6720.0 0.0
6730.0 0.0
6740.0 0.0
6750.0 0.0
6760.0 0.0008158413111232221
6770.0 0.0009283325052820146
6780.0 0.0010408236412331462
6790.0 0.0011370102874934673
6800.0 0.0012331969337537885
6810.0 0.0013862209161743522
6820.0 0.0015392450150102377
6830.0 0.0017263739136978984
6840.0 0.0019135025795549154
6850.0 0.0021890911739319563
6860.0 0.0024646802339702845
6870.0 0.0028388958889991045
6880.0 0.0032131015323102474
6890.0 0.003714711172506213
6900.0 0.004216310568153858
6910.0 0.004961471073329449
6920.0 0.0057066213339567184
6930.0 0.007091304752975702
6940.0 0.00847597885876894
6950.0 0.01141547504812479
6960.0 0.01435497123748064
6970.0 0.021390477195382118
6980.0 0.02842598408460617
6990.0 0.04490014538168907
7000.0 0.061374302953481674
7010.0 0.09467516839504242
7020.0 0.12797603011131287
7030.0 0.18440456688404083
7040.0 0.2408331036567688
7050.0 0.32158926129341125
7060.0 0.4023454189300537
7070.0 0.49572834372520447
7080.0 0.5891112685203552
7090.0 0.6735524535179138
7100.0 0.7579935789108276
7110.0 0.819392204284668
7120.0 0.8807907700538635
7130.0 0.9151237607002258
7140.0 0.9494567513465881
7150.0 0.9633155465126038
7160.0 0.9771742224693298
7170.0 0.9824408292770386
7180.0 0.9877075552940369
7190.0 0.9888749718666077
7200.0 0.9900423288345337
7210.0 0.9915208220481873
7220.0 0.9929993152618408
7230.0 0.9955403804779053
7240.0 0.9980813264846802
7250.0 1.000732183456421
7260.0 1.0033830404281616
7270.0 1.0056159496307373
7280.0 1.007848858833313
7290.0 1.0080703496932983
7300.0 1.0082919597625732
7310.0 1.0076719522476196
7320.0 1.0070521831512451
7330.0 1.0057456493377686
7340.0 1.004439115524292
7350.0 1.0038470029830933
7360.0 1.003254771232605
7370.0 1.0042810440063477
7380.0 1.0053070783615112
7390.0 1.0079158544540405
7400.0 1.0105247497558594
7410.0 1.012097954750061
7420.0 1.0136710405349731
7430.0 1.0139671564102173
7440.0 1.014263391494751
7450.0 1.0133534669876099
7460.0 1.0124434232711792
7470.0 1.0113775730133057
7480.0 1.0103116035461426
7490.0 1.0103726387023926
7500.0 1.0104336738586426
7510.0 1.010669231414795
7520.0 1.0109046697616577
7530.0 1.0112500190734863
7540.0 1.0115954875946045
7550.0 1.0104953050613403
7560.0 1.0093950033187866
7570.0 1.0074337720870972
7580.0 1.0054724216461182
7590.0 0.996454119682312
7600.0 0.9874358177185059
7610.0 0.9896509647369385
7620.0 0.9918660521507263
7630.0 0.9936453700065613
7640.0 0.9954246282577515
7650.0 0.9990900158882141
7660.0 1.0027554035186768
7670.0 1.0043766498565674
7680.0 1.005997896194458
7690.0 1.0055714845657349
7700.0 1.0051450729370117
7710.0 1.0048246383666992
7720.0 1.0045042037963867
7730.0 1.004291296005249
7740.0 1.0040783882141113
7750.0 1.0062146186828613
7760.0 1.0083508491516113
7770.0 1.0091687440872192
7780.0 1.0099866390228271
7790.0 1.0105305910110474
7800.0 1.011074423789978
7810.0 1.0105061531066895
7820.0 1.0099380016326904
7830.0 1.0089550018310547
7840.0 1.0079721212387085
7850.0 1.0075271129608154
7860.0 1.0070821046829224
7870.0 1.0059489011764526
7880.0 1.0048155784606934
7890.0 1.0017099380493164
7900.0 0.9986042976379395
7910.0 0.994871199131012
7920.0 0.991138219833374
7930.0 0.9879972338676453
7940.0 0.9848562479019165
7950.0 0.9818592667579651
7960.0 0.9788622856140137
7970.0 0.9783068895339966
7980.0 0.9777514338493347
7990.0 0.9808363914489746
8000.0 0.9839214086532593
8010.0 0.9863907694816589
8020.0 0.9888601303100586
8030.0 0.9897322058677673
8040.0 0.9906043410301208
8050.0 0.989525556564331
8060.0 0.9884467720985413
8070.0 0.9896018505096436
8080.0 0.9907569885253906
8090.0 0.9885850548744202
8100.0 0.9864130616188049
8110.0 0.9798223972320557
8120.0 0.9843745231628418
8130.0 0.9833707213401794
8140.0 0.9823668003082275
8150.0 0.9813677072525024
8160.0 0.9803685545921326
8170.0 0.982043445110321
8180.0 0.9802616238594055
8190.0 0.973354697227478
8200.0 0.9712549448013306
8210.0 0.9691550731658936
8220.0 0.9681662321090698
8230.0 0.9671773910522461
8240.0 0.9686096906661987
8250.0 0.9700419306755066
8260.0 0.9725136160850525
8270.0 0.9749853014945984
8280.0 0.9778206944465637
8290.0 0.980656087398529
8300.0 0.9834914803504944
8310.0 0.9903749227523804
8320.0 0.9914847016334534
8330.0 0.9925944209098816
8340.0 0.9937041401863098
8350.0 0.9919145107269287
8360.0 0.9905798435211182
8370.0 0.9892451763153076
8380.0 0.9879105091094971
8390.0 0.9901269674301147
8400.0 0.9854831695556641
8410.0 0.9862411618232727
8420.0 0.9869990944862366
8430.0 0.9846653342247009
8440.0 0.9900186657905579
8450.0 0.9876773357391357
8460.0 0.9853360056877136
8470.0 0.9898176789283752
8480.0 0.9942993521690369
8490.0 0.9961962699890137
8500.0 0.9980931282043457
8510.0 0.9810406565666199
8520.0 0.9639883041381836
8530.0 0.8919625282287598
8540.0 0.8199366927146912
8550.0 0.6688937544822693
8560.0 0.5178508162498474
8570.0 0.231393963098526
8580.0 0.23269376158714294
8590.0 0.08348647505044937
8600.0 0.08305763453245163
8610.0 0.03006901778280735
8620.0 0.030170094221830368
8630.0 0.01164438296109438
8640.0 0.011921965517103672
8650.0 0.005274601746350527
8660.0 0.005414031911641359
8670.0 0.0025995406322181225
8680.0 0.002181229880079627
8690.0 0.001762918895110488
8700.0 0.0
8710.0 0.0
8720.0 0.0
8730.0 0.0
8740.0 0.0
8750.0 0.0
