decam/transmission_system/n23/z_decam_sdss_c0004_9260.0_1520.0/2012-09-12T00:00:00.ecsv
# %ECSV 1.0
# ---
# datatype:
# - {name: wavelength, unit: Angstrom, datatype: float64}
# - {name: throughput, datatype: float64}
# meta: !!omap
# - {MODE: DETECTOR}
# - {TYPE: transmission_system}
# - {CALIBDATE: '2012-09-12T00:00:00'}
# - {INSTRUME: DECam}
# - {OBSTYPE: transmission_system}
# - {CALIBCLS: lsst.ip.isr.IntermediateSystemTransmissionCurve}
# - {DETECTOR: 54}
# - {DETECTOR_NAME: N23}
# - {SOURCE: z_band_per_detector_throughput.fits}
# - {FILTER: z DECam SDSS c0004 9260.0 1520.0}
# - {CALIB_CREATION_DATE: '2012-09-12'}
# - {CALIB_CREATION_TIME: '00:00:00'}
# schema: astropy-2.0
wavelength throughput
8200.0 0.0
8210.0 0.0
8220.0 0.0
8230.0 0.0
8240.0 0.0
8250.0 0.0
8260.0 0.004443816374987364
8270.0 0.004972416907548904
8280.0 0.005099229048937559
8290.0 0.0053679426200687885
8300.0 0.0056366571225225925
8310.0 0.005972572602331638
8320.0 0.007021226454526186
8330.0 0.008069880306720734
8340.0 0.009118523448705673
8350.0 0.013522586785256863
8360.0 0.01427849568426609
8370.0 0.015034404583275318
8380.0 0.01579032465815544
8390.0 0.023549005389213562
8400.0 0.028385337442159653
8410.0 0.033221665769815445
8420.0 0.038057997822761536
8430.0 0.07655402272939682
8440.0 0.07161371409893036
8450.0 0.11465344578027725
8460.0 0.15769319236278534
8470.0 0.3389691412448883
8480.0 0.3364502489566803
8490.0 0.4735549986362457
8500.0 0.6106597781181335
8510.0 0.723322868347168
8520.0 0.8359858393669128
8530.0 0.9008005857467651
8540.0 0.9656153321266174
8550.0 0.982917070388794
8560.0 1.0002187490463257
8570.0 0.9919255971908569
8580.0 1.0035542249679565
8590.0 0.982466459274292
8600.0 0.9832530617713928
8610.0 0.986039936542511
8620.0 0.9924877285957336
8630.0 1.0023084878921509
8640.0 1.0126115083694458
8650.0 1.0128397941589355
8660.0 1.0116300582885742
8670.0 1.0157337188720703
8680.0 1.0138413906097412
8690.0 1.011949062347412
8700.0 1.011751413345337
8710.0 1.0115537643432617
8720.0 1.0125383138656616
8730.0 1.013522744178772
8740.0 1.0139236450195312
8750.0 1.0175042152404785
8760.0 1.0198196172714233
8770.0 1.0221350193023682
8780.0 1.0243476629257202
8790.0 1.0265603065490723
8800.0 1.027748703956604
8810.0 1.0289371013641357
8820.0 1.0300731658935547
8830.0 1.0312093496322632
8840.0 1.031499981880188
8850.0 1.0317904949188232
8860.0 1.032415509223938
8870.0 1.0330404043197632
8880.0 1.0339107513427734
8890.0 1.0347809791564941
8900.0 1.0322233438491821
8910.0 1.030687928199768
8920.0 1.030030369758606
8930.0 1.0293728113174438
8940.0 1.0287152528762817
8950.0 1.028214693069458
8960.0 1.0277141332626343
8970.0 1.0280016660690308
8980.0 1.0282891988754272
8990.0 1.0295252799987793
9000.0 1.0307613611221313
9010.0 1.0326210260391235
9020.0 1.0344806909561157
9030.0 1.0361237525939941
9040.0 1.0377668142318726
9050.0 1.0372178554534912
9060.0 1.0391716957092285
9070.0 1.038280725479126
9080.0 1.0373896360397339
9090.0 1.0340741872787476
9100.0 1.0307586193084717
9110.0 1.027393102645874
9120.0 1.029453992843628
9130.0 1.026221752166748
9140.0 1.0253934860229492
9150.0 1.0263524055480957
9160.0 1.0263299942016602
9170.0 1.0263075828552246
9180.0 1.0269150733947754
9190.0 1.0275225639343262
9200.0 1.0256472826004028
9210.0 1.0237720012664795
9220.0 1.02153480052948
9230.0 1.0192975997924805
9240.0 1.012625813484192
9250.0 1.0059541463851929
9260.0 1.0012152194976807
9270.0 0.9964762330055237
9280.0 0.9886205792427063
9290.0 0.9807649850845337
9300.0 0.975604772567749
9310.0 0.9704445600509644
9320.0 0.9654029607772827
9330.0 0.9603614211082458
9340.0 0.9522759318351746
9350.0 0.944190502166748
9360.0 0.9327089786529541
9370.0 0.9212275147438049
9380.0 0.91231769323349
9390.0 0.903407871723175
9400.0 0.8908427953720093
9410.0 0.8782776594161987
9420.0 0.8689659833908081
9430.0 0.8596542477607727
9440.0 0.8548299670219421
9450.0 0.8560270071029663
9460.0 0.8572131991386414
9470.0 0.8561859130859375
9480.0 0.8574581742286682
9490.0 0.8587304949760437
9500.0 0.8594925999641418
9510.0 0.8633870482444763
9520.0 0.8650779128074646
9530.0 0.8667687177658081
9540.0 0.8681088089942932
9550.0 0.8694487810134888
9560.0 0.8702252507209778
9570.0 0.871001660823822
9580.0 0.869592010974884
9590.0 0.8681824803352356
9600.0 0.8646546602249146
9610.0 0.8611268997192383
9620.0 0.8585450053215027
9630.0 0.8559630513191223
9640.0 0.8534020185470581
9650.0 0.8508409857749939
9660.0 0.8498639464378357
9670.0 0.8488867878913879
9680.0 0.8479127883911133
9690.0 0.8469387888908386
9700.0 0.8459647297859192
9710.0 0.8449907302856445
9720.0 0.8406940698623657
9730.0 0.8363973498344421
9740.0 0.8315907120704651
9750.0 0.8267840147018433
9760.0 0.8200504779815674
9770.0 0.8133168816566467
9780.0 0.8033743500709534
9790.0 0.7934317588806152
9800.0 0.7879953980445862
9810.0 0.7825590372085571
9820.0 0.7749685645103455
9830.0 0.7673780918121338
9840.0 0.7581138014793396
9850.0 0.7488495111465454
9860.0 0.7382543683052063
9870.0 0.7276592254638672
9880.0 0.7186538577079773
9890.0 0.7096485495567322
9900.0 0.7011448740959167
9910.0 0.6926411390304565
9920.0 0.6800992488861084
9930.0 0.6675573587417603
9940.0 0.6274478435516357
9950.0 0.587338387966156
9960.0 0.5121161937713623
9970.0 0.4368939995765686
9980.0 0.34339606761932373
9990.0 0.24989815056324005
10000.0 0.18133708834648132
10010.0 0.1127760112285614
10020.0 0.07900302857160568
10030.0 0.04523003473877907
10040.0 0.03208676353096962
10050.0 0.01894349418580532
10060.0 0.013709912076592445
10070.0 0.00847634207457304
10080.0 0.006677273195236921
10090.0 0.004878203384578228
10100.0 0.003958573564887047
10110.0 0.00303895422257483
10120.0 0.002313109813258052
10130.0 0.0015872657531872392
10140.0 0.001707348390482366
10150.0 0.0
10160.0 0.0
10170.0 0.0
10180.0 0.0
10190.0 0.0
10200.0 0.0
