decam/transmission_system/n9/z_decam_sdss_c0004_9260.0_1520.0/2012-09-12T00:00:00.ecsv
# %ECSV 1.0
# ---
# datatype:
# - {name: wavelength, unit: Angstrom, datatype: float64}
# - {name: throughput, datatype: float64}
# meta: !!omap
# - {MODE: DETECTOR}
# - {TYPE: transmission_system}
# - {CALIBDATE: '2012-09-12T00:00:00'}
# - {INSTRUME: DECam}
# - {OBSTYPE: transmission_system}
# - {CALIBCLS: lsst.ip.isr.IntermediateSystemTransmissionCurve}
# - {DETECTOR: 40}
# - {DETECTOR_NAME: N9}
# - {SOURCE: z_band_per_detector_throughput.fits}
# - {FILTER: z DECam SDSS c0004 9260.0 1520.0}
# - {CALIB_CREATION_DATE: '2012-09-12'}
# - {CALIB_CREATION_TIME: '00:00:00'}
# schema: astropy-2.0
wavelength throughput
8200.0 0.0
8210.0 0.0
8220.0 0.0
8230.0 0.0
8240.0 0.0
8250.0 0.0
8260.0 0.004301436711102724
8270.0 0.00488228490576148
8280.0 0.006856000050902367
8290.0 0.006217587273567915
8300.0 0.005579165183007717
8310.0 0.006324938498437405
8320.0 0.007322622463107109
8330.0 0.008320306427776814
8340.0 0.009317990392446518
8350.0 0.013164623640477657
8360.0 0.01380651444196701
8370.0 0.014448406174778938
8380.0 0.015090296976268291
8390.0 0.022206349298357964
8400.0 0.026557043194770813
8410.0 0.030907737091183662
8420.0 0.035258419811725616
8430.0 0.06915628165006638
8440.0 0.06566832959651947
8450.0 0.1040215864777565
8460.0 0.14237484335899353
8470.0 0.3157567083835602
8480.0 0.3122633695602417
8490.0 0.44851377606391907
8500.0 0.5847641825675964
8510.0 0.7007280588150024
8520.0 0.8166918754577637
8530.0 0.885877251625061
8540.0 0.955062747001648
8550.0 0.9775707125663757
8560.0 1.000078558921814
8570.0 0.9943855404853821
8580.0 1.0054913759231567
8590.0 0.983457624912262
8600.0 0.9832333922386169
8610.0 0.9852430820465088
8620.0 0.9907245635986328
8630.0 1.0000842809677124
8640.0 1.009266972541809
8650.0 1.0109623670578003
8660.0 1.0080996751785278
8670.0 1.014336109161377
8680.0 1.0131118297576904
8690.0 1.011887550354004
8700.0 1.0120408535003662
8710.0 1.012194037437439
8720.0 1.0129284858703613
8730.0 1.0136628150939941
8740.0 1.0138320922851562
8750.0 1.0171802043914795
8760.0 1.0186291933059692
8770.0 1.0200780630111694
8780.0 1.0216561555862427
8790.0 1.0232343673706055
8800.0 1.023396611213684
8810.0 1.0235588550567627
8820.0 1.0243357419967651
8830.0 1.0251126289367676
8840.0 1.0254515409469604
8850.0 1.0257905721664429
8860.0 1.0269670486450195
8870.0 1.0281435251235962
8880.0 1.0300252437591553
8890.0 1.031907081604004
8900.0 1.0271621942520142
8910.0 1.0290508270263672
8920.0 1.0283163785934448
8930.0 1.027582049369812
8940.0 1.0268477201461792
8950.0 1.0260803699493408
8960.0 1.025313138961792
8970.0 1.02552330493927
8980.0 1.0257333517074585
8990.0 1.0266306400299072
9000.0 1.0275280475616455
9010.0 1.0292315483093262
9020.0 1.0309351682662964
9030.0 1.0325833559036255
9040.0 1.034231424331665
9050.0 1.033847689628601
9060.0 1.0368781089782715
9070.0 1.0354222059249878
9080.0 1.033966302871704
9090.0 1.0312936305999756
9100.0 1.0286210775375366
9110.0 1.0256264209747314
9120.0 1.02772855758667
9130.0 1.0235437154769897
9140.0 1.0241155624389648
9150.0 1.023683786392212
9160.0 1.0227667093276978
9170.0 1.021849513053894
9180.0 1.0217199325561523
9190.0 1.0215903520584106
9200.0 1.0194690227508545
9210.0 1.0173475742340088
9220.0 1.0150489807128906
9230.0 1.0127503871917725
9240.0 1.0068310499191284
9250.0 1.0009117126464844
9260.0 0.9971031546592712
9270.0 0.9932946562767029
9280.0 0.9865544438362122
9290.0 0.9798141717910767
9300.0 0.9752422571182251
9310.0 0.9706702828407288
9320.0 0.9658233523368835
9330.0 0.9609764814376831
9340.0 0.9524913430213928
9350.0 0.9440062642097473
9360.0 0.9315472841262817
9370.0 0.9190883040428162
9380.0 0.9095200300216675
9390.0 0.899951696395874
9400.0 0.8872235417366028
9410.0 0.8744953870773315
9420.0 0.865909993648529
9430.0 0.8573246598243713
9440.0 0.8507896661758423
9450.0 0.8545804619789124
9460.0 0.8546215295791626
9470.0 0.8566182851791382
9480.0 0.8584399819374084
9490.0 0.8602616786956787
9500.0 0.8594894409179688
9510.0 0.8639035820960999
9520.0 0.8644437789916992
9530.0 0.8649839758872986
9540.0 0.8648906946182251
9550.0 0.8647974133491516
9560.0 0.8646529316902161
9570.0 0.8645084500312805
9580.0 0.8631406426429749
9590.0 0.8617728352546692
9600.0 0.8589279055595398
9610.0 0.8560830950737
9620.0 0.8546222448348999
9630.0 0.8531613945960999
9640.0 0.8518881797790527
9650.0 0.8506149053573608
9660.0 0.8500170707702637
9670.0 0.8494192361831665
9680.0 0.8450595140457153
9690.0 0.8406997919082642
9700.0 0.8363399505615234
9710.0 0.8319802284240723
9720.0 0.8276748061180115
9730.0 0.8233693838119507
9740.0 0.8191099762916565
9750.0 0.8148505091667175
9760.0 0.8094941973686218
9770.0 0.8041378855705261
9780.0 0.802768886089325
9790.0 0.8013999462127686
9800.0 0.7918494343757629
9810.0 0.7822989225387573
9820.0 0.7747019529342651
9830.0 0.7671049237251282
9840.0 0.7603147029876709
9850.0 0.7535244226455688
9860.0 0.7468451857566833
9870.0 0.7401660084724426
9880.0 0.7380642294883728
9890.0 0.7359625101089478
9900.0 0.7379075884819031
9910.0 0.7398526072502136
9920.0 0.7409749627113342
9930.0 0.7420973181724548
9940.0 0.7156658172607422
9950.0 0.6892343163490295
9960.0 0.6157983541488647
9970.0 0.5423623919487
9980.0 0.4350305497646332
9990.0 0.3276987075805664
10000.0 0.24494655430316925
10010.0 0.1621943861246109
10020.0 0.11613377183675766
10030.0 0.07007315754890442
10040.0 0.049489352852106094
10050.0 0.02890554629266262
10060.0 0.020579226315021515
10070.0 0.012252907268702984
10080.0 0.009420761838555336
10090.0 0.0065886154770851135
10100.0 0.00523656141012907
10110.0 0.003884517587721348
10120.0 0.002995129209011793
10130.0 0.002105740597471595
10140.0 0.0020558820106089115
10150.0 0.0
10160.0 0.0
10170.0 0.0
10180.0 0.0
10190.0 0.0
10200.0 0.0
