decam/transmission_system/s5/y_decam_c0005_10095.0_1130.0/2012-09-12T00:00:00.ecsv
# %ECSV 1.0
# ---
# datatype:
# - {name: wavelength, unit: Angstrom, datatype: float64}
# - {name: throughput, datatype: float64}
# meta: !!omap
# - {MODE: DETECTOR}
# - {TYPE: transmission_system}
# - {CALIBDATE: '2012-09-12T00:00:00'}
# - {INSTRUME: DECam}
# - {OBSTYPE: transmission_system}
# - {CALIBCLS: lsst.ip.isr.IntermediateSystemTransmissionCurve}
# - {DETECTOR: 29}
# - {DETECTOR_NAME: S5}
# - {SOURCE: Y_band_per_detector_throughput.fits}
# - {FILTER: Y DECam c0005 10095.0 1130.0}
# - {CALIB_CREATION_DATE: '2012-09-12'}
# - {CALIB_CREATION_TIME: '00:00:00'}
# schema: astropy-2.0
wavelength throughput
9250.0 0.0
9260.0 0.0
9270.0 0.0
9280.0 0.0
9290.0 0.0
9300.0 0.0
9310.0 0.005722738802433014
9320.0 0.006540272850543261
9330.0 0.007357806898653507
9340.0 0.008437678217887878
9350.0 0.009517540223896503
9360.0 0.010858658701181412
9370.0 0.012199766933918
9380.0 0.014225926250219345
9390.0 0.016252074390649796
9400.0 0.019615501165390015
9410.0 0.022978927940130234
9420.0 0.0292358435690403
9430.0 0.03549277037382126
9440.0 0.049229539930820465
9450.0 0.06296631693840027
9460.0 0.064691461622715
9470.0 0.12966805696487427
9480.0 0.1343606412410736
9490.0 0.2778063416481018
9500.0 0.2830541431903839
9510.0 0.5198885202407837
9520.0 0.6280736327171326
9530.0 0.736258864402771
9540.0 0.7818436026573181
9550.0 0.8274282813072205
9560.0 0.8386223912239075
9570.0 0.8498165011405945
9580.0 0.85069340467453
9590.0 0.851570188999176
9600.0 0.8494817614555359
9610.0 0.8473933339118958
9620.0 0.843855082988739
9630.0 0.8403167128562927
9640.0 0.8384224772453308
9650.0 0.8365282416343689
9660.0 0.8347458839416504
9670.0 0.8329635262489319
9680.0 0.8305585980415344
9690.0 0.8281536102294922
9700.0 0.8264802694320679
9710.0 0.8248069286346436
9720.0 0.8168535828590393
9730.0 0.8089002966880798
9740.0 0.8033319115638733
9750.0 0.7977635860443115
9760.0 0.7915499210357666
9770.0 0.7853361368179321
9780.0 0.7783495783805847
9790.0 0.7713629603385925
9800.0 0.7650884985923767
9810.0 0.7588140368461609
9820.0 0.7529675960540771
9830.0 0.7471212148666382
9840.0 0.7401305437088013
9850.0 0.7331398129463196
9860.0 0.726582944393158
9870.0 0.7200260758399963
9880.0 0.7108749151229858
9890.0 0.7017236948013306
9900.0 0.6930819153785706
9910.0 0.6844401955604553
9920.0 0.6745924949645996
9930.0 0.6647447347640991
9940.0 0.6566120386123657
9950.0 0.6484793424606323
9960.0 0.6386597156524658
9970.0 0.6288400888442993
9980.0 0.6194105744361877
9990.0 0.6099810600280762
10000.0 0.599522054195404
10010.0 0.5890631079673767
10020.0 0.5780217051506042
10030.0 0.5669803023338318
10040.0 0.5553207397460938
10050.0 0.5436612367630005
10060.0 0.5327937602996826
10070.0 0.52192622423172
10080.0 0.5098441243171692
10090.0 0.4977620542049408
10100.0 0.48500022292137146
10110.0 0.4722384512424469
10120.0 0.4606696665287018
10130.0 0.44910094141960144
10140.0 0.436996191740036
10150.0 0.4248914122581482
10160.0 0.41343602538108826
10170.0 0.4019806981086731
10180.0 0.38971060514450073
10190.0 0.37744057178497314
10200.0 0.366057425737381
10210.0 0.3546742796897888
10220.0 0.34317049384117126
10230.0 0.3316666781902313
10240.0 0.32008445262908936
10250.0 0.3085021674633026
10260.0 0.2977246046066284
10270.0 0.28694698214530945
10280.0 0.27725765109062195
10290.0 0.2675682604312897
10300.0 0.25682222843170166
10310.0 0.24607616662979126
10320.0 0.2355709671974182
10330.0 0.22506576776504517
10340.0 0.2131318897008896
10350.0 0.201198011636734
10360.0 0.18881434202194214
10370.0 0.17643067240715027
10380.0 0.16951791942119598
10390.0 0.1626051515340805
10400.0 0.1579587608575821
10410.0 0.15331238508224487
10420.0 0.14911331236362457
10430.0 0.14491423964500427
10440.0 0.14066997170448303
10450.0 0.13642571866512299
10460.0 0.13226811587810516
10470.0 0.12811051309108734
10480.0 0.12424728274345398
10490.0 0.12038405984640121
10500.0 0.1160510778427124
10510.0 0.1117180809378624
10520.0 0.10849452763795853
10530.0 0.10527100414037704
10540.0 0.10289426892995834
10550.0 0.10051753371953964
10560.0 0.09920866787433624
10570.0 0.09789979457855225
10580.0 0.096827931702137
10590.0 0.09575607627630234
10600.0 0.09298446029424667
10610.0 0.09021283686161041
10620.0 0.08229302614927292
10630.0 0.07437320053577423
10640.0 0.0617135651409626
10650.0 0.04905391484498978
10660.0 0.0369158610701561
10670.0 0.024777788668870926
10680.0 0.01745622418820858
10690.0 0.010134652256965637
10700.0 0.0
10710.0 0.0
10720.0 0.0
10730.0 0.0
10740.0 0.0
10750.0 0.0
