decam/transmission_system/n6/y_decam_c0005_10095.0_1130.0/2012-09-12T00:00:00.ecsv
# %ECSV 1.0
# ---
# datatype:
# - {name: wavelength, unit: Angstrom, datatype: float64}
# - {name: throughput, datatype: float64}
# meta: !!omap
# - {MODE: DETECTOR}
# - {TYPE: transmission_system}
# - {CALIBDATE: '2012-09-12T00:00:00'}
# - {INSTRUME: DECam}
# - {OBSTYPE: transmission_system}
# - {CALIBCLS: lsst.ip.isr.IntermediateSystemTransmissionCurve}
# - {DETECTOR: 37}
# - {DETECTOR_NAME: N6}
# - {SOURCE: Y_band_per_detector_throughput.fits}
# - {FILTER: Y DECam c0005 10095.0 1130.0}
# - {CALIB_CREATION_DATE: '2012-09-12'}
# - {CALIB_CREATION_TIME: '00:00:00'}
# schema: astropy-2.0
wavelength throughput
9250.0 0.0
9260.0 0.0
9270.0 0.0
9280.0 0.0
9290.0 0.0
9300.0 0.0
9310.0 0.006136116571724415
9320.0 0.006992937531322241
9330.0 0.007849758490920067
9340.0 0.008900437504053116
9350.0 0.009951126761734486
9360.0 0.011339716613292694
9370.0 0.012728304602205753
9380.0 0.014995387755334377
9390.0 0.017262469977140427
9400.0 0.021273644641041756
9410.0 0.02528483048081398
9420.0 0.03340942785143852
9430.0 0.04153402894735336
9440.0 0.06010938063263893
9450.0 0.0786847248673439
9460.0 0.0801374614238739
9470.0 0.16342367231845856
9480.0 0.16617333889007568
9490.0 0.3261547088623047
9500.0 0.3272169530391693
9510.0 0.5511830449104309
9520.0 0.6528445482254028
9530.0 0.7545061111450195
9540.0 0.8036535978317261
9550.0 0.8528011441230774
9560.0 0.8635926842689514
9570.0 0.874384343624115
9580.0 0.8728592991828918
9590.0 0.8713342547416687
9600.0 0.8683493137359619
9610.0 0.8653643727302551
9620.0 0.8622075319290161
9630.0 0.8590505719184875
9640.0 0.8570987582206726
9650.0 0.8551469445228577
9660.0 0.8527490496635437
9670.0 0.8503511548042297
9680.0 0.847038209438324
9690.0 0.8437252044677734
9700.0 0.8411075472831726
9710.0 0.8384899497032166
9720.0 0.8294130563735962
9730.0 0.8203362822532654
9740.0 0.8140199184417725
9750.0 0.8077036142349243
9760.0 0.8012174367904663
9770.0 0.7947313189506531
9780.0 0.7876176238059998
9790.0 0.7805039882659912
9800.0 0.7741423845291138
9810.0 0.7677807807922363
9820.0 0.7617418766021729
9830.0 0.7557029724121094
9840.0 0.7483599781990051
9850.0 0.7410169243812561
9860.0 0.7339925169944763
9870.0 0.7269681096076965
9880.0 0.7171778082847595
9890.0 0.7073874473571777
9900.0 0.6982226371765137
9910.0 0.6890577673912048
9920.0 0.6786489486694336
9930.0 0.6682400703430176
9940.0 0.6597476005554199
9950.0 0.651255190372467
9960.0 0.641120433807373
9970.0 0.630985677242279
9980.0 0.6212234497070312
9990.0 0.6114611625671387
10000.0 0.6005883812904358
10010.0 0.5897155404090881
10020.0 0.578284502029419
10030.0 0.566853404045105
10040.0 0.5547417402267456
10050.0 0.5426300764083862
10060.0 0.531312882900238
10070.0 0.5199955701828003
10080.0 0.5075786113739014
10090.0 0.49516165256500244
10100.0 0.48219671845436096
10110.0 0.4692317843437195
10120.0 0.4583089351654053
10130.0 0.4473860561847687
10140.0 0.43524041771888733
10150.0 0.42309480905532837
10160.0 0.411599338054657
10170.0 0.4001038670539856
10180.0 0.38774651288986206
10190.0 0.3753891587257385
10200.0 0.3638499081134796
10210.0 0.3523106873035431
10220.0 0.34073442220687866
10230.0 0.3291581869125366
10240.0 0.31746533513069153
10250.0 0.30577248334884644
10260.0 0.29500433802604675
10270.0 0.28423622250556946
10280.0 0.27454689145088196
10290.0 0.26485759019851685
10300.0 0.2540816068649292
10310.0 0.24330565333366394
10320.0 0.23268495500087738
10330.0 0.22206427156925201
10340.0 0.20980718731880188
10350.0 0.19755008816719055
10360.0 0.18518134951591492
10370.0 0.17281262576580048
10380.0 0.16611382365226746
10390.0 0.15941505134105682
10400.0 0.15478867292404175
10410.0 0.15016229450702667
10420.0 0.1459933966398239
10430.0 0.14182449877262115
10440.0 0.13764749467372894
10450.0 0.13347049057483673
10460.0 0.12946628034114838
10470.0 0.12546208500862122
10480.0 0.12175974994897842
10490.0 0.11805742979049683
10500.0 0.1137586385011673
10510.0 0.10945983976125717
10520.0 0.10626748204231262
10530.0 0.10307510942220688
10540.0 0.10071709007024765
10550.0 0.09835907071828842
10560.0 0.0969185009598732
10570.0 0.09547793120145798
10580.0 0.09370622038841248
10590.0 0.09193450212478638
10600.0 0.08783470839262009
10610.0 0.08373493701219559
10620.0 0.07440922409296036
10630.0 0.06508348882198334
10640.0 0.052287183701992035
10650.0 0.03949087858200073
10660.0 0.028839590027928352
10670.0 0.01818831078708172
10680.0 0.012629439122974873
10690.0 0.007070555817335844
10700.0 0.0
10710.0 0.0
10720.0 0.0
10730.0 0.0
10740.0 0.0
10750.0 0.0
