decam/transmission_system/n18/g_decam_sdss_c0001_4720.0_1520.0/2012-09-12T00:00:00.ecsv
# %ECSV 1.0
# ---
# datatype:
# - {name: wavelength, unit: Angstrom, datatype: float64}
# - {name: throughput, datatype: float64}
# meta: !!omap
# - {MODE: DETECTOR}
# - {TYPE: transmission_system}
# - {CALIBDATE: '2012-09-12T00:00:00'}
# - {INSTRUME: DECam}
# - {OBSTYPE: transmission_system}
# - {CALIBCLS: lsst.ip.isr.IntermediateSystemTransmissionCurve}
# - {DETECTOR: 49}
# - {DETECTOR_NAME: N18}
# - {SOURCE: g_band_per_detector_throughput.fits}
# - {FILTER: g DECam SDSS c0001 4720.0 1520.0}
# - {CALIB_CREATION_DATE: '2012-09-12'}
# - {CALIB_CREATION_TIME: '00:00:00'}
# schema: astropy-2.0
wavelength throughput
3750.0 0.0
3760.0 0.0
3770.0 0.0
3780.0 0.0
3790.0 0.0
3800.0 0.0
3810.0 0.0007479540654458106
3820.0 0.000934833544306457
3830.0 0.000996884424239397
3840.0 0.0011604182654991746
3850.0 0.0013716091634705663
3860.0 0.0015827897004783154
3870.0 0.0019077492179349065
3880.0 0.002232698258012533
3890.0 0.0028248762246221304
3900.0 0.0034170541912317276
3910.0 0.0033504131715744734
3920.0 0.006487703416496515
3930.0 0.014002470299601555
3940.0 0.021517248824238777
3950.0 0.021966764703392982
3960.0 0.1297703981399536
3970.0 0.22692814469337463
3980.0 0.32408586144447327
3990.0 0.32545197010040283
4000.0 0.35464632511138916
4010.0 0.37065497040748596
4020.0 0.38666361570358276
4030.0 0.3910181522369385
4040.0 0.3964231610298157
4050.0 0.39612796902656555
4060.0 0.4055560827255249
4070.0 0.4080207347869873
4080.0 0.420789510011673
4090.0 0.42018604278564453
4100.0 0.4272949993610382
4110.0 0.4318239688873291
4120.0 0.4363529682159424
4130.0 0.43811264634132385
4140.0 0.44546064734458923
4150.0 0.447039932012558
4160.0 0.46001893281936646
4170.0 0.4670261740684509
4180.0 0.4740334749221802
4190.0 0.4743817448616028
4200.0 0.475790798664093
4210.0 0.47736403346061707
4220.0 0.48420605063438416
4230.0 0.4835241734981537
4240.0 0.5011286735534668
4250.0 0.506349503993988
4260.0 0.5115702748298645
4270.0 0.5140301585197449
4280.0 0.5249457359313965
4290.0 0.5238641500473022
4300.0 0.535205602645874
4310.0 0.5391160845756531
4320.0 0.5430265665054321
4330.0 0.5480325818061829
4340.0 0.5530385971069336
4350.0 0.5591598749160767
4360.0 0.5652812123298645
4370.0 0.5703199505805969
4380.0 0.5753587484359741
4390.0 0.5820868611335754
4400.0 0.5888150334358215
4410.0 0.5927839279174805
4420.0 0.5967528820037842
4430.0 0.600292980670929
4440.0 0.6038330793380737
4450.0 0.6073204874992371
4460.0 0.6108078956604004
4470.0 0.6137316226959229
4480.0 0.6166553497314453
4490.0 0.6198418736457825
4500.0 0.6230284571647644
4510.0 0.6263827681541443
4520.0 0.6297371983528137
4530.0 0.6345332860946655
4540.0 0.6393293738365173
4550.0 0.6416141986846924
4560.0 0.6438990235328674
4570.0 0.6449223756790161
4580.0 0.6459457278251648
4590.0 0.6505069136619568
4600.0 0.6550680994987488
4610.0 0.6591814160346985
4620.0 0.6632947325706482
4630.0 0.666571319103241
4640.0 0.6698479056358337
4650.0 0.6722654700279236
4660.0 0.6746829748153687
4670.0 0.6748723387718201
4680.0 0.6750617027282715
4690.0 0.6768527626991272
4700.0 0.6786438226699829
4710.0 0.6811686158180237
4720.0 0.6836933493614197
4730.0 0.6876323819160461
4740.0 0.6915712952613831
4750.0 0.6960943341255188
4760.0 0.7006173133850098
4770.0 0.7014452219009399
4780.0 0.7022730708122253
4790.0 0.7033193111419678
4800.0 0.7043654322624207
4810.0 0.7073984742164612
4820.0 0.7104314565658569
4830.0 0.7114782929420471
4840.0 0.7125252485275269
4850.0 0.7121158242225647
4860.0 0.7117063999176025
4870.0 0.7146530151367188
4880.0 0.7175996899604797
4890.0 0.7214970588684082
4900.0 0.7253943681716919
4910.0 0.7265768051147461
4920.0 0.7277592420578003
4930.0 0.726952314376831
4940.0 0.7261453866958618
4950.0 0.7275494933128357
4960.0 0.7289537191390991
4970.0 0.733773410320282
4980.0 0.7385931015014648
4990.0 0.7409235835075378
5000.0 0.7432541251182556
5010.0 0.7459498643875122
5020.0 0.7486456036567688
5030.0 0.7497893571853638
5040.0 0.7509332299232483
5050.0 0.7526116967201233
5060.0 0.7542901635169983
5070.0 0.7572870850563049
5080.0 0.7602840065956116
5090.0 0.761544942855835
5100.0 0.7628058791160583
5110.0 0.7613052129745483
5120.0 0.7598046660423279
5130.0 0.7613701224327087
5140.0 0.7629356384277344
5150.0 0.7669942378997803
5160.0 0.7710528373718262
5170.0 0.7721549272537231
5180.0 0.7732570171356201
5190.0 0.7749382257461548
5200.0 0.7766193747520447
5210.0 0.7804064750671387
5220.0 0.7841935753822327
5230.0 0.7875825762748718
5240.0 0.7909715175628662
5250.0 0.7927166819572449
5260.0 0.7944619059562683
5270.0 0.7945647835731506
5280.0 0.794667661190033
5290.0 0.7953974008560181
5300.0 0.7961271405220032
5310.0 0.798229992389679
5320.0 0.8003329634666443
5330.0 0.802104651927948
5340.0 0.8038763403892517
5350.0 0.8059651851654053
5360.0 0.8080540895462036
5370.0 0.8053001165390015
5380.0 0.8025460839271545
5390.0 0.7974311113357544
5400.0 0.792316198348999
5410.0 0.7932885885238647
5420.0 0.7942609786987305
5430.0 0.7988883852958679
5440.0 0.8035157918930054
5450.0 0.7418391704559326
5460.0 0.6801625490188599
5470.0 0.47858867049217224
5480.0 0.277014821767807
5490.0 0.16470815241336823
5500.0 0.05240151286125183
5510.0 0.03222884237766266
5520.0 0.012056171894073486
5530.0 0.007425839547067881
5540.0 0.0027955176774412394
5550.0 0.0019407217623665929
5560.0 0.0010859364410862327
5570.0 0.0008664270862936974
5580.0 0.0006469176732935011
5590.0 0.0005682195187546313
5600.0 0.0004895110032521188
5610.0 0.00043330699554644525
5620.0 0.00037711334880441427
5630.0 0.00034415110712870955
5640.0 0.00031118886545300484
5650.0 0.0
5660.0 0.0
5670.0 0.0
5680.0 0.0
5690.0 0.0
5700.0 0.0
