decam/transmission_system/s6/i_decam_sdss_c0003_7835.0_1470.0/2012-09-12T00:00:00.ecsv
# %ECSV 1.0
# ---
# datatype:
# - {name: wavelength, unit: Angstrom, datatype: float64}
# - {name: throughput, datatype: float64}
# meta: !!omap
# - {MODE: DETECTOR}
# - {TYPE: transmission_system}
# - {CALIBDATE: '2012-09-12T00:00:00'}
# - {INSTRUME: DECam}
# - {OBSTYPE: transmission_system}
# - {CALIBCLS: lsst.ip.isr.IntermediateSystemTransmissionCurve}
# - {DETECTOR: 30}
# - {DETECTOR_NAME: S6}
# - {SOURCE: i_band_per_detector_throughput.fits}
# - {FILTER: i DECam SDSS c0003 7835.0 1470.0}
# - {CALIB_CREATION_DATE: '2012-09-12'}
# - {CALIB_CREATION_TIME: '00:00:00'}
# schema: astropy-2.0
wavelength throughput
6700.0 0.0
6710.0 0.0
6720.0 0.0
6730.0 0.0
6740.0 0.0
6750.0 0.0
6760.0 0.0007551613380201161
6770.0 0.0008544530719518661
6780.0 0.0009537343867123127
6790.0 0.001068406505510211
6800.0 0.0011830783914774656
6810.0 0.00134496099781245
6820.0 0.0015068436041474342
6830.0 0.001680762623436749
6840.0 0.0018546710489317775
6850.0 0.002125783823430538
6860.0 0.0023968862369656563
6870.0 0.002749054692685604
6880.0 0.003101223148405552
6890.0 0.003576859598979354
6900.0 0.004052506759762764
6910.0 0.004756635520607233
6920.0 0.0054607754573225975
6930.0 0.006711906753480434
6940.0 0.007963038980960846
6950.0 0.010518277063965797
6960.0 0.013073504902422428
6970.0 0.019016999751329422
6980.0 0.024960502982139587
6990.0 0.03863491863012314
7000.0 0.05230933800339699
7010.0 0.080178402364254
7020.0 0.10804745554924011
7030.0 0.1565791219472885
7040.0 0.20511078834533691
7050.0 0.2772509753704071
7060.0 0.3493911027908325
7070.0 0.43729138374328613
7080.0 0.5251916646957397
7090.0 0.6106017827987671
7100.0 0.6960119009017944
7110.0 0.7628905177116394
7120.0 0.8297691345214844
7130.0 0.8719934821128845
7140.0 0.9142178297042847
7150.0 0.9345144033432007
7160.0 0.9548109769821167
7170.0 0.9633640646934509
7180.0 0.9719171524047852
7190.0 0.9738914966583252
7200.0 0.9758658409118652
7210.0 0.9769116044044495
7220.0 0.9779573082923889
7230.0 0.9802087545394897
7240.0 0.982460081577301
7250.0 0.9861703515052795
7260.0 0.9898805618286133
7270.0 0.9937187433242798
7280.0 0.9975569844245911
7290.0 0.999464213848114
7300.0 1.0013715028762817
7310.0 1.0010106563568115
7320.0 1.0006498098373413
7330.0 0.9983744025230408
7340.0 0.9960989952087402
7350.0 0.9945397973060608
7360.0 0.9929805994033813
7370.0 0.9938826560974121
7380.0 0.9947847723960876
7390.0 0.9983663558959961
7400.0 1.0019478797912598
7410.0 1.0049835443496704
7420.0 1.008019208908081
7430.0 1.0091623067855835
7440.0 1.0103052854537964
7450.0 1.0094764232635498
7460.0 1.0086475610733032
7470.0 1.0071253776550293
7480.0 1.005603313446045
7490.0 1.0056207180023193
7500.0 1.0056381225585938
7510.0 1.0065109729766846
7520.0 1.007383942604065
7530.0 1.0084935426712036
7540.0 1.0096032619476318
7550.0 1.0088433027267456
7560.0 1.0080833435058594
7570.0 1.0058859586715698
7580.0 1.0036886930465698
7590.0 0.9940475821495056
7600.0 0.9844064116477966
7610.0 0.9861835837364197
7620.0 0.987960696220398
7630.0 0.9895780682563782
7640.0 0.9911954402923584
7650.0 0.9952422976493835
7660.0 0.9992892146110535
7670.0 1.0010871887207031
7680.0 1.002885103225708
7690.0 1.0026037693023682
7700.0 1.0023223161697388
7710.0 1.0023603439331055
7720.0 1.0023983716964722
7730.0 1.002883791923523
7740.0 1.0033693313598633
7750.0 1.0065255165100098
7760.0 1.0096818208694458
7770.0 1.0113531351089478
7780.0 1.0130245685577393
7790.0 1.013681411743164
7800.0 1.0143382549285889
7810.0 1.0133204460144043
7820.0 1.0123026371002197
7830.0 1.0109398365020752
7840.0 1.0095770359039307
7850.0 1.0095382928848267
7860.0 1.0094995498657227
7870.0 1.009769082069397
7880.0 1.0100384950637817
7890.0 1.0082460641860962
7900.0 1.0064536333084106
7910.0 1.0029274225234985
7920.0 0.9994010925292969
7930.0 0.9946928024291992
7940.0 0.9899845719337463
7950.0 0.9847493767738342
7960.0 0.9795141220092773
7970.0 0.9774471521377563
7980.0 0.9753802418708801
7990.0 0.9785374402999878
8000.0 0.9816946983337402
8010.0 0.9862444996833801
8020.0 0.9907942414283752
8030.0 0.9935545921325684
8040.0 0.996315062046051
8050.0 0.9966044425964355
8060.0 0.9968937635421753
8070.0 0.997865617275238
8080.0 0.9988375306129456
8090.0 0.9950456023216248
8100.0 0.991253674030304
8110.0 0.9812686443328857
8120.0 0.986838161945343
8130.0 0.985931396484375
8140.0 0.9850246906280518
8150.0 0.9861571192741394
8160.0 0.9872896075248718
8170.0 0.994577169418335
8180.0 0.9935198426246643
8190.0 0.9891348481178284
8200.0 0.9861634969711304
8210.0 0.9831922650337219
8220.0 0.9792231917381287
8230.0 0.9752541184425354
8240.0 0.9739542007446289
8250.0 0.9726542830467224
8260.0 0.9740569591522217
8270.0 0.9754595756530762
8280.0 0.9793676137924194
8290.0 0.9832755923271179
8300.0 0.9871835708618164
8310.0 1.000027060508728
8320.0 1.0029670000076294
8330.0 1.0059070587158203
8340.0 1.0088471174240112
8350.0 1.0077613592147827
8360.0 1.0052231550216675
8370.0 1.0026849508285522
8380.0 1.000146746635437
8390.0 0.998907208442688
8400.0 0.9932897090911865
8410.0 0.9935674071311951
8420.0 0.9938451647758484
8430.0 0.9925712943077087
8440.0 0.9986715316772461
8450.0 0.9974991083145142
8460.0 0.996326744556427
8470.0 1.002042293548584
8480.0 1.0077580213546753
8490.0 1.0108673572540283
8500.0 1.013976812362671
8510.0 1.0011401176452637
8520.0 0.9883034825325012
8530.0 0.9283061027526855
8540.0 0.8683087825775146
8550.0 0.7363676428794861
8560.0 0.6044265627861023
8570.0 0.3179652690887451
8580.0 0.3164716958999634
8590.0 0.1274527758359909
8600.0 0.1249610185623169
8610.0 0.045137256383895874
8620.0 0.04515558481216431
8630.0 0.016603942960500717
8640.0 0.016813067719340324
8650.0 0.00680603738874197
8660.0 0.007138910237699747
8670.0 0.0032545484136790037
8680.0 0.002684324746951461
8690.0 0.00211409037001431
8700.0 0.0
8710.0 0.0
8720.0 0.0
8730.0 0.0
8740.0 0.0
8750.0 0.0
