decam/transmission_system/n25/i_decam_sdss_c0003_7835.0_1470.0/2012-09-12T00:00:00.ecsv
# %ECSV 1.0
# ---
# datatype:
# - {name: wavelength, unit: Angstrom, datatype: float64}
# - {name: throughput, datatype: float64}
# meta: !!omap
# - {MODE: DETECTOR}
# - {TYPE: transmission_system}
# - {CALIBDATE: '2012-09-12T00:00:00'}
# - {INSTRUME: DECam}
# - {OBSTYPE: transmission_system}
# - {CALIBCLS: lsst.ip.isr.IntermediateSystemTransmissionCurve}
# - {DETECTOR: 56}
# - {DETECTOR_NAME: N25}
# - {SOURCE: i_band_per_detector_throughput.fits}
# - {FILTER: i DECam SDSS c0003 7835.0 1470.0}
# - {CALIB_CREATION_DATE: '2012-09-12'}
# - {CALIB_CREATION_TIME: '00:00:00'}
# schema: astropy-2.0
wavelength throughput
6700.0 0.0
6710.0 0.0
6720.0 0.0
6730.0 0.0
6740.0 0.0
6750.0 0.0
6760.0 0.0010584782576188445
6770.0 0.0012221159413456917
6780.0 0.0013857639860361814
6790.0 0.0015628815162926912
6800.0 0.0017400095239281654
6810.0 0.0019505773670971394
6820.0 0.0021611452102661133
6830.0 0.0024366925936192274
6840.0 0.0027122395113110542
6850.0 0.0030643041245639324
6860.0 0.0034163687378168106
6870.0 0.0038356143049895763
6880.0 0.004254849161952734
6890.0 0.0047813523560762405
6900.0 0.00530785508453846
6910.0 0.005962633993476629
6920.0 0.006617413368076086
6930.0 0.007564511615782976
6940.0 0.008511610329151154
6950.0 0.010023304261267185
6960.0 0.011534996330738068
6970.0 0.014545412734150887
6980.0 0.017555829137563705
6990.0 0.024634039029479027
7000.0 0.03171223774552345
7010.0 0.047977421432733536
7020.0 0.06424260139465332
7030.0 0.09618587046861649
7040.0 0.12812916934490204
7050.0 0.18149003386497498
7060.0 0.2348508983850479
7070.0 0.3100337088108063
7080.0 0.38521647453308105
7090.0 0.47464245557785034
7100.0 0.5640684366226196
7110.0 0.6505050659179688
7120.0 0.7369416356086731
7130.0 0.8036127090454102
7140.0 0.870283842086792
7150.0 0.9090306758880615
7160.0 0.9477774500846863
7170.0 0.9634745121002197
7180.0 0.9791715741157532
7190.0 0.9802216291427612
7200.0 0.9812717437744141
7210.0 0.9799293279647827
7220.0 0.9785869121551514
7230.0 0.9806638360023499
7240.0 0.9827407002449036
7250.0 0.9882454872131348
7260.0 0.9937501549720764
7270.0 0.9999006986618042
7280.0 1.0060513019561768
7290.0 1.0078240633010864
7300.0 1.009596824645996
7310.0 1.0070807933807373
7320.0 1.0045650005340576
7330.0 1.0007232427597046
7340.0 0.9968816041946411
7350.0 0.9957383275032043
7360.0 0.9945950508117676
7370.0 0.9966403245925903
7380.0 0.9986855387687683
7390.0 1.002685785293579
7400.0 1.0066859722137451
7410.0 1.009200930595398
7420.0 1.0117158889770508
7430.0 1.0124012231826782
7440.0 1.0130865573883057
7450.0 1.0124729871749878
7460.0 1.01185941696167
7470.0 1.0110735893249512
7480.0 1.0102877616882324
7490.0 1.0106326341629028
7500.0 1.0109776258468628
7510.0 1.011359691619873
7520.0 1.0117418766021729
7530.0 1.0121715068817139
7540.0 1.0126012563705444
7550.0 1.011513113975525
7560.0 1.0104249715805054
7570.0 1.0083556175231934
7580.0 1.006286382675171
7590.0 0.9967530369758606
7600.0 0.9872196912765503
7610.0 0.9886389970779419
7620.0 0.9900583028793335
7630.0 0.9909394979476929
7640.0 0.991820752620697
7650.0 0.9950699210166931
7660.0 0.9983190894126892
7670.0 0.9998458623886108
7680.0 1.0013725757598877
7690.0 1.0017024278640747
7700.0 1.0020321607589722
7710.0 1.0032157897949219
7720.0 1.0043994188308716
7730.0 1.0059456825256348
7740.0 1.007491946220398
7750.0 1.0110490322113037
7760.0 1.0146061182022095
7770.0 1.0159815549850464
7780.0 1.0173569917678833
7790.0 1.017365574836731
7800.0 1.017374038696289
7810.0 1.0160534381866455
7820.0 1.0147329568862915
7830.0 1.013572096824646
7840.0 1.0124112367630005
7850.0 1.0130811929702759
7860.0 1.0137512683868408
7870.0 1.014447808265686
7880.0 1.0151443481445312
7890.0 1.0131460428237915
7900.0 1.0111477375030518
7910.0 1.0065480470657349
7920.0 1.0019482374191284
7930.0 0.9960567951202393
7940.0 0.9901653528213501
7950.0 0.9842760562896729
7960.0 0.9783867001533508
7970.0 0.9768504500389099
7980.0 0.975314199924469
7990.0 0.9799039363861084
8000.0 0.9844936728477478
8010.0 0.9883539080619812
8020.0 0.9922142028808594
8030.0 0.9957197904586792
8040.0 0.999225378036499
8050.0 0.9995126724243164
8060.0 0.9997999668121338
8070.0 0.9994403123855591
8080.0 0.9990806579589844
8090.0 0.9940520524978638
8100.0 0.9890235066413879
8110.0 0.9784835577011108
8120.0 0.9835501909255981
8130.0 0.9835751056671143
8140.0 0.9836000800132751
8150.0 0.9860296845436096
8160.0 0.9884594082832336
8170.0 0.9979085326194763
8180.0 0.996664822101593
8190.0 0.9921305775642395
8200.0 0.9876129031181335
8210.0 0.9830952286720276
8220.0 0.9779397249221802
8230.0 0.9727842807769775
8240.0 0.9713424444198608
8250.0 0.9699005484580994
8260.0 0.9725351929664612
8270.0 0.975169837474823
8280.0 0.9803714156150818
8290.0 0.9855730533599854
8300.0 0.9907746315002441
8310.0 1.0052745342254639
8320.0 1.007371425628662
8330.0 1.0094683170318604
8340.0 1.0115652084350586
8350.0 1.0053404569625854
8360.0 1.0010781288146973
8370.0 0.9968157410621643
8380.0 0.9925534725189209
8390.0 0.9880762100219727
8400.0 0.9838564991950989
8410.0 0.983927845954895
8420.0 0.9839990735054016
8430.0 0.984870433807373
8440.0 0.9901103973388672
8450.0 0.9903780221939087
8460.0 0.990645706653595
8470.0 0.9979441165924072
8480.0 1.0052425861358643
8490.0 1.0082050561904907
8500.0 1.0111675262451172
8510.0 0.9910470247268677
8520.0 0.9709264636039734
8530.0 0.8954480886459351
8540.0 0.8199697136878967
8550.0 0.6810248494148254
8560.0 0.5420800447463989
8570.0 0.27538976073265076
8580.0 0.2786343991756439
8590.0 0.10872019827365875
8600.0 0.10997151583433151
8610.0 0.03888316452503204
8620.0 0.038869936019182205
8630.0 0.013524165377020836
8640.0 0.014304115436971188
8650.0 0.005857069976627827
8660.0 0.005501910578459501
8670.0 0.0025763094890862703
8680.0 0.002126116305589676
8690.0 0.0016759231220930815
8700.0 0.0
8710.0 0.0
8720.0 0.0
8730.0 0.0
8740.0 0.0
8750.0 0.0
