decam/transmission_system/n31/y_decam_c0005_10095.0_1130.0/2012-09-12T00:00:00.ecsv
# %ECSV 1.0
# ---
# datatype:
# - {name: wavelength, unit: Angstrom, datatype: float64}
# - {name: throughput, datatype: float64}
# meta: !!omap
# - {MODE: DETECTOR}
# - {TYPE: transmission_system}
# - {CALIBDATE: '2012-09-12T00:00:00'}
# - {INSTRUME: DECam}
# - {OBSTYPE: transmission_system}
# - {CALIBCLS: lsst.ip.isr.IntermediateSystemTransmissionCurve}
# - {DETECTOR: 62}
# - {DETECTOR_NAME: N31}
# - {SOURCE: Y_band_per_detector_throughput.fits}
# - {FILTER: Y DECam c0005 10095.0 1130.0}
# - {CALIB_CREATION_DATE: '2012-09-12'}
# - {CALIB_CREATION_TIME: '00:00:00'}
# schema: astropy-2.0
wavelength throughput
9250.0 0.0
9260.0 0.0
9270.0 0.0
9280.0 0.0
9290.0 0.0
9300.0 0.0
9310.0 0.008063680492341518
9320.0 0.008878275752067566
9330.0 0.009692881256341934
9340.0 0.010738866403698921
9350.0 0.011784851551055908
9360.0 0.013093641959130764
9370.0 0.014402421191334724
9380.0 0.016635242849588394
9390.0 0.018868066370487213
9400.0 0.022945912554860115
9410.0 0.02702374756336212
9420.0 0.035498250275850296
9430.0 0.04397275671362877
9440.0 0.06399653851985931
9450.0 0.08402031660079956
9460.0 0.08211749792098999
9470.0 0.16447760164737701
9480.0 0.16251136362552643
9490.0 0.30124631524086
9500.0 0.3020957112312317
9510.0 0.48124414682388306
9520.0 0.5702950358390808
9530.0 0.6593459248542786
9540.0 0.7230239510536194
9550.0 0.7867019772529602
9560.0 0.8134239912033081
9570.0 0.8401460647583008
9580.0 0.8433525562286377
9590.0 0.8465589880943298
9600.0 0.8457625508308411
9610.0 0.8449661731719971
9620.0 0.8436895608901978
9630.0 0.8424128890037537
9640.0 0.8414296507835388
9650.0 0.8404463529586792
9660.0 0.8382096290588379
9670.0 0.8359728455543518
9680.0 0.8316469192504883
9690.0 0.8273210525512695
9700.0 0.8244633674621582
9710.0 0.8216056823730469
9720.0 0.8129728436470032
9730.0 0.8043400049209595
9740.0 0.7992482781410217
9750.0 0.7941564917564392
9760.0 0.7888525724411011
9770.0 0.7835486531257629
9780.0 0.7780943512916565
9790.0 0.7726399898529053
9800.0 0.7672450542449951
9810.0 0.7618499994277954
9820.0 0.7559817433357239
9830.0 0.7501133680343628
9840.0 0.7424598336219788
9850.0 0.7348063588142395
9860.0 0.72758549451828
9870.0 0.7203646898269653
9880.0 0.7109449505805969
9890.0 0.7015252709388733
9900.0 0.6930646896362305
9910.0 0.6846041083335876
9920.0 0.675079882144928
9930.0 0.6655556559562683
9940.0 0.6576963663101196
9950.0 0.649837076663971
9960.0 0.6400356888771057
9970.0 0.6302343606948853
9980.0 0.6206124424934387
9990.0 0.6109905242919922
10000.0 0.6001967191696167
10010.0 0.5894029140472412
10020.0 0.5780648589134216
10030.0 0.5667268633842468
10040.0 0.5548772811889648
10050.0 0.5430276989936829
10060.0 0.5321329236030579
10070.0 0.5212381482124329
10080.0 0.509297788143158
10090.0 0.4973573684692383
10100.0 0.48481515049934387
10110.0 0.4722729027271271
10120.0 0.46095940470695496
10130.0 0.44964590668678284
10140.0 0.43768662214279175
10150.0 0.42572736740112305
10160.0 0.4143192172050476
10170.0 0.40291106700897217
10180.0 0.3906280994415283
10190.0 0.3783450722694397
10200.0 0.366872102022171
10210.0 0.35539913177490234
10220.0 0.3438536822795868
10230.0 0.332308292388916
10240.0 0.3207847774028778
10250.0 0.3092613220214844
10260.0 0.29858437180519104
10270.0 0.2879074811935425
10280.0 0.27828866243362427
10290.0 0.26866984367370605
10300.0 0.25793173909187317
10310.0 0.2471936196088791
10320.0 0.23655274510383606
10330.0 0.22591185569763184
10340.0 0.2135976105928421
10350.0 0.20128333568572998
10360.0 0.18893857300281525
10370.0 0.1765938252210617
10380.0 0.1699213832616806
10390.0 0.1632489264011383
10400.0 0.15845510363578796
10410.0 0.15366126596927643
10420.0 0.14917172491550446
10430.0 0.1446821689605713
10440.0 0.14012135565280914
10450.0 0.1355605572462082
10460.0 0.13108843564987183
10470.0 0.12661632895469666
10480.0 0.12252133339643478
10490.0 0.11842633038759232
10500.0 0.11404505372047424
10510.0 0.10966377705335617
10520.0 0.10662323981523514
10530.0 0.1035827025771141
10540.0 0.10136550664901733
10550.0 0.09914831817150116
10560.0 0.09698361903429031
10570.0 0.09481890499591827
10580.0 0.09035167843103409
10590.0 0.0858844593167305
10600.0 0.07667199522256851
10610.0 0.06745952367782593
10620.0 0.05453246086835861
10630.0 0.0416053831577301
10640.0 0.03086746297776699
10650.0 0.02012954279780388
10660.0 0.014155017212033272
10670.0 0.008180491626262665
10680.0 0.0056144846603274345
10690.0 0.0030484877061098814
10700.0 0.0
10710.0 0.0
10720.0 0.0
10730.0 0.0
10740.0 0.0
10750.0 0.0
