decam/transmission_system/s24/z_decam_sdss_c0004_9260.0_1520.0/2012-09-12T00:00:00.ecsv
# %ECSV 1.0
# ---
# datatype:
# - {name: wavelength, unit: Angstrom, datatype: float64}
# - {name: throughput, datatype: float64}
# meta: !!omap
# - {MODE: DETECTOR}
# - {TYPE: transmission_system}
# - {CALIBDATE: '2012-09-12T00:00:00'}
# - {INSTRUME: DECam}
# - {OBSTYPE: transmission_system}
# - {CALIBCLS: lsst.ip.isr.IntermediateSystemTransmissionCurve}
# - {DETECTOR: 12}
# - {DETECTOR_NAME: S24}
# - {SOURCE: z_band_per_detector_throughput.fits}
# - {FILTER: z DECam SDSS c0004 9260.0 1520.0}
# - {CALIB_CREATION_DATE: '2012-09-12'}
# - {CALIB_CREATION_TIME: '00:00:00'}
# schema: astropy-2.0
wavelength throughput
8200.0 0.0
8210.0 0.0
8220.0 0.0
8230.0 0.0
8240.0 0.0
8250.0 0.0
8260.0 0.005094368942081928
8270.0 0.0057037342339754105
8280.0 0.0055933198891580105
8290.0 0.006156160030514002
8300.0 0.006719000171869993
8310.0 0.007114920765161514
8320.0 0.008265255019068718
8330.0 0.009415599517524242
8340.0 0.010565933771431446
8350.0 0.015535484999418259
8360.0 0.01645852066576481
8370.0 0.01738155633211136
8380.0 0.018304603174328804
8390.0 0.02760091982781887
8400.0 0.033734794706106186
8410.0 0.039868663996458054
8420.0 0.04600254073739052
8430.0 0.0938921719789505
8440.0 0.08891215920448303
8450.0 0.1414393037557602
8460.0 0.19396646320819855
8470.0 0.3870944082736969
8480.0 0.3807287812232971
8490.0 0.5091606378555298
8500.0 0.6375924348831177
8510.0 0.7376801371574402
8520.0 0.8377679586410522
8530.0 0.8940455913543701
8540.0 0.950323224067688
8550.0 0.963542103767395
8560.0 0.9767608642578125
8570.0 0.9696238040924072
8580.0 0.978391706943512
8590.0 0.9636263251304626
8600.0 0.9618123769760132
8610.0 0.9695591330528259
8620.0 0.9733965396881104
8630.0 0.9857345223426819
8640.0 0.9930770993232727
8650.0 0.9964945912361145
8660.0 0.993158221244812
8670.0 0.9994313716888428
8680.0 0.9980502724647522
8690.0 0.9966691732406616
8700.0 0.9961503148078918
8710.0 0.9956313967704773
8720.0 0.9957817792892456
8730.0 0.9959321022033691
8740.0 0.9946416020393372
8750.0 0.9979445934295654
8760.0 1.0004268884658813
8770.0 1.0029091835021973
8780.0 1.0060153007507324
8790.0 1.0091214179992676
8800.0 1.0122777223587036
8810.0 1.01543390750885
8820.0 1.0183213949203491
8830.0 1.0212090015411377
8840.0 1.0228201150894165
8850.0 1.0244313478469849
8860.0 1.025329351425171
8870.0 1.0262271165847778
8880.0 1.026469349861145
8890.0 1.0267114639282227
8900.0 1.0219875574111938
8910.0 1.0202115774154663
8920.0 1.0185668468475342
8930.0 1.016922116279602
8940.0 1.0152772665023804
8950.0 1.0144141912460327
8960.0 1.0135509967803955
8970.0 1.014051914215088
8980.0 1.0145529508590698
8990.0 1.016621708869934
9000.0 1.018690586090088
9010.0 1.0212541818618774
9020.0 1.0238176584243774
9030.0 1.0261605978012085
9040.0 1.02850341796875
9050.0 1.0283925533294678
9060.0 1.0321563482284546
9070.0 1.0302752256393433
9080.0 1.0283939838409424
9090.0 1.0255050659179688
9100.0 1.0226161479949951
9110.0 1.0195515155792236
9120.0 1.0200504064559937
9130.0 1.0182108879089355
9140.0 1.0175808668136597
9150.0 1.0204291343688965
9160.0 1.0211564302444458
9170.0 1.0218837261199951
9180.0 1.0238116979599
9190.0 1.0257395505905151
9200.0 1.0256342887878418
9210.0 1.025528907775879
9220.0 1.0240018367767334
9230.0 1.022474765777588
9240.0 1.016116738319397
9250.0 1.009758710861206
9260.0 1.0042444467544556
9270.0 0.9987301826477051
9280.0 0.9893069863319397
9290.0 0.9798837900161743
9300.0 0.9729247689247131
9310.0 0.9659656882286072
9320.0 0.9600741863250732
9330.0 0.9541827440261841
9340.0 0.9453797936439514
9350.0 0.9365769028663635
9360.0 0.9257988929748535
9370.0 0.9150208234786987
9380.0 0.9071961045265198
9390.0 0.899371325969696
9400.0 0.8879982233047485
9410.0 0.8766250610351562
9420.0 0.8683507442474365
9430.0 0.8600764870643616
9440.0 0.8528869152069092
9450.0 0.856057345867157
9460.0 0.8571807146072388
9470.0 0.8557898998260498
9480.0 0.8574122190475464
9490.0 0.859034538269043
9500.0 0.858180046081543
9510.0 0.8642734885215759
9520.0 0.8672335743904114
9530.0 0.8701937198638916
9540.0 0.8737894892692566
9550.0 0.8773853182792664
9560.0 0.8807407021522522
9570.0 0.884096086025238
9580.0 0.8845114707946777
9590.0 0.8849267959594727
9600.0 0.8821749687194824
9610.0 0.8794231414794922
9620.0 0.8760490417480469
9630.0 0.8726749420166016
9640.0 0.8690828680992126
9650.0 0.8654906749725342
9660.0 0.8631696105003357
9670.0 0.8608485460281372
9680.0 0.8582682013511658
9690.0 0.8556878566741943
9700.0 0.8531074523925781
9710.0 0.8505271077156067
9720.0 0.8475737571716309
9730.0 0.844620406627655
9740.0 0.840576708316803
9750.0 0.8365331292152405
9760.0 0.8297457098960876
9770.0 0.8229584097862244
9780.0 0.8158923983573914
9790.0 0.8088263273239136
9800.0 0.7991224527359009
9810.0 0.7894185781478882
9820.0 0.780958354473114
9830.0 0.7724981307983398
9840.0 0.7645989060401917
9850.0 0.7566996812820435
9860.0 0.7471567988395691
9870.0 0.7376137971878052
9880.0 0.7270540595054626
9890.0 0.7164943218231201
9900.0 0.7017871737480164
9910.0 0.6870800852775574
9920.0 0.6644083261489868
9930.0 0.6417365670204163
9940.0 0.5992998480796814
9950.0 0.5568630695343018
9960.0 0.5029929876327515
9970.0 0.4491228461265564
9980.0 0.3838794231414795
9990.0 0.318636029958725
10000.0 0.2475786656141281
10010.0 0.17652131617069244
10020.0 0.12437575310468674
10030.0 0.07223018258810043
10040.0 0.049660902470350266
10050.0 0.0270916149020195
10060.0 0.019009293988347054
10070.0 0.010926971212029457
10080.0 0.008295787498354912
10090.0 0.0056646135635674
10100.0 0.004476467147469521
10110.0 0.0032883104868233204
10120.0 0.002456922549754381
10130.0 0.0016255347291007638
10140.0 0.0017373820301145315
10150.0 0.0
10160.0 0.0
10170.0 0.0
10180.0 0.0
10190.0 0.0
10200.0 0.0
