decam/transmission_system/s9/y_decam_c0005_10095.0_1130.0/2012-09-12T00:00:00.ecsv
# %ECSV 1.0
# ---
# datatype:
# - {name: wavelength, unit: Angstrom, datatype: float64}
# - {name: throughput, datatype: float64}
# meta: !!omap
# - {MODE: DETECTOR}
# - {TYPE: transmission_system}
# - {CALIBDATE: '2012-09-12T00:00:00'}
# - {INSTRUME: DECam}
# - {OBSTYPE: transmission_system}
# - {CALIBCLS: lsst.ip.isr.IntermediateSystemTransmissionCurve}
# - {DETECTOR: 20}
# - {DETECTOR_NAME: S9}
# - {SOURCE: Y_band_per_detector_throughput.fits}
# - {FILTER: Y DECam c0005 10095.0 1130.0}
# - {CALIB_CREATION_DATE: '2012-09-12'}
# - {CALIB_CREATION_TIME: '00:00:00'}
# schema: astropy-2.0
wavelength throughput
9250.0 0.0
9260.0 0.0
9270.0 0.0
9280.0 0.0
9290.0 0.0
9300.0 0.0
9310.0 0.006245243363082409
9320.0 0.007104608695954084
9330.0 0.007963973097503185
9340.0 0.009102084673941135
9350.0 0.010240186005830765
9360.0 0.011608481407165527
9370.0 0.012976768426597118
9380.0 0.015246894210577011
9390.0 0.017517030239105225
9400.0 0.021465448662638664
9410.0 0.02541385404765606
9420.0 0.033375781029462814
9430.0 0.04133769869804382
9440.0 0.058856088668107986
9450.0 0.07637447863817215
9460.0 0.08167661726474762
9470.0 0.16007089614868164
9480.0 0.1711353212594986
9490.0 0.31897780299186707
9500.0 0.33426254987716675
9510.0 0.5580626130104065
9520.0 0.6622305512428284
9530.0 0.766398549079895
9540.0 0.8074149489402771
9550.0 0.8484313488006592
9560.0 0.8532315492630005
9570.0 0.8580316305160522
9580.0 0.8555579781532288
9590.0 0.85308438539505
9600.0 0.8506989479064941
9610.0 0.8483135104179382
9620.0 0.8459147214889526
9630.0 0.843515932559967
9640.0 0.842063844203949
9650.0 0.8406118154525757
9660.0 0.8389645218849182
9670.0 0.8373172283172607
9680.0 0.8341436982154846
9690.0 0.8309701681137085
9700.0 0.8290034532546997
9710.0 0.8270367980003357
9720.0 0.8185591697692871
9730.0 0.8100815415382385
9740.0 0.804314136505127
9750.0 0.7985467314720154
9760.0 0.7922612428665161
9770.0 0.7859756946563721
9780.0 0.7793329358100891
9790.0 0.7726902365684509
9800.0 0.7666786313056946
9810.0 0.7606669664382935
9820.0 0.7550444006919861
9830.0 0.7494217753410339
9840.0 0.7423092722892761
9850.0 0.7351967096328735
9860.0 0.7284033894538879
9870.0 0.7216100692749023
9880.0 0.7120630145072937
9890.0 0.7025160193443298
9900.0 0.6935696601867676
9910.0 0.6846233606338501
9920.0 0.6746068000793457
9930.0 0.6645901799201965
9940.0 0.656338632106781
9950.0 0.6480871438980103
9960.0 0.638235867023468
9970.0 0.6283846497535706
9980.0 0.6189168095588684
9990.0 0.6094489693641663
10000.0 0.5987515449523926
10010.0 0.5880540609359741
10020.0 0.5768551826477051
10030.0 0.5656563639640808
10040.0 0.5537353754043579
10050.0 0.5418143272399902
10060.0 0.5307544469833374
10070.0 0.5196946263313293
10080.0 0.5076138377189636
10090.0 0.49553295969963074
10100.0 0.4828513562679291
10110.0 0.47016972303390503
10120.0 0.4589429795742035
10130.0 0.44771626591682434
10140.0 0.43577075004577637
10150.0 0.4238252639770508
10160.0 0.41253527998924255
10170.0 0.4012452960014343
10180.0 0.3890310525894165
10190.0 0.3768168091773987
10200.0 0.3653945326805115
10210.0 0.35397228598594666
10220.0 0.3424389660358429
10230.0 0.33090564608573914
10240.0 0.3194044828414917
10250.0 0.3079032897949219
10260.0 0.29722487926483154
10270.0 0.2865464985370636
10280.0 0.27692222595214844
10290.0 0.2672978937625885
10300.0 0.25661805272102356
10310.0 0.24593821167945862
10320.0 0.23538853228092194
10330.0 0.22483886778354645
10340.0 0.2126423716545105
10350.0 0.20044586062431335
10360.0 0.18805311620235443
10370.0 0.1756603717803955
10380.0 0.16885802149772644
10390.0 0.16205567121505737
10400.0 0.15741531550884247
10410.0 0.15277495980262756
10420.0 0.14856775104999542
10430.0 0.14436055719852448
10440.0 0.14017613232135773
10450.0 0.13599173724651337
10460.0 0.13198083639144897
10470.0 0.1279699206352234
10480.0 0.12420941144227982
10490.0 0.12044890224933624
10500.0 0.11621278524398804
10510.0 0.11197666823863983
10520.0 0.10887812077999115
10530.0 0.10577958822250366
10540.0 0.10351947695016861
10550.0 0.10125937312841415
10560.0 0.09982265532016754
10570.0 0.09838595986366272
10580.0 0.09684640169143677
10590.0 0.09530685096979141
10600.0 0.09134837239980698
10610.0 0.08738990128040314
10620.0 0.07767462730407715
10630.0 0.06795934587717056
10640.0 0.054353803396224976
10650.0 0.04074827581644058
10660.0 0.02965056151151657
10670.0 0.018552858382463455
10680.0 0.01283251866698265
10690.0 0.007112189196050167
10700.0 0.0
10710.0 0.0
10720.0 0.0
10730.0 0.0
10740.0 0.0
10750.0 0.0
