decam/transmission_system/s18/z_decam_sdss_c0004_9260.0_1520.0/2012-09-12T00:00:00.ecsv
# %ECSV 1.0
# ---
# datatype:
# - {name: wavelength, unit: Angstrom, datatype: float64}
# - {name: throughput, datatype: float64}
# meta: !!omap
# - {MODE: DETECTOR}
# - {TYPE: transmission_system}
# - {CALIBDATE: '2012-09-12T00:00:00'}
# - {INSTRUME: DECam}
# - {OBSTYPE: transmission_system}
# - {CALIBCLS: lsst.ip.isr.IntermediateSystemTransmissionCurve}
# - {DETECTOR: 17}
# - {DETECTOR_NAME: S18}
# - {SOURCE: z_band_per_detector_throughput.fits}
# - {FILTER: z DECam SDSS c0004 9260.0 1520.0}
# - {CALIB_CREATION_DATE: '2012-09-12'}
# - {CALIB_CREATION_TIME: '00:00:00'}
# schema: astropy-2.0
wavelength throughput
8200.0 0.0
8210.0 0.0
8220.0 0.0
8230.0 0.0
8240.0 0.0
8250.0 0.0
8260.0 0.004372003488242626
8270.0 0.004914280958473682
8280.0 0.004848927725106478
8290.0 0.005280272103846073
8300.0 0.0057116164825856686
8310.0 0.006036804523319006
8320.0 0.007065633311867714
8330.0 0.00809446256607771
8340.0 0.009123302064836025
8350.0 0.013510466553270817
8360.0 0.01422192808240652
8370.0 0.014933379366993904
8380.0 0.015644829720258713
8390.0 0.023472996428608894
8400.0 0.028416553512215614
8410.0 0.03336011990904808
8420.0 0.038303688168525696
8430.0 0.07670564949512482
8440.0 0.07179035246372223
8450.0 0.11539749801158905
8460.0 0.15900465846061707
8470.0 0.3411639332771301
8480.0 0.337083637714386
8490.0 0.4720352292060852
8500.0 0.6069868206977844
8510.0 0.7158117890357971
8520.0 0.8246367573738098
8530.0 0.8902072310447693
8540.0 0.9557777047157288
8550.0 0.9742806553840637
8560.0 0.9927836060523987
8570.0 0.9848577976226807
8580.0 0.9945160746574402
8590.0 0.9759688973426819
8600.0 0.9747434258460999
8610.0 0.9806832671165466
8620.0 0.9854772686958313
8630.0 0.9973675012588501
8640.0 1.0055686235427856
8650.0 1.007719874382019
8660.0 1.0060992240905762
8670.0 1.0091021060943604
8680.0 1.0069643259048462
8690.0 1.0048266649246216
8700.0 1.0044159889221191
8710.0 1.0040051937103271
8720.0 1.0048000812530518
8730.0 1.0055948495864868
8740.0 1.0035858154296875
8750.0 1.0090277194976807
8760.0 1.0115894079208374
8770.0 1.0141510963439941
8780.0 1.0165098905563354
8790.0 1.0188686847686768
8800.0 1.0206668376922607
8810.0 1.0224651098251343
8820.0 1.0239436626434326
8830.0 1.0254219770431519
8840.0 1.0261881351470947
8850.0 1.026954174041748
8860.0 1.0276169776916504
8870.0 1.0282797813415527
8880.0 1.029239296913147
8890.0 1.0301986932754517
8900.0 1.0255131721496582
8910.0 1.025288701057434
8920.0 1.0240702629089355
8930.0 1.0228519439697266
8940.0 1.021633505821228
8950.0 1.0209561586380005
8960.0 1.020278811454773
8970.0 1.0207321643829346
8980.0 1.0211853981018066
8990.0 1.0228534936904907
9000.0 1.0245214700698853
9010.0 1.026813268661499
9020.0 1.0291050672531128
9030.0 1.0311416387557983
9040.0 1.0331782102584839
9050.0 1.033179759979248
9060.0 1.0359673500061035
9070.0 1.0340911149978638
9080.0 1.032214879989624
9090.0 1.0290199518203735
9100.0 1.0258249044418335
9110.0 1.0220086574554443
9120.0 1.0240802764892578
9130.0 1.0207865238189697
9140.0 1.0201938152313232
9150.0 1.0223443508148193
9160.0 1.022385597229004
9170.0 1.022426962852478
9180.0 1.0235735177993774
9190.0 1.0247199535369873
9200.0 1.0236788988113403
9210.0 1.0226378440856934
9220.0 1.0203465223312378
9230.0 1.0180550813674927
9240.0 1.0113623142242432
9250.0 1.004669427871704
9260.0 0.9996592998504639
9270.0 0.9946490526199341
9280.0 0.9861956834793091
9290.0 0.9777423143386841
9300.0 0.9721186757087708
9310.0 0.9664950966835022
9320.0 0.9617123603820801
9330.0 0.9569296836853027
9340.0 0.9488123655319214
9350.0 0.9406951069831848
9360.0 0.9297555685043335
9370.0 0.918816089630127
9380.0 0.9105557799339294
9390.0 0.9022954702377319
9400.0 0.8901868462562561
9410.0 0.8780783414840698
9420.0 0.8693695664405823
9430.0 0.8606607913970947
9440.0 0.8533802032470703
9450.0 0.8565459847450256
9460.0 0.8571814894676208
9470.0 0.8565328121185303
9480.0 0.8582300543785095
9490.0 0.859927237033844
9500.0 0.8590556979179382
9510.0 0.8646032214164734
9520.0 0.8668683171272278
9530.0 0.8691333532333374
9540.0 0.8713546991348267
9550.0 0.8735760450363159
9560.0 0.8751512765884399
9570.0 0.8767265677452087
9580.0 0.8758715391159058
9590.0 0.875016450881958
9600.0 0.8715113401412964
9610.0 0.8680062890052795
9620.0 0.8652645945549011
9630.0 0.8625229597091675
9640.0 0.8598446846008301
9650.0 0.8571663498878479
9660.0 0.8563719391822815
9670.0 0.8555775880813599
9680.0 0.8540974855422974
9690.0 0.8526175022125244
9700.0 0.8511374592781067
9710.0 0.8496573567390442
9720.0 0.8460931777954102
9730.0 0.8425289988517761
9740.0 0.8381584286689758
9750.0 0.8337878584861755
9760.0 0.8274666666984558
9770.0 0.8211455345153809
9780.0 0.8138887286186218
9790.0 0.8066318035125732
9800.0 0.7991549372673035
9810.0 0.7916779518127441
9820.0 0.7841370105743408
9830.0 0.7765960097312927
9840.0 0.7685728669166565
9850.0 0.7605496644973755
9860.0 0.7502896189689636
9870.0 0.740029513835907
9880.0 0.7303972244262695
9890.0 0.7207648754119873
9900.0 0.7112687826156616
9910.0 0.7017726302146912
9920.0 0.6908277273178101
9930.0 0.6798827648162842
9940.0 0.6456099152565002
9950.0 0.6113370656967163
9960.0 0.5386967658996582
9970.0 0.46605658531188965
9980.0 0.36625418066978455
9990.0 0.26645177602767944
10000.0 0.19327674806118011
10010.0 0.12010172009468079
10020.0 0.08406100422143936
10030.0 0.04802028834819794
10040.0 0.03390936553478241
10050.0 0.019798455759882927
10060.0 0.014302277937531471
10070.0 0.008806099183857441
10080.0 0.006923243403434753
10090.0 0.005040397867560387
10100.0 0.004050730727612972
10110.0 0.0030610745307058096
10120.0 0.002328396774828434
10130.0 0.0015957087744027376
10140.0 0.0017540293047204614
10150.0 0.0
10160.0 0.0
10170.0 0.0
10180.0 0.0
10190.0 0.0
10200.0 0.0
