decam/transmission_system/s23/r_decam_sdss_c0002_6415.0_1480.0/2012-09-12T00:00:00.ecsv
# %ECSV 1.0
# ---
# datatype:
# - {name: wavelength, unit: Angstrom, datatype: float64}
# - {name: throughput, datatype: float64}
# meta: !!omap
# - {MODE: DETECTOR}
# - {TYPE: transmission_system}
# - {CALIBDATE: '2012-09-12T00:00:00'}
# - {INSTRUME: DECam}
# - {OBSTYPE: transmission_system}
# - {CALIBCLS: lsst.ip.isr.IntermediateSystemTransmissionCurve}
# - {DETECTOR: 11}
# - {DETECTOR_NAME: S23}
# - {SOURCE: r_band_per_detector_throughput.fits}
# - {FILTER: r DECam SDSS c0002 6415.0 1480.0}
# - {CALIB_CREATION_DATE: '2012-09-12'}
# - {CALIB_CREATION_TIME: '00:00:00'}
# schema: astropy-2.0
wavelength throughput
5350.0 0.0
5360.0 0.0
5370.0 0.0
5380.0 0.0
5390.0 0.0
5400.0 0.0
5410.0 0.00268711824901402
5420.0 0.003005649195984006
5430.0 0.0034349579364061356
5440.0 0.0038642771542072296
5450.0 0.0044202422723174095
5460.0 0.004976207390427589
5470.0 0.005543326027691364
5480.0 0.0061104451306164265
5490.0 0.006938893813639879
5500.0 0.007767342496663332
5510.0 0.008707690052688122
5520.0 0.009648039005696774
5530.0 0.010804998688399792
5540.0 0.011961959302425385
5550.0 0.013605491258203983
5560.0 0.015249023213982582
5570.0 0.01749144308269024
5580.0 0.019733848050236702
5590.0 0.023450523614883423
5600.0 0.02716720849275589
5610.0 0.036711685359478
5620.0 0.0462561659514904
5630.0 0.08029967546463013
5640.0 0.11434318125247955
5650.0 0.21551430225372314
5660.0 0.31668540835380554
5670.0 0.4770667552947998
5680.0 0.6374480724334717
5690.0 0.7120033502578735
5700.0 0.7865586280822754
5710.0 0.7973635792732239
5720.0 0.8081685900688171
5730.0 0.8125685453414917
5740.0 0.8169685006141663
5750.0 0.8217499852180481
5760.0 0.8265315294265747
5770.0 0.8288647532463074
5780.0 0.83119797706604
5790.0 0.8330416679382324
5800.0 0.83488529920578
5810.0 0.8403009176254272
5820.0 0.8457165360450745
5830.0 0.8472824692726135
5840.0 0.8488483428955078
5850.0 0.8482609987258911
5860.0 0.8476737141609192
5870.0 0.8455892205238342
5880.0 0.8435047268867493
5890.0 0.8439325094223022
5900.0 0.8443602919578552
5910.0 0.8488278985023499
5920.0 0.8532955050468445
5930.0 0.8556835055351257
5940.0 0.858071506023407
5950.0 0.8578309416770935
5960.0 0.85759037733078
5970.0 0.8589257001876831
5980.0 0.8602610230445862
5990.0 0.862630307674408
6000.0 0.8649996519088745
6010.0 0.8669906854629517
6020.0 0.8689817786216736
6030.0 0.8676837086677551
6040.0 0.8720318675041199
6050.0 0.8728082776069641
6060.0 0.8735846877098083
6070.0 0.8722573518753052
6080.0 0.8709299564361572
6090.0 0.8717209100723267
6100.0 0.8725118637084961
6110.0 0.8766450881958008
6120.0 0.8807783126831055
6130.0 0.8833200335502625
6140.0 0.8858616948127747
6150.0 0.8867916464805603
6160.0 0.8877216577529907
6170.0 0.8900349736213684
6180.0 0.8923482894897461
6190.0 0.8922263383865356
6200.0 0.8921043276786804
6210.0 0.8925526738166809
6220.0 0.8930009603500366
6230.0 0.894605278968811
6240.0 0.8962095379829407
6250.0 0.8963818550109863
6260.0 0.8965542316436768
6270.0 0.8977271318435669
6280.0 0.8989000916481018
6290.0 0.9019019603729248
6300.0 0.9049038887023926
6310.0 0.9048758149147034
6320.0 0.9048478007316589
6330.0 0.9046888947486877
6340.0 0.9045300483703613
6350.0 0.9074240922927856
6360.0 0.9103180766105652
6370.0 0.9123108983039856
6380.0 0.9143036007881165
6390.0 0.9141871929168701
6400.0 0.914070725440979
6410.0 0.9148410558700562
6420.0 0.9156113862991333
6430.0 0.9152657985687256
6440.0 0.9149202108383179
6450.0 0.9146721363067627
6460.0 0.9144240021705627
6470.0 0.9158895015716553
6480.0 0.9173550009727478
6490.0 0.9176637530326843
6500.0 0.9179725050926208
6510.0 0.9176915884017944
6520.0 0.917410671710968
6530.0 0.9197971820831299
6540.0 0.9221836924552917
6550.0 0.9246680736541748
6560.0 0.9271525740623474
6570.0 0.9277443885803223
6580.0 0.9283362030982971
6590.0 0.9289548993110657
6600.0 0.9295735359191895
6610.0 0.9295465350151062
6620.0 0.929519534111023
6630.0 0.9275833368301392
6640.0 0.9256470203399658
6650.0 0.9256272912025452
6660.0 0.9256075620651245
6670.0 0.9282894134521484
6680.0 0.9309712648391724
6690.0 0.9332226514816284
6700.0 0.9354739189147949
6710.0 0.9359214901924133
6720.0 0.936369001865387
6730.0 0.9359622001647949
6740.0 0.9355553984642029
6750.0 0.9344237446784973
6760.0 0.933292031288147
6770.0 0.9330907464027405
6780.0 0.932889461517334
6790.0 0.9342447519302368
6800.0 0.9355999827384949
6810.0 0.936184287071228
6820.0 0.9367685914039612
6830.0 0.9371359348297119
6840.0 0.9375032782554626
6850.0 0.9376841187477112
6860.0 0.9378649592399597
6870.0 0.9377760291099548
6880.0 0.9376869797706604
6890.0 0.9376009702682495
6900.0 0.9375149011611938
6910.0 0.9361396431922913
6920.0 0.9347643852233887
6930.0 0.934448778629303
6940.0 0.9341331720352173
6950.0 0.9338218569755554
6960.0 0.9335104823112488
6970.0 0.9322784543037415
6980.0 0.9310464262962341
6990.0 0.9316263794898987
7000.0 0.9322062730789185
7010.0 0.933316707611084
7020.0 0.9344271421432495
7030.0 0.9308916926383972
7040.0 0.9273561835289001
7050.0 0.9243952035903931
7060.0 0.921434223651886
7070.0 0.9117922186851501
7080.0 0.9021502137184143
7090.0 0.8802364468574524
7100.0 0.85832279920578
7110.0 0.8554538488388062
7120.0 0.852584958076477
7130.0 0.7999786734580994
7140.0 0.7473723292350769
7150.0 0.5600456595420837
7160.0 0.37271907925605774
7170.0 0.24356643855571747
7180.0 0.1144137978553772
7190.0 0.07384750247001648
7200.0 0.03328120708465576
7210.0 0.02144993282854557
7220.0 0.009618659503757954
7230.0 0.0076014515943825245
7240.0 0.005584232974797487
7250.0 0.004011703655123711
7260.0 0.0024391745682805777
7270.0 0.0018597597954794765
7280.0 0.0012803347781300545
7290.0 0.0010163667611777782
7300.0 0.0007523884996771812
7310.0 0.0006569704273715615
7320.0 0.0005615626578219235
7330.0 0.0005002387915737927
7340.0 0.00043890453525818884
7350.0 0.0
7360.0 0.0
7370.0 0.0
7380.0 0.0
7390.0 0.0
7400.0 0.0
