decam/transmission_system/s1/r_decam_sdss_c0002_6415.0_1480.0/2012-09-12T00:00:00.ecsv
# %ECSV 1.0
# ---
# datatype:
# - {name: wavelength, unit: Angstrom, datatype: float64}
# - {name: throughput, datatype: float64}
# meta: !!omap
# - {MODE: DETECTOR}
# - {TYPE: transmission_system}
# - {CALIBDATE: '2012-09-12T00:00:00'}
# - {INSTRUME: DECam}
# - {OBSTYPE: transmission_system}
# - {CALIBCLS: lsst.ip.isr.IntermediateSystemTransmissionCurve}
# - {DETECTOR: 25}
# - {DETECTOR_NAME: S1}
# - {SOURCE: r_band_per_detector_throughput.fits}
# - {FILTER: r DECam SDSS c0002 6415.0 1480.0}
# - {CALIB_CREATION_DATE: '2012-09-12'}
# - {CALIB_CREATION_TIME: '00:00:00'}
# schema: astropy-2.0
wavelength throughput
5350.0 0.0
5360.0 0.0
5370.0 0.0
5380.0 0.0
5390.0 0.0
5400.0 0.0
5410.0 0.0038595935329794884
5420.0 0.004319891333580017
5430.0 0.004929713439196348
5440.0 0.005539535544812679
5450.0 0.006260457448661327
5460.0 0.006981378886848688
5470.0 0.007691437844187021
5480.0 0.008401507511734962
5490.0 0.009386054240167141
5500.0 0.01037061121314764
5510.0 0.01145987119525671
5520.0 0.012549120001494884
5530.0 0.013861295767128468
5540.0 0.015173481777310371
5550.0 0.016902711242437363
5560.0 0.018631942570209503
5570.0 0.020787041634321213
5580.0 0.02294214256107807
5590.0 0.026185184717178345
5600.0 0.029428226873278618
5610.0 0.03751331940293312
5620.0 0.045598406344652176
5630.0 0.07806524634361267
5640.0 0.11053209006786346
5650.0 0.2296140491962433
5660.0 0.3486959934234619
5670.0 0.5231702923774719
5680.0 0.6976445913314819
5690.0 0.7544965744018555
5700.0 0.8113484978675842
5710.0 0.8174279928207397
5720.0 0.8235074877738953
5730.0 0.8260453939437866
5740.0 0.828583300113678
5750.0 0.8305872082710266
5760.0 0.8325911164283752
5770.0 0.8344550728797913
5780.0 0.8363189697265625
5790.0 0.838548481464386
5800.0 0.8407779932022095
5810.0 0.8455153107643127
5820.0 0.8502525687217712
5830.0 0.8520134687423706
5840.0 0.8537742495536804
5850.0 0.8519272804260254
5860.0 0.8500803709030151
5870.0 0.8480895161628723
5880.0 0.8460985422134399
5890.0 0.8477060794830322
5900.0 0.8493136763572693
5910.0 0.8533143401145935
5920.0 0.857314944267273
5930.0 0.8592574000358582
5940.0 0.8611999154090881
5950.0 0.8608499765396118
5960.0 0.8605000376701355
5970.0 0.861609160900116
5980.0 0.8627183437347412
5990.0 0.8652605414390564
6000.0 0.8678027391433716
6010.0 0.8702605366706848
6020.0 0.8727183938026428
6030.0 0.8732094764709473
6040.0 0.8758909702301025
6050.0 0.875725507736206
6060.0 0.8755600452423096
6070.0 0.875157356262207
6080.0 0.8747546672821045
6090.0 0.8763381242752075
6100.0 0.8779215812683105
6110.0 0.8811329007148743
6120.0 0.884344220161438
6130.0 0.887342631816864
6140.0 0.89034104347229
6150.0 0.8916367292404175
6160.0 0.8929324150085449
6170.0 0.8934674263000488
6180.0 0.894002377986908
6190.0 0.8938326835632324
6200.0 0.8936629891395569
6210.0 0.8943877816200256
6220.0 0.8951125144958496
6230.0 0.8957449793815613
6240.0 0.8963775634765625
6250.0 0.8973076939582825
6260.0 0.8982378840446472
6270.0 0.8996710181236267
6280.0 0.9011040925979614
6290.0 0.9023097157478333
6300.0 0.9035153388977051
6310.0 0.9041878581047058
6320.0 0.9048604965209961
6330.0 0.9054490327835083
6340.0 0.9060375690460205
6350.0 0.9074936509132385
6360.0 0.9089497327804565
6370.0 0.9108247756958008
6380.0 0.9126998782157898
6390.0 0.9130934476852417
6400.0 0.913486897945404
6410.0 0.913849413394928
6420.0 0.9142118692398071
6430.0 0.9141875505447388
6440.0 0.9141631722450256
6450.0 0.913960337638855
6460.0 0.9137575030326843
6470.0 0.9140082001686096
6480.0 0.9142589569091797
6490.0 0.9148353934288025
6500.0 0.9154118895530701
6510.0 0.9161601066589355
6520.0 0.9169083833694458
6530.0 0.9185498952865601
6540.0 0.9201913475990295
6550.0 0.9220520257949829
6560.0 0.9239126443862915
6570.0 0.9247245192527771
6580.0 0.9255363941192627
6590.0 0.9252954721450806
6600.0 0.9250546097755432
6610.0 0.9242520928382874
6620.0 0.923449695110321
6630.0 0.9225795865058899
6640.0 0.9217094779014587
6650.0 0.9220170378684998
6660.0 0.9223246574401855
6670.0 0.9244126677513123
6680.0 0.9265007376670837
6690.0 0.9283455014228821
6700.0 0.9301902055740356
6710.0 0.9308376312255859
6720.0 0.9314850568771362
6730.0 0.9308518171310425
6740.0 0.9302185773849487
6750.0 0.9293501973152161
6760.0 0.9284817576408386
6770.0 0.9286342859268188
6780.0 0.9287868142127991
6790.0 0.929641842842102
6800.0 0.9304969310760498
6810.0 0.930662214756012
6820.0 0.9308274388313293
6830.0 0.9309571981430054
6840.0 0.9310868978500366
6850.0 0.9311068058013916
6860.0 0.9311266541481018
6870.0 0.9304019212722778
6880.0 0.9296771883964539
6890.0 0.9291912317276001
6900.0 0.9287052154541016
6910.0 0.9278259873390198
6920.0 0.9269466996192932
6930.0 0.926262378692627
6940.0 0.9255781173706055
6950.0 0.9248828887939453
6960.0 0.9241876006126404
6970.0 0.924325168132782
6980.0 0.9244627356529236
6990.0 0.9246603846549988
7000.0 0.924858033657074
7010.0 0.9240995049476624
7020.0 0.9233410358428955
7030.0 0.9198368787765503
7040.0 0.9163327217102051
7050.0 0.9090906381607056
7060.0 0.9018486142158508
7070.0 0.8890846371650696
7080.0 0.8763206005096436
7090.0 0.8660797476768494
7100.0 0.8558389544487
7110.0 0.8251937031745911
7120.0 0.7945484519004822
7130.0 0.693728506565094
7140.0 0.592908501625061
7150.0 0.43489640951156616
7160.0 0.2768843472003937
7170.0 0.17816261947155
7180.0 0.0794408842921257
7190.0 0.051763735711574554
7200.0 0.024086598306894302
7210.0 0.015887964516878128
7220.0 0.007689329795539379
7230.0 0.0061146714724600315
7240.0 0.004540013615041971
7250.0 0.0032812277786433697
7260.0 0.002022441942244768
7270.0 0.001531944377347827
7280.0 0.0010414363350719213
7290.0 0.0008396750781685114
7300.0 0.0006379034603014588
7310.0 0.0005748348194174469
7320.0 0.0005117766559123993
7330.0 0.00045284134102985263
7340.0 0.00039390602614730597
7350.0 0.0
7360.0 0.0
7370.0 0.0
7380.0 0.0
7390.0 0.0
7400.0 0.0
