decam/transmission_system/n2/g_decam_sdss_c0001_4720.0_1520.0/2012-09-12T00:00:00.ecsv
# %ECSV 1.0
# ---
# datatype:
# - {name: wavelength, unit: Angstrom, datatype: float64}
# - {name: throughput, datatype: float64}
# meta: !!omap
# - {MODE: DETECTOR}
# - {TYPE: transmission_system}
# - {CALIBDATE: '2012-09-12T00:00:00'}
# - {INSTRUME: DECam}
# - {OBSTYPE: transmission_system}
# - {CALIBCLS: lsst.ip.isr.IntermediateSystemTransmissionCurve}
# - {DETECTOR: 33}
# - {DETECTOR_NAME: N2}
# - {SOURCE: g_band_per_detector_throughput.fits}
# - {FILTER: g DECam SDSS c0001 4720.0 1520.0}
# - {CALIB_CREATION_DATE: '2012-09-12'}
# - {CALIB_CREATION_TIME: '00:00:00'}
# schema: astropy-2.0
wavelength throughput
3750.0 0.0
3760.0 0.0
3770.0 0.0
3780.0 0.0
3790.0 0.0
3800.0 0.0
3810.0 0.0007648090831935406
3820.0 0.0009269928559660912
3830.0 0.0008798965136520565
3840.0 0.0011387445265427232
3850.0 0.001389232580550015
3860.0 0.001639710390008986
3870.0 0.0019892824348062277
3880.0 0.0023388443514704704
3890.0 0.0029241263400763273
3900.0 0.003509398316964507
3910.0 0.0033379509113729
3920.0 0.0061884680762887
3930.0 0.012324086390435696
3940.0 0.018459705635905266
3950.0 0.019332081079483032
3960.0 0.10873281955718994
3970.0 0.21673493087291718
3980.0 0.3247370719909668
3990.0 0.3219459056854248
4000.0 0.3676970303058624
4010.0 0.38494691252708435
4020.0 0.40219685435295105
4030.0 0.40723082423210144
4040.0 0.41437822580337524
4050.0 0.41487613320350647
4060.0 0.42272746562957764
4070.0 0.42731133103370667
4080.0 0.438247948884964
4090.0 0.4392397105693817
4100.0 0.4451397657394409
4110.0 0.4485357999801636
4120.0 0.4519318640232086
4130.0 0.4549919664859772
4140.0 0.4608568251132965
4150.0 0.46366050839424133
4160.0 0.4760504961013794
4170.0 0.4831187129020691
4180.0 0.4901869595050812
4190.0 0.4919885993003845
4200.0 0.49239814281463623
4210.0 0.4930706024169922
4220.0 0.49777844548225403
4230.0 0.49833980202674866
4240.0 0.5138077735900879
4250.0 0.5180301666259766
4260.0 0.5222525596618652
4270.0 0.5259567499160767
4280.0 0.5363805890083313
4290.0 0.5365825295448303
4300.0 0.5473612546920776
4310.0 0.550767183303833
4320.0 0.5541731119155884
4330.0 0.5586838722229004
4340.0 0.5631946325302124
4350.0 0.5691423416137695
4360.0 0.5750900506973267
4370.0 0.579966127872467
4380.0 0.5848421454429626
4390.0 0.59139484167099
4400.0 0.5979474782943726
4410.0 0.6017380952835083
4420.0 0.605528712272644
4430.0 0.6086117029190063
4440.0 0.6116946339607239
4450.0 0.6143607497215271
4460.0 0.6170268654823303
4470.0 0.6196932196617126
4480.0 0.622359573841095
4490.0 0.625957190990448
4500.0 0.6295547485351562
4510.0 0.6322301030158997
4520.0 0.6349054574966431
4530.0 0.6393474340438843
4540.0 0.6437893509864807
4550.0 0.6454802751541138
4560.0 0.6471712589263916
4570.0 0.6478760838508606
4580.0 0.6485809683799744
4590.0 0.6525009274482727
4600.0 0.6564208269119263
4610.0 0.6600287556648254
4620.0 0.6636366248130798
4630.0 0.6666842103004456
4640.0 0.6697317957878113
4650.0 0.6717250347137451
4660.0 0.673718273639679
4670.0 0.6733753085136414
4680.0 0.6730323433876038
4690.0 0.6737388372421265
4700.0 0.6744452118873596
4710.0 0.6769673824310303
4720.0 0.6794896125793457
4730.0 0.683193564414978
4740.0 0.6868975758552551
4750.0 0.6909528970718384
4760.0 0.6950082778930664
4770.0 0.695949137210846
4780.0 0.6968899369239807
4790.0 0.6969423294067383
4800.0 0.6969947218894958
4810.0 0.6996597647666931
4820.0 0.7023247480392456
4830.0 0.703495442867279
4840.0 0.7046661376953125
4850.0 0.7033725380897522
4860.0 0.7020789384841919
4870.0 0.7047260403633118
4880.0 0.7073730230331421
4890.0 0.7113202214241028
4900.0 0.7152673006057739
4910.0 0.7164500951766968
4920.0 0.7176329493522644
4930.0 0.7163779139518738
4940.0 0.7151229977607727
4950.0 0.7154939770698547
4960.0 0.7158650755882263
4970.0 0.7200825214385986
4980.0 0.7242999076843262
4990.0 0.7271689772605896
5000.0 0.7300381064414978
5010.0 0.7325028777122498
5020.0 0.7349676489830017
5030.0 0.7359537482261658
5040.0 0.7369399666786194
5050.0 0.7382403612136841
5060.0 0.7395408153533936
5070.0 0.7425827383995056
5080.0 0.7456246614456177
5090.0 0.7473495602607727
5100.0 0.7490745186805725
5110.0 0.7470661401748657
5120.0 0.7450577616691589
5130.0 0.7457858324050903
5140.0 0.7465139627456665
5150.0 0.7503421902656555
5160.0 0.7541704773902893
5170.0 0.7553278207778931
5180.0 0.7564851641654968
5190.0 0.7583196759223938
5200.0 0.760154128074646
5210.0 0.7641789317131042
5220.0 0.7682037353515625
5230.0 0.7716313600540161
5240.0 0.7750589847564697
5250.0 0.7764474153518677
5260.0 0.7778359651565552
5270.0 0.7776599526405334
5280.0 0.7774838805198669
5290.0 0.7783471345901489
5300.0 0.7792103886604309
5310.0 0.781408965587616
5320.0 0.7836076021194458
5330.0 0.7854578495025635
5340.0 0.7873081564903259
5350.0 0.7900415658950806
5360.0 0.79277503490448
5370.0 0.7915027141571045
5380.0 0.7902304530143738
5390.0 0.7849603891372681
5400.0 0.7796903252601624
5410.0 0.779594361782074
5420.0 0.7794983983039856
5430.0 0.7849991917610168
5440.0 0.7904999852180481
5450.0 0.7411629557609558
5460.0 0.6918259263038635
5470.0 0.5004750490188599
5480.0 0.3091241121292114
5490.0 0.1842532753944397
5500.0 0.059382446110248566
5510.0 0.03619767725467682
5520.0 0.013012907467782497
5530.0 0.007993103936314583
5540.0 0.002973289228975773
5550.0 0.0020481140818446875
5560.0 0.0011229281080886722
5570.0 0.000888121488969773
5580.0 0.000653314869850874
5590.0 0.0005655609420500696
5600.0 0.0004777966532856226
5610.0 0.0004297656996641308
5620.0 0.00038173471693880856
5630.0 0.00034740162664093077
5640.0 0.00031307892641052604
5650.0 0.0
5660.0 0.0
5670.0 0.0
5680.0 0.0
5690.0 0.0
5700.0 0.0
