decam/transmission_system/n28/r_decam_sdss_c0002_6415.0_1480.0/2012-09-12T00:00:00.ecsv
# %ECSV 1.0
# ---
# datatype:
# - {name: wavelength, unit: Angstrom, datatype: float64}
# - {name: throughput, datatype: float64}
# meta: !!omap
# - {MODE: DETECTOR}
# - {TYPE: transmission_system}
# - {CALIBDATE: '2012-09-12T00:00:00'}
# - {INSTRUME: DECam}
# - {OBSTYPE: transmission_system}
# - {CALIBCLS: lsst.ip.isr.IntermediateSystemTransmissionCurve}
# - {DETECTOR: 59}
# - {DETECTOR_NAME: N28}
# - {SOURCE: r_band_per_detector_throughput.fits}
# - {FILTER: r DECam SDSS c0002 6415.0 1480.0}
# - {CALIB_CREATION_DATE: '2012-09-12'}
# - {CALIB_CREATION_TIME: '00:00:00'}
# schema: astropy-2.0
wavelength throughput
5350.0 0.0
5360.0 0.0
5370.0 0.0
5380.0 0.0
5390.0 0.0
5400.0 0.0
5410.0 0.003582581877708435
5420.0 0.0039901030249893665
5430.0 0.004557283595204353
5440.0 0.005124454386532307
5450.0 0.005803493317216635
5460.0 0.006482521537691355
5470.0 0.007162848021835089
5480.0 0.007843163795769215
5490.0 0.008803939446806908
5500.0 0.00976470485329628
5510.0 0.010788590647280216
5520.0 0.011812475509941578
5530.0 0.013038350269198418
5540.0 0.014264226891100407
5550.0 0.01591656543314457
5560.0 0.017568904906511307
5570.0 0.019701210781931877
5580.0 0.0218335147947073
5590.0 0.025085030123591423
5600.0 0.0283365361392498
5610.0 0.03554975241422653
5620.0 0.04276295751333237
5630.0 0.06938813626766205
5640.0 0.09601330012083054
5650.0 0.19621658325195312
5660.0 0.2964198589324951
5670.0 0.46947288513183594
5680.0 0.6425259113311768
5690.0 0.7193150520324707
5700.0 0.7961043119430542
5710.0 0.8063560128211975
5720.0 0.8166077733039856
5730.0 0.8208751082420349
5740.0 0.8251424431800842
5750.0 0.828877866268158
5760.0 0.8326132893562317
5770.0 0.8350188732147217
5780.0 0.8374243974685669
5790.0 0.8394303917884827
5800.0 0.8414363861083984
5810.0 0.8461942076683044
5820.0 0.8509520292282104
5830.0 0.8528159856796265
5840.0 0.8546800017356873
5850.0 0.8530054688453674
5860.0 0.8513309359550476
5870.0 0.848727285861969
5880.0 0.8461235761642456
5890.0 0.8471431732177734
5900.0 0.8481627106666565
5910.0 0.8525161147117615
5920.0 0.8568694591522217
5930.0 0.8590534329414368
5940.0 0.8612375259399414
5950.0 0.8602913618087769
5960.0 0.8593450784683228
5970.0 0.8598960041999817
5980.0 0.8604468703269958
5990.0 0.8629122376441956
6000.0 0.8653776049613953
6010.0 0.8684394359588623
6020.0 0.8715013265609741
6030.0 0.8717646598815918
6040.0 0.8766446709632874
6050.0 0.8770872354507446
6060.0 0.8775297999382019
6070.0 0.8765956163406372
6080.0 0.8756615519523621
6090.0 0.8765764236450195
6100.0 0.8774913549423218
6110.0 0.8805482983589172
6120.0 0.8836052417755127
6130.0 0.8866717219352722
6140.0 0.8897380828857422
6150.0 0.8912925124168396
6160.0 0.892846941947937
6170.0 0.8941303491592407
6180.0 0.8954136967658997
6190.0 0.895327091217041
6200.0 0.8952404856681824
6210.0 0.8959035873413086
6220.0 0.8965666890144348
6230.0 0.8971306681632996
6240.0 0.8976945877075195
6250.0 0.8983455300331116
6260.0 0.8989964723587036
6270.0 0.9006615877151489
6280.0 0.902326762676239
6290.0 0.9039056897163391
6300.0 0.9054846167564392
6310.0 0.905950129032135
6320.0 0.906415581703186
6330.0 0.9068929553031921
6340.0 0.9073703289031982
6350.0 0.9090415835380554
6360.0 0.9107127785682678
6370.0 0.9125581979751587
6380.0 0.9144036173820496
6390.0 0.9148597717285156
6400.0 0.9153159260749817
6410.0 0.9156496524810791
6420.0 0.915983259677887
6430.0 0.9154925346374512
6440.0 0.9150018692016602
6450.0 0.9146360158920288
6460.0 0.9142702221870422
6470.0 0.9146613478660583
6480.0 0.9150525331497192
6490.0 0.915380597114563
6500.0 0.9157086610794067
6510.0 0.9162968397140503
6520.0 0.9168850779533386
6530.0 0.9188845157623291
6540.0 0.9208838939666748
6550.0 0.9229766130447388
6560.0 0.9250693321228027
6570.0 0.9260112643241882
6580.0 0.9269531965255737
6590.0 0.9270238876342773
6600.0 0.927094578742981
6610.0 0.9262982606887817
6620.0 0.9255020618438721
6630.0 0.9242510199546814
6640.0 0.9229998588562012
6650.0 0.9232353568077087
6660.0 0.9234708547592163
6670.0 0.9257173538208008
6680.0 0.9279637932777405
6690.0 0.9298842549324036
6700.0 0.9318047165870667
6710.0 0.9324674010276794
6720.0 0.9331300854682922
6730.0 0.9324155449867249
6740.0 0.9317009449005127
6750.0 0.9304406642913818
6760.0 0.929180383682251
6770.0 0.9289345741271973
6780.0 0.9286887645721436
6790.0 0.929534912109375
6800.0 0.9303810000419617
6810.0 0.9308972358703613
6820.0 0.931413471698761
6830.0 0.9318414926528931
6840.0 0.9322694540023804
6850.0 0.932378351688385
6860.0 0.9324871301651001
6870.0 0.9317713379859924
6880.0 0.9310555458068848
6890.0 0.9303545355796814
6900.0 0.929653525352478
6910.0 0.9283980131149292
6920.0 0.9271424412727356
6930.0 0.9262650012969971
6940.0 0.9253875017166138
6950.0 0.9244427680969238
6960.0 0.9234979748725891
6970.0 0.923162579536438
6980.0 0.9228270649909973
6990.0 0.923389196395874
7000.0 0.923951268196106
7010.0 0.9238610863685608
7020.0 0.9237709045410156
7030.0 0.9206103086471558
7040.0 0.9174497723579407
7050.0 0.9114659428596497
7060.0 0.9054821729660034
7070.0 0.8917295336723328
7080.0 0.8779768943786621
7090.0 0.8657236099243164
7100.0 0.8534703254699707
7110.0 0.8335471153259277
7120.0 0.81362384557724
7130.0 0.7200138568878174
7140.0 0.6264039278030396
7150.0 0.4710674285888672
7160.0 0.3157309293746948
7170.0 0.2067701816558838
7180.0 0.09780943393707275
7190.0 0.06335412710905075
7200.0 0.028898825868964195
7210.0 0.018928632140159607
7220.0 0.00895844865590334
7230.0 0.007119687274098396
7240.0 0.0052809263579547405
7250.0 0.003766750916838646
7260.0 0.002252564998343587
7270.0 0.0016983237583190203
7280.0 0.0011440720409154892
7290.0 0.0009178124601021409
7300.0 0.0006915527628734708
7310.0 0.0006167490500956774
7320.0 0.0005419349181465805
7330.0 0.00047700738650746644
7340.0 0.00041206952300854027
7350.0 0.0
7360.0 0.0
7370.0 0.0
7380.0 0.0
7390.0 0.0
7400.0 0.0
