decam/transmission_system/n26/g_decam_sdss_c0001_4720.0_1520.0/2012-09-12T00:00:00.ecsv
# %ECSV 1.0
# ---
# datatype:
# - {name: wavelength, unit: Angstrom, datatype: float64}
# - {name: throughput, datatype: float64}
# meta: !!omap
# - {MODE: DETECTOR}
# - {TYPE: transmission_system}
# - {CALIBDATE: '2012-09-12T00:00:00'}
# - {INSTRUME: DECam}
# - {OBSTYPE: transmission_system}
# - {CALIBCLS: lsst.ip.isr.IntermediateSystemTransmissionCurve}
# - {DETECTOR: 57}
# - {DETECTOR_NAME: N26}
# - {SOURCE: g_band_per_detector_throughput.fits}
# - {FILTER: g DECam SDSS c0001 4720.0 1520.0}
# - {CALIB_CREATION_DATE: '2012-09-12'}
# - {CALIB_CREATION_TIME: '00:00:00'}
# schema: astropy-2.0
wavelength throughput
3750.0 0.0
3760.0 0.0
3770.0 0.0
3780.0 0.0
3790.0 0.0
3800.0 0.0
3810.0 0.0008629480144008994
3820.0 0.001069735735654831
3830.0 0.0010747620835900307
3840.0 0.0013977380003780127
3850.0 0.001624132739380002
3860.0 0.0018505273619666696
3870.0 0.0021920199505984783
3880.0 0.002533501945436001
3890.0 0.0031703044660389423
3900.0 0.0038071072194725275
3910.0 0.003685809439048171
3920.0 0.006811229977756739
3930.0 0.014116613194346428
3940.0 0.02142198570072651
3950.0 0.022175516933202744
3960.0 0.12422085553407669
3970.0 0.22515109181404114
3980.0 0.3260813355445862
3990.0 0.32523760199546814
4000.0 0.3626153767108917
4010.0 0.37914156913757324
4020.0 0.39566779136657715
4030.0 0.4001847505569458
4040.0 0.4073825478553772
4050.0 0.4080210328102112
4060.0 0.41714683175086975
4070.0 0.42088577151298523
4080.0 0.43170416355133057
4090.0 0.43229249119758606
4100.0 0.4382173418998718
4110.0 0.44250884652137756
4120.0 0.4468003213405609
4130.0 0.44951295852661133
4140.0 0.45610758662223816
4150.0 0.45855069160461426
4160.0 0.47284936904907227
4170.0 0.47947171330451965
4180.0 0.48609402775764465
4190.0 0.4874914288520813
4200.0 0.48724380135536194
4210.0 0.4880947470664978
4220.0 0.4953594505786896
4230.0 0.4960096478462219
4240.0 0.5120274424552917
4250.0 0.5170695185661316
4260.0 0.5221116542816162
4270.0 0.5261968374252319
4280.0 0.5360716581344604
4290.0 0.5362730026245117
4300.0 0.5463622808456421
4310.0 0.550326406955719
4320.0 0.5542905330657959
4330.0 0.5596374869346619
4340.0 0.5649844408035278
4350.0 0.5705409646034241
4360.0 0.5760975480079651
4370.0 0.5811555981636047
4380.0 0.5862135887145996
4390.0 0.5930249691009521
4400.0 0.5998362898826599
4410.0 0.6036811470985413
4420.0 0.6075260639190674
4430.0 0.6107285618782043
4440.0 0.6139311194419861
4450.0 0.6168329119682312
4460.0 0.6197346448898315
4470.0 0.6222245097160339
4480.0 0.6247144341468811
4490.0 0.6281322240829468
4500.0 0.6315500736236572
4510.0 0.6345550417900085
4520.0 0.6375601291656494
4530.0 0.64188152551651
4540.0 0.6462029218673706
4550.0 0.6476595401763916
4560.0 0.6491161584854126
4570.0 0.6497019529342651
4580.0 0.6502877473831177
4590.0 0.6547892093658447
4600.0 0.6592906713485718
4610.0 0.6631240844726562
4620.0 0.6669574975967407
4630.0 0.669836163520813
4640.0 0.6727148294448853
4650.0 0.6743941307067871
4660.0 0.6760734915733337
4670.0 0.6752934455871582
4680.0 0.6745133399963379
4690.0 0.6753789186477661
4700.0 0.6762443780899048
4710.0 0.6789425015449524
4720.0 0.6816405653953552
4730.0 0.685869574546814
4740.0 0.6900985836982727
4750.0 0.6941124200820923
4760.0 0.6981262564659119
4770.0 0.6983576416969299
4780.0 0.6985890865325928
4790.0 0.6990820169448853
4800.0 0.6995749473571777
4810.0 0.7022923827171326
4820.0 0.7050096988677979
4830.0 0.7055356502532959
4840.0 0.7060616612434387
4850.0 0.7053776979446411
4860.0 0.7046937942504883
4870.0 0.7076905369758606
4880.0 0.7106872200965881
4890.0 0.7143115997314453
4900.0 0.7179358601570129
4910.0 0.7183800339698792
4920.0 0.7188241481781006
4930.0 0.7170058488845825
4940.0 0.7151875495910645
4950.0 0.7163975238800049
4960.0 0.7176075577735901
4970.0 0.7225288152694702
4980.0 0.7274499535560608
4990.0 0.7298086881637573
5000.0 0.7321673631668091
5010.0 0.7344822883605957
5020.0 0.7367971539497375
5030.0 0.737633466720581
5040.0 0.7384698987007141
5050.0 0.7398423552513123
5060.0 0.7412148714065552
5070.0 0.7440938353538513
5080.0 0.7469727993011475
5090.0 0.7482190132141113
5100.0 0.7494651079177856
5110.0 0.7478290796279907
5120.0 0.7461930513381958
5130.0 0.7472816705703735
5140.0 0.748370349407196
5150.0 0.7517930865287781
5160.0 0.7552158236503601
5170.0 0.7563769221305847
5180.0 0.7575379610061646
5190.0 0.7596747875213623
5200.0 0.7618117332458496
5210.0 0.7657197117805481
5220.0 0.7696277499198914
5230.0 0.7728906869888306
5240.0 0.7761536836624146
5250.0 0.7776554822921753
5260.0 0.7791572213172913
5270.0 0.7791478633880615
5280.0 0.7791386246681213
5290.0 0.7800363898277283
5300.0 0.78093421459198
5310.0 0.7832432985305786
5320.0 0.7855525016784668
5330.0 0.7874518632888794
5340.0 0.789351224899292
5350.0 0.7912715673446655
5360.0 0.7931919693946838
5370.0 0.7901862263679504
5380.0 0.7871804237365723
5390.0 0.7822137475013733
5400.0 0.7772470116615295
5410.0 0.7788783311843872
5420.0 0.7805095911026001
5430.0 0.7806681394577026
5440.0 0.78082674741745
5450.0 0.6984590291976929
5460.0 0.616091251373291
5470.0 0.42057520151138306
5480.0 0.2250591367483139
5490.0 0.13275931775569916
5500.0 0.04045949503779411
5510.0 0.025012075901031494
5520.0 0.009564656764268875
5530.0 0.0059597990475595
5540.0 0.002354951575398445
5550.0 0.0016573442844673991
5560.0 0.0009597473544999957
5570.0 0.0007794624543748796
5580.0 0.0005991670768707991
5590.0 0.0005291508859954774
5600.0 0.0004591346951201558
5610.0 0.000421499164076522
5620.0 0.0003838532429654151
5630.0 0.00034809744101949036
5640.0 0.0003123520000372082
5650.0 0.0
5660.0 0.0
5670.0 0.0
5680.0 0.0
5690.0 0.0
5700.0 0.0
