decam/transmission_system/n11/r_decam_sdss_c0002_6415.0_1480.0/2012-09-12T00:00:00.ecsv
# %ECSV 1.0
# ---
# datatype:
# - {name: wavelength, unit: Angstrom, datatype: float64}
# - {name: throughput, datatype: float64}
# meta: !!omap
# - {MODE: DETECTOR}
# - {TYPE: transmission_system}
# - {CALIBDATE: '2012-09-12T00:00:00'}
# - {INSTRUME: DECam}
# - {OBSTYPE: transmission_system}
# - {CALIBCLS: lsst.ip.isr.IntermediateSystemTransmissionCurve}
# - {DETECTOR: 42}
# - {DETECTOR_NAME: N11}
# - {SOURCE: r_band_per_detector_throughput.fits}
# - {FILTER: r DECam SDSS c0002 6415.0 1480.0}
# - {CALIB_CREATION_DATE: '2012-09-12'}
# - {CALIB_CREATION_TIME: '00:00:00'}
# schema: astropy-2.0
wavelength throughput
5350.0 0.0
5360.0 0.0
5370.0 0.0
5380.0 0.0
5390.0 0.0
5400.0 0.0
5410.0 0.0015545423375442624
5420.0 0.0017809162382036448
5430.0 0.0021195528097450733
5440.0 0.002458189381286502
5450.0 0.002900573192164302
5460.0 0.003342956770211458
5470.0 0.0038286251947283745
5480.0 0.004314293619245291
5490.0 0.005068821832537651
5500.0 0.005823338869959116
5510.0 0.006860299501568079
5520.0 0.007897259667515755
5530.0 0.009198011830449104
5540.0 0.010498763993382454
5550.0 0.012228896841406822
5560.0 0.01395901944488287
5570.0 0.01626773737370968
5580.0 0.018576454371213913
5590.0 0.02237730845808983
5600.0 0.026178164407610893
5610.0 0.036355435848236084
5620.0 0.04653271287679672
5630.0 0.08573615550994873
5640.0 0.12493960559368134
5650.0 0.2477804571390152
5660.0 0.37062129378318787
5670.0 0.5255406498908997
5680.0 0.6804599761962891
5690.0 0.7413678765296936
5700.0 0.8022757768630981
5710.0 0.8147352933883667
5720.0 0.8271948099136353
5730.0 0.8298814296722412
5740.0 0.8325680494308472
5750.0 0.8355962634086609
5760.0 0.8386244773864746
5770.0 0.8445996046066284
5780.0 0.8505746722221375
5790.0 0.8534314036369324
5800.0 0.8562881350517273
5810.0 0.8595017194747925
5820.0 0.8627152442932129
5830.0 0.8644948601722717
5840.0 0.8662744164466858
5850.0 0.8651445508003235
5860.0 0.8640146851539612
5870.0 0.8627187013626099
5880.0 0.8614227175712585
5890.0 0.8615910410881042
5900.0 0.86175936460495
5910.0 0.8637290596961975
5920.0 0.8656987547874451
5930.0 0.8676793575286865
5940.0 0.869659960269928
5950.0 0.8687061071395874
5960.0 0.8677523732185364
5970.0 0.8676156997680664
5980.0 0.8674790859222412
5990.0 0.8701833486557007
6000.0 0.8728876709938049
6010.0 0.8748594522476196
6020.0 0.8768312931060791
6030.0 0.8792275190353394
6040.0 0.8788750767707825
6050.0 0.879033625125885
6060.0 0.8791922330856323
6070.0 0.8788155913352966
6080.0 0.8784390091896057
6090.0 0.8782159686088562
6100.0 0.8779929876327515
6110.0 0.8800885081291199
6120.0 0.8821841478347778
6130.0 0.885999858379364
6140.0 0.8898155093193054
6150.0 0.890532374382019
6160.0 0.8912492990493774
6170.0 0.8915778994560242
6180.0 0.8919063806533813
6190.0 0.8926305770874023
6200.0 0.8933547735214233
6210.0 0.8931771516799927
6220.0 0.8929994702339172
6230.0 0.893790602684021
6240.0 0.8945817947387695
6250.0 0.8961073756217957
6260.0 0.897632896900177
6270.0 0.8974947333335876
6280.0 0.8973565697669983
6290.0 0.8977409601211548
6300.0 0.8981253504753113
6310.0 0.8998273015022278
6320.0 0.9015293121337891
6330.0 0.901172935962677
6340.0 0.9008165597915649
6350.0 0.9013127684593201
6360.0 0.9018089771270752
6370.0 0.904410719871521
6380.0 0.9070124626159668
6390.0 0.907711386680603
6400.0 0.908410370349884
6410.0 0.908882737159729
6420.0 0.9093550443649292
6430.0 0.9098256826400757
6440.0 0.9102963209152222
6450.0 0.9094711542129517
6460.0 0.9086461067199707
6470.0 0.9083979725837708
6480.0 0.9081497192382812
6490.0 0.9094731211662292
6500.0 0.9107966423034668
6510.0 0.910586416721344
6520.0 0.9103761911392212
6530.0 0.9107261300086975
6540.0 0.9110761284828186
6550.0 0.9130436778068542
6560.0 0.9150111675262451
6570.0 0.9161341190338135
6580.0 0.9172571301460266
6590.0 0.9173891544342041
6600.0 0.9175211191177368
6610.0 0.9174959659576416
6620.0 0.9174709320068359
6630.0 0.9176161885261536
6640.0 0.917761504650116
6650.0 0.9169842004776001
6660.0 0.9162070155143738
6670.0 0.9169567227363586
6680.0 0.9177064299583435
6690.0 0.9195765852928162
6700.0 0.9214466214179993
6710.0 0.9219722151756287
6720.0 0.9224977493286133
6730.0 0.9221823215484619
6740.0 0.9218669533729553
6750.0 0.921096682548523
6760.0 0.9203265309333801
6770.0 0.919838011264801
6780.0 0.9193494915962219
6790.0 0.9197475910186768
6800.0 0.9201456904411316
6810.0 0.9203085899353027
6820.0 0.9204714298248291
6830.0 0.920952558517456
6840.0 0.9214336276054382
6850.0 0.9209977388381958
6860.0 0.9205618500709534
6870.0 0.919579267501831
6880.0 0.9185968041419983
6890.0 0.9186785221099854
6900.0 0.9187602400779724
6910.0 0.9174022674560547
6920.0 0.9160443544387817
6930.0 0.915024995803833
6940.0 0.9140056371688843
6950.0 0.9136474132537842
6960.0 0.9132891893386841
6970.0 0.9128361940383911
6980.0 0.9123830795288086
6990.0 0.9117191433906555
7000.0 0.9110552072525024
7010.0 0.91155606508255
7020.0 0.9120570421218872
7030.0 0.9117692708969116
7040.0 0.911481499671936
7050.0 0.9094404578208923
7060.0 0.9073993563652039
7070.0 0.906442403793335
7080.0 0.9054854512214661
7090.0 0.8999351859092712
7100.0 0.8943849205970764
7110.0 0.8838780522346497
7120.0 0.8733711838722229
7130.0 0.8701062798500061
7140.0 0.8668413758277893
7150.0 0.7906795144081116
7160.0 0.7145176529884338
7170.0 0.5481933355331421
7180.0 0.3818690776824951
7190.0 0.25971555709838867
7200.0 0.13756205141544342
7210.0 0.08851715922355652
7220.0 0.039472270756959915
7230.0 0.0299838799983263
7240.0 0.020495492964982986
7250.0 0.013399772346019745
7260.0 0.00630405405536294
7270.0 0.004367216024547815
7280.0 0.002430388703942299
7290.0 0.0017996197566390038
7300.0 0.0011688509257510304
7310.0 0.0009600381599739194
7320.0 0.0007512149750255048
7330.0 0.0006328770541585982
7340.0 0.0005145390750840306
7350.0 0.0
7360.0 0.0
7370.0 0.0
7380.0 0.0
7390.0 0.0
7400.0 0.0
