decam/transmission_system/n31/z_decam_sdss_c0004_9260.0_1520.0/2012-09-12T00:00:00.ecsv
# %ECSV 1.0
# ---
# datatype:
# - {name: wavelength, unit: Angstrom, datatype: float64}
# - {name: throughput, datatype: float64}
# meta: !!omap
# - {MODE: DETECTOR}
# - {TYPE: transmission_system}
# - {CALIBDATE: '2012-09-12T00:00:00'}
# - {INSTRUME: DECam}
# - {OBSTYPE: transmission_system}
# - {CALIBCLS: lsst.ip.isr.IntermediateSystemTransmissionCurve}
# - {DETECTOR: 62}
# - {DETECTOR_NAME: N31}
# - {SOURCE: z_band_per_detector_throughput.fits}
# - {FILTER: z DECam SDSS c0004 9260.0 1520.0}
# - {CALIB_CREATION_DATE: '2012-09-12'}
# - {CALIB_CREATION_TIME: '00:00:00'}
# schema: astropy-2.0
wavelength throughput
8200.0 0.0
8210.0 0.0
8220.0 0.0
8230.0 0.0
8240.0 0.0
8250.0 0.0
8260.0 0.0059899259358644485
8270.0 0.006644943729043007
8280.0 0.006867516785860062
8290.0 0.007254797499626875
8300.0 0.007642077747732401
8310.0 0.008309672586619854
8320.0 0.00944821909070015
8330.0 0.01058676652610302
8340.0 0.011725302785634995
8350.0 0.0165848545730114
8360.0 0.01759232208132744
8370.0 0.018599798902869225
8380.0 0.019607266411185265
8390.0 0.028738023713231087
8400.0 0.03508932888507843
8410.0 0.04144063591957092
8420.0 0.04779193177819252
8430.0 0.09951714426279068
8440.0 0.09416360408067703
8450.0 0.14798428118228912
8460.0 0.20180495083332062
8470.0 0.3869977593421936
8480.0 0.3829685151576996
8490.0 0.505586564540863
8500.0 0.6282047033309937
8510.0 0.7301017045974731
8520.0 0.8319987058639526
8530.0 0.8888518214225769
8540.0 0.9457048773765564
8550.0 0.9579850435256958
8560.0 0.9702651500701904
8570.0 0.9662220478057861
8580.0 0.975936770439148
8590.0 0.9621068239212036
8600.0 0.9612259268760681
8610.0 0.9658193588256836
8620.0 0.97050940990448
8630.0 0.979841411113739
8640.0 0.9881063103675842
8650.0 0.9907559752464294
8660.0 0.9869933128356934
8670.0 0.9960742592811584
8680.0 0.9958544969558716
8690.0 0.9956347346305847
8700.0 0.9955927133560181
8710.0 0.9955507516860962
8720.0 0.9956333637237549
8730.0 0.995715856552124
8740.0 0.9953199625015259
8750.0 0.9978805184364319
8760.0 1.0002429485321045
8770.0 1.0026051998138428
8780.0 1.005857229232788
8790.0 1.009109377861023
8800.0 1.012296199798584
8810.0 1.0154829025268555
8820.0 1.018404245376587
8830.0 1.0213254690170288
8840.0 1.022679328918457
8850.0 1.0240331888198853
8860.0 1.0245627164840698
8870.0 1.0250921249389648
8880.0 1.0250838994979858
8890.0 1.0250757932662964
8900.0 1.0213521718978882
8910.0 1.018953800201416
8920.0 1.017744779586792
8930.0 1.016535758972168
8940.0 1.015326738357544
8950.0 1.0148972272872925
8960.0 1.0144675970077515
8970.0 1.01524019241333
8980.0 1.0160127878189087
8990.0 1.017876386642456
9000.0 1.0197402238845825
9010.0 1.0220768451690674
9020.0 1.0244134664535522
9030.0 1.026559591293335
9040.0 1.0287057161331177
9050.0 1.0273867845535278
9060.0 1.032163143157959
9070.0 1.0306124687194824
9080.0 1.0290619134902954
9090.0 1.0265041589736938
9100.0 1.0239464044570923
9110.0 1.0218933820724487
9120.0 1.0217002630233765
9130.0 1.0213483572006226
9140.0 1.0200655460357666
9150.0 1.0230014324188232
9160.0 1.023842215538025
9170.0 1.024682879447937
9180.0 1.0266071557998657
9190.0 1.0285314321517944
9200.0 1.0280637741088867
9210.0 1.027596116065979
9220.0 1.0260791778564453
9230.0 1.0245623588562012
9240.0 1.0182368755340576
9250.0 1.011911392211914
9260.0 1.0065186023712158
9270.0 1.0011258125305176
9280.0 0.9920310378074646
9290.0 0.9829362034797668
9300.0 0.9762458205223083
9310.0 0.9695553183555603
9320.0 0.963650643825531
9330.0 0.9577460289001465
9340.0 0.949062705039978
9350.0 0.9403794407844543
9360.0 0.9292799830436707
9370.0 0.9181804656982422
9380.0 0.9100508093833923
9390.0 0.9019210338592529
9400.0 0.8902077674865723
9410.0 0.8784945607185364
9420.0 0.8700150847434998
9430.0 0.8615356087684631
9440.0 0.8552538156509399
9450.0 0.8578915596008301
9460.0 0.8594459295272827
9470.0 0.8583731651306152
9480.0 0.860050618648529
9490.0 0.8617280125617981
9500.0 0.861680269241333
9510.0 0.8681313991546631
9520.0 0.8713337779045105
9530.0 0.8745360970497131
9540.0 0.8780297040939331
9550.0 0.8815232515335083
9560.0 0.8844913244247437
9570.0 0.8874594569206238
9580.0 0.8877081274986267
9590.0 0.8879568576812744
9600.0 0.8849232196807861
9610.0 0.8818895816802979
9620.0 0.8785383105278015
9630.0 0.87518709897995
9640.0 0.8714622855186462
9650.0 0.8677374124526978
9660.0 0.8651142120361328
9670.0 0.8624909520149231
9680.0 0.8596606850624084
9690.0 0.8568305373191833
9700.0 0.8540002703666687
9710.0 0.851170003414154
9720.0 0.8473853468894958
9730.0 0.8436006903648376
9740.0 0.8391432166099548
9750.0 0.8346856832504272
9760.0 0.8277304172515869
9770.0 0.8207752108573914
9780.0 0.8129850625991821
9790.0 0.8051949739456177
9800.0 0.7961863875389099
9810.0 0.7871778011322021
9820.0 0.7785756587982178
9830.0 0.7699735164642334
9840.0 0.761579155921936
9850.0 0.7531847953796387
9860.0 0.7434893250465393
9870.0 0.7337938547134399
9880.0 0.7234864234924316
9890.0 0.7131790518760681
9900.0 0.697124719619751
9910.0 0.6810702681541443
9920.0 0.6538438200950623
9930.0 0.6266173720359802
9940.0 0.579859733581543
9950.0 0.5331019759178162
9960.0 0.4803117513656616
9970.0 0.42752158641815186
9980.0 0.3705560564994812
9990.0 0.31359052658081055
10000.0 0.2503689229488373
10010.0 0.18714730441570282
10020.0 0.1336943358182907
10030.0 0.0802413672208786
10040.0 0.05496661737561226
10050.0 0.029691873118281364
10060.0 0.020711522549390793
10070.0 0.011731171049177647
10080.0 0.00885443203151226
10090.0 0.005977692548185587
10100.0 0.00470519857481122
10110.0 0.003432714845985174
10120.0 0.0025688735768198967
10130.0 0.0017050427850335836
10140.0 0.0017862645909190178
10150.0 0.0
10160.0 0.0
10170.0 0.0
10180.0 0.0
10190.0 0.0
10200.0 0.0
