decam/transmission_system/n8/y_decam_c0005_10095.0_1130.0/2012-09-12T00:00:00.ecsv
# %ECSV 1.0
# ---
# datatype:
# - {name: wavelength, unit: Angstrom, datatype: float64}
# - {name: throughput, datatype: float64}
# meta: !!omap
# - {MODE: DETECTOR}
# - {TYPE: transmission_system}
# - {CALIBDATE: '2012-09-12T00:00:00'}
# - {INSTRUME: DECam}
# - {OBSTYPE: transmission_system}
# - {CALIBCLS: lsst.ip.isr.IntermediateSystemTransmissionCurve}
# - {DETECTOR: 39}
# - {DETECTOR_NAME: N8}
# - {SOURCE: Y_band_per_detector_throughput.fits}
# - {FILTER: Y DECam c0005 10095.0 1130.0}
# - {CALIB_CREATION_DATE: '2012-09-12'}
# - {CALIB_CREATION_TIME: '00:00:00'}
# schema: astropy-2.0
wavelength throughput
9250.0 0.0
9260.0 0.0
9270.0 0.0
9280.0 0.0
9290.0 0.0
9300.0 0.0
9310.0 0.007736696396023035
9320.0 0.008536129258573055
9330.0 0.009335562586784363
9340.0 0.01041391771286726
9350.0 0.011492283083498478
9360.0 0.012858211062848568
9370.0 0.014224139973521233
9380.0 0.016453776508569717
9390.0 0.018683409318327904
9400.0 0.02250964753329754
9410.0 0.026335882022976875
9420.0 0.03392811119556427
9430.0 0.04152033105492592
9440.0 0.058398544788360596
9450.0 0.07527675479650497
9460.0 0.07919751852750778
9470.0 0.15414990484714508
9480.0 0.15866528451442719
9490.0 0.29796645045280457
9500.0 0.307163268327713
9510.0 0.5125699043273926
9520.0 0.6215505599975586
9530.0 0.7305312156677246
9540.0 0.794082522392273
9550.0 0.8576338291168213
9560.0 0.8742326498031616
9570.0 0.8908314108848572
9580.0 0.8893200159072876
9590.0 0.8878086805343628
9600.0 0.8848132491111755
9610.0 0.8818176984786987
9620.0 0.8790761828422546
9630.0 0.8763346076011658
9640.0 0.8743324279785156
9650.0 0.872330367565155
9660.0 0.8694510459899902
9670.0 0.8665717840194702
9680.0 0.861648678779602
9690.0 0.8567256331443787
9700.0 0.8538443446159363
9710.0 0.8509629368782043
9720.0 0.8415541648864746
9730.0 0.8321453928947449
9740.0 0.82611083984375
9750.0 0.8200762867927551
9760.0 0.8138850927352905
9770.0 0.8076940178871155
9780.0 0.8013761043548584
9790.0 0.7950582504272461
9800.0 0.7890955805778503
9810.0 0.7831329107284546
9820.0 0.776968240737915
9830.0 0.7708035111427307
9840.0 0.7628263831138611
9850.0 0.7548492550849915
9860.0 0.7471250891685486
9870.0 0.7394008636474609
9880.0 0.7291734218597412
9890.0 0.7189460396766663
9900.0 0.7095596790313721
9910.0 0.7001732587814331
9920.0 0.6897810101509094
9930.0 0.6793887615203857
9940.0 0.6709598898887634
9950.0 0.6625308990478516
9960.0 0.652291476726532
9970.0 0.6420520544052124
9980.0 0.631979763507843
9990.0 0.6219074130058289
10000.0 0.610724151134491
10010.0 0.5995408892631531
10020.0 0.5876121520996094
10030.0 0.5756833553314209
10040.0 0.5631542801856995
10050.0 0.5506252646446228
10060.0 0.5389631390571594
10070.0 0.527301013469696
10080.0 0.514715850353241
10090.0 0.5021307468414307
10100.0 0.48902377486228943
10110.0 0.4759168326854706
10120.0 0.4657400846481323
10130.0 0.4555633068084717
10140.0 0.4430672228336334
10150.0 0.43057116866111755
10160.0 0.4187055230140686
10170.0 0.40683987736701965
10180.0 0.39399486780166626
10190.0 0.38114985823631287
10200.0 0.36912092566490173
10210.0 0.3570919632911682
10220.0 0.34505695104599
10230.0 0.33302199840545654
10240.0 0.3210805356502533
10250.0 0.3091391324996948
10260.0 0.2981036901473999
10270.0 0.28706827759742737
10280.0 0.27716103196144104
10290.0 0.2672537565231323
10300.0 0.25632229447364807
10310.0 0.24539081752300262
10320.0 0.23446696996688843
10330.0 0.22354310750961304
10340.0 0.21111424267292023
10350.0 0.19868536293506622
10360.0 0.1857464462518692
10370.0 0.17280752956867218
10380.0 0.16555552184581757
10390.0 0.15830351412296295
10400.0 0.15343615412712097
10410.0 0.148568794131279
10420.0 0.14409315586090088
10430.0 0.13961751759052277
10440.0 0.13499188423156738
10450.0 0.1303662359714508
10460.0 0.12580259144306183
10470.0 0.12123895436525345
10480.0 0.11701270192861557
10490.0 0.1127864420413971
10500.0 0.10813652724027634
10510.0 0.10348660498857498
10520.0 0.1001938134431839
10530.0 0.09690100699663162
10540.0 0.09456238895654678
10550.0 0.09222376346588135
10560.0 0.09043823927640915
10570.0 0.08865268528461456
10580.0 0.08561527729034424
10590.0 0.08257786184549332
10600.0 0.07514366507530212
10610.0 0.06770944595336914
10620.0 0.0552431121468544
10630.0 0.04277675598859787
10640.0 0.03163880482316017
10650.0 0.020500849932432175
10660.0 0.014365864917635918
10670.0 0.008230891078710556
10680.0 0.005631433334201574
10690.0 0.0030319755896925926
10700.0 0.0
10710.0 0.0
10720.0 0.0
10730.0 0.0
10740.0 0.0
10750.0 0.0
