decam/transmission_system/n13/y_decam_c0005_10095.0_1130.0/2012-09-12T00:00:00.ecsv
# %ECSV 1.0
# ---
# datatype:
# - {name: wavelength, unit: Angstrom, datatype: float64}
# - {name: throughput, datatype: float64}
# meta: !!omap
# - {MODE: DETECTOR}
# - {TYPE: transmission_system}
# - {CALIBDATE: '2012-09-12T00:00:00'}
# - {INSTRUME: DECam}
# - {OBSTYPE: transmission_system}
# - {CALIBCLS: lsst.ip.isr.IntermediateSystemTransmissionCurve}
# - {DETECTOR: 44}
# - {DETECTOR_NAME: N13}
# - {SOURCE: Y_band_per_detector_throughput.fits}
# - {FILTER: Y DECam c0005 10095.0 1130.0}
# - {CALIB_CREATION_DATE: '2012-09-12'}
# - {CALIB_CREATION_TIME: '00:00:00'}
# schema: astropy-2.0
wavelength throughput
9250.0 0.0
9260.0 0.0
9270.0 0.0
9280.0 0.0
9290.0 0.0
9300.0 0.0
9310.0 0.006651808507740498
9320.0 0.007445841562002897
9330.0 0.008239874616265297
9340.0 0.009203089401125908
9350.0 0.010166317224502563
9360.0 0.01141306571662426
9370.0 0.01265980489552021
9380.0 0.01478751003742218
9390.0 0.016915213316679
9400.0 0.020644238218665123
9410.0 0.024373259395360947
9420.0 0.03177695721387863
9430.0 0.039180655032396317
9440.0 0.056213025003671646
9450.0 0.07324539870023727
9460.0 0.07358437776565552
9470.0 0.14570483565330505
9480.0 0.14971071481704712
9490.0 0.279430627822876
9500.0 0.2821187973022461
9510.0 0.4735943078994751
9520.0 0.5709095001220703
9530.0 0.6682246327400208
9540.0 0.7331455945968628
9550.0 0.7980665564537048
9560.0 0.8228858709335327
9570.0 0.8477052450180054
9580.0 0.8492552042007446
9590.0 0.8508052229881287
9600.0 0.8484188318252563
9610.0 0.8460323214530945
9620.0 0.843242883682251
9630.0 0.8404534459114075
9640.0 0.8387134075164795
9650.0 0.836973249912262
9660.0 0.8342685103416443
9670.0 0.8315637707710266
9680.0 0.828292965888977
9690.0 0.8250222206115723
9700.0 0.8217060565948486
9710.0 0.818389892578125
9720.0 0.8095800876617432
9730.0 0.8007703423500061
9740.0 0.7951691150665283
9750.0 0.7895679473876953
9760.0 0.7840757966041565
9770.0 0.7785836458206177
9780.0 0.7725059986114502
9790.0 0.7664284110069275
9800.0 0.7608495354652405
9810.0 0.7552706599235535
9820.0 0.7497228980064392
9830.0 0.7441750764846802
9840.0 0.7371578812599182
9850.0 0.730140745639801
9860.0 0.7232926487922668
9870.0 0.7164445519447327
9880.0 0.7071400880813599
9890.0 0.6978357434272766
9900.0 0.6892195343971252
9910.0 0.6806033253669739
9920.0 0.6708800196647644
9930.0 0.6611567735671997
9940.0 0.6532382369041443
9950.0 0.6453197002410889
9960.0 0.6357830762863159
9970.0 0.6262465119361877
9980.0 0.6170756816864014
9990.0 0.6079047918319702
10000.0 0.5975900888442993
10010.0 0.5872753262519836
10020.0 0.5763368606567383
10030.0 0.5653983950614929
10040.0 0.5537631511688232
10050.0 0.5421279072761536
10060.0 0.5313543081283569
10070.0 0.5205807685852051
10080.0 0.5088004469871521
10090.0 0.4970201253890991
10100.0 0.48465538024902344
10110.0 0.47229063510894775
10120.0 0.46074581146240234
10130.0 0.44920095801353455
10140.0 0.4376378357410431
10150.0 0.42607468366622925
10160.0 0.41501307487487793
10170.0 0.4039514362812042
10180.0 0.3919617235660553
10190.0 0.37997207045555115
10200.0 0.3687506318092346
10210.0 0.3575292229652405
10220.0 0.3461145758628845
10230.0 0.33469995856285095
10240.0 0.32332032918930054
10250.0 0.31194067001342773
10260.0 0.30135905742645264
10270.0 0.29077741503715515
10280.0 0.2813605070114136
10290.0 0.2719435393810272
10300.0 0.2615339756011963
10310.0 0.25112441182136536
10320.0 0.24104449152946472
10330.0 0.2309645712375641
10340.0 0.21976830065250397
10350.0 0.20857201516628265
10360.0 0.1958218812942505
10370.0 0.18307171761989594
10380.0 0.17484045028686523
10390.0 0.16660916805267334
10400.0 0.16156403720378876
10410.0 0.15651889145374298
10420.0 0.15210634469985962
10430.0 0.14769378304481506
10440.0 0.14317889511585236
10450.0 0.13866399228572845
10460.0 0.1342145949602127
10470.0 0.12976518273353577
10480.0 0.12551915645599365
10490.0 0.12127311527729034
10500.0 0.11650016903877258
10510.0 0.11172721534967422
10520.0 0.10805699229240417
10530.0 0.10438676923513412
10540.0 0.10164541006088257
10550.0 0.0989040657877922
10560.0 0.09690958261489868
10570.0 0.09491509199142456
10580.0 0.09211704879999161
10590.0 0.08931898325681686
10600.0 0.0833410918712616
10610.0 0.07736319303512573
10620.0 0.065813347697258
10630.0 0.054263509809970856
10640.0 0.04154185950756073
10650.0 0.028820211067795753
10660.0 0.0204390287399292
10670.0 0.0120578333735466
10680.0 0.008270987309515476
10690.0 0.0044841524213552475
10700.0 0.0
10710.0 0.0
10720.0 0.0
10730.0 0.0
10740.0 0.0
10750.0 0.0
