decam/transmission_system/n24/i_decam_sdss_c0003_7835.0_1470.0/2012-09-12T00:00:00.ecsv
# %ECSV 1.0
# ---
# datatype:
# - {name: wavelength, unit: Angstrom, datatype: float64}
# - {name: throughput, datatype: float64}
# meta: !!omap
# - {MODE: DETECTOR}
# - {TYPE: transmission_system}
# - {CALIBDATE: '2012-09-12T00:00:00'}
# - {INSTRUME: DECam}
# - {OBSTYPE: transmission_system}
# - {CALIBCLS: lsst.ip.isr.IntermediateSystemTransmissionCurve}
# - {DETECTOR: 55}
# - {DETECTOR_NAME: N24}
# - {SOURCE: i_band_per_detector_throughput.fits}
# - {FILTER: i DECam SDSS c0003 7835.0 1470.0}
# - {CALIB_CREATION_DATE: '2012-09-12'}
# - {CALIB_CREATION_TIME: '00:00:00'}
# schema: astropy-2.0
wavelength throughput
6700.0 0.0
6710.0 0.0
6720.0 0.0
6730.0 0.0
6740.0 0.0
6750.0 0.0
6760.0 0.001007466809824109
6770.0 0.0011582269798964262
6780.0 0.001308997510932386
6790.0 0.0014710151590406895
6800.0 0.0016330326907336712
6810.0 0.0018454906530678272
6820.0 0.002057938138023019
6830.0 0.0023053002078086138
6840.0 0.002552662743255496
6850.0 0.0028992437291890383
6860.0 0.003245835192501545
6870.0 0.003670159261673689
6880.0 0.004094472620636225
6890.0 0.004619978368282318
6900.0 0.005145473871380091
6910.0 0.005810004658997059
6920.0 0.006474535446614027
6930.0 0.007456132676452398
6940.0 0.008437720127403736
6950.0 0.00998349767178297
6960.0 0.01152926404029131
6970.0 0.014509053900837898
6980.0 0.017488844692707062
6990.0 0.02440849505364895
7000.0 0.031328145414590836
7010.0 0.04724900797009468
7020.0 0.06316988170146942
7030.0 0.09481001645326614
7040.0 0.12645016610622406
7050.0 0.18003128468990326
7060.0 0.23361241817474365
7070.0 0.3095075786113739
7080.0 0.38540273904800415
7090.0 0.47478681802749634
7100.0 0.5641709566116333
7110.0 0.6489449739456177
7120.0 0.7337190508842468
7130.0 0.7990281581878662
7140.0 0.864337146282196
7150.0 0.9026694893836975
7160.0 0.941001832485199
7170.0 0.9575828313827515
7180.0 0.974163830280304
7190.0 0.9768718481063843
7200.0 0.9795798063278198
7210.0 0.9796834588050842
7220.0 0.9797872304916382
7230.0 0.9821766018867493
7240.0 0.9845660328865051
7250.0 0.9895743131637573
7260.0 0.9945826530456543
7270.0 0.9997719526290894
7280.0 1.0049612522125244
7290.0 1.0066343545913696
7300.0 1.0083073377609253
7310.0 1.0067417621612549
7320.0 1.0051761865615845
7330.0 1.0024083852767944
7340.0 0.9996407628059387
7350.0 0.9986453652381897
7360.0 0.9976500272750854
7370.0 0.9991915822029114
7380.0 1.0007331371307373
7390.0 1.004184365272522
7400.0 1.007635474205017
7410.0 1.0099347829818726
7420.0 1.012234091758728
7430.0 1.0129904747009277
7440.0 1.013746738433838
7450.0 1.0132250785827637
7460.0 1.0127034187316895
7470.0 1.0117943286895752
7480.0 1.0108851194381714
7490.0 1.0108485221862793
7500.0 1.0108121633529663
7510.0 1.0109914541244507
7520.0 1.011170744895935
7530.0 1.0116440057754517
7540.0 1.0121172666549683
7550.0 1.0112597942352295
7560.0 1.0104024410247803
7570.0 1.0085551738739014
7580.0 1.006708025932312
7590.0 0.9973238110542297
7600.0 0.9879396557807922
7610.0 0.9893176555633545
7620.0 0.990695595741272
7630.0 0.9912926554679871
7640.0 0.9918897151947021
7650.0 0.9952111840248108
7660.0 0.9985326528549194
7670.0 1.0002578496932983
7680.0 1.0019829273223877
7690.0 1.002124309539795
7700.0 1.0022656917572021
7710.0 1.0030200481414795
7720.0 1.0037745237350464
7730.0 1.0046262741088867
7740.0 1.005478024482727
7750.0 1.008554458618164
7760.0 1.0116310119628906
7770.0 1.0128896236419678
7780.0 1.0141483545303345
7790.0 1.014430284500122
7800.0 1.0147120952606201
7810.0 1.0137273073196411
7820.0 1.012742519378662
7830.0 1.0115466117858887
7840.0 1.0103508234024048
7850.0 1.0105571746826172
7860.0 1.0107636451721191
7870.0 1.0108444690704346
7880.0 1.01092529296875
7890.0 1.0087661743164062
7900.0 1.006606936454773
7910.0 1.0026538372039795
7920.0 0.9987008571624756
7930.0 0.993730902671814
7940.0 0.9887608885765076
7950.0 0.9835104942321777
7960.0 0.9782600998878479
7970.0 0.9763704538345337
7980.0 0.974480926990509
7990.0 0.9779993891716003
8000.0 0.9815179705619812
8010.0 0.9866517782211304
8020.0 0.9917856454849243
8030.0 0.9945727586746216
8040.0 0.9973598122596741
8050.0 0.9974457621574402
8060.0 0.9975318312644958
8070.0 0.9979471564292908
8080.0 0.9983625411987305
8090.0 0.994242250919342
8100.0 0.9901219606399536
8110.0 0.9798873662948608
8120.0 0.9849997162818909
8130.0 0.9843412041664124
8140.0 0.9836826920509338
8150.0 0.9849449396133423
8160.0 0.9862071871757507
8170.0 0.9931046962738037
8180.0 0.99213045835495
8190.0 0.9874290227890015
8200.0 0.9843769669532776
8210.0 0.9813249707221985
8220.0 0.9773070216178894
8230.0 0.9732890129089355
8240.0 0.9723084568977356
8250.0 0.9713279008865356
8260.0 0.9732887148857117
8270.0 0.9752494692802429
8280.0 0.979424238204956
8290.0 0.9835989475250244
8300.0 0.9877737164497375
8310.0 0.9998924732208252
8320.0 1.0021429061889648
8330.0 1.0043933391571045
8340.0 1.0066437721252441
8350.0 1.0031416416168213
8360.0 0.9999819397926331
8370.0 0.9968222975730896
8380.0 0.9936626553535461
8390.0 0.9917650818824768
8400.0 0.9860891103744507
8410.0 0.9864757657051086
8420.0 0.986862301826477
8430.0 0.9865161776542664
8440.0 0.9920914769172668
8450.0 0.9910460710525513
8460.0 0.9900006651878357
8470.0 0.995373010635376
8480.0 1.0007452964782715
8490.0 1.0031347274780273
8500.0 1.0055241584777832
8510.0 0.9896650910377502
8520.0 0.9738059043884277
8530.0 0.9066100716590881
8540.0 0.8394142985343933
8550.0 0.7040597200393677
8560.0 0.5687050819396973
8570.0 0.2968321740627289
8580.0 0.2949867844581604
8590.0 0.11891939491033554
8600.0 0.1169501468539238
8610.0 0.042846620082855225
8620.0 0.041634101420640945
8630.0 0.015585945919156075
8640.0 0.015803677961230278
8650.0 0.006318842060863972
8660.0 0.005975896026939154
8670.0 0.0027547769714146852
8680.0 0.002252180827781558
8690.0 0.0017495740903541446
8700.0 0.0
8710.0 0.0
8720.0 0.0
8730.0 0.0
8740.0 0.0
8750.0 0.0
