decam/transmission_system/n17/g_decam_sdss_c0001_4720.0_1520.0/2012-09-12T00:00:00.ecsv
# %ECSV 1.0
# ---
# datatype:
# - {name: wavelength, unit: Angstrom, datatype: float64}
# - {name: throughput, datatype: float64}
# meta: !!omap
# - {MODE: DETECTOR}
# - {TYPE: transmission_system}
# - {CALIBDATE: '2012-09-12T00:00:00'}
# - {INSTRUME: DECam}
# - {OBSTYPE: transmission_system}
# - {CALIBCLS: lsst.ip.isr.IntermediateSystemTransmissionCurve}
# - {DETECTOR: 48}
# - {DETECTOR_NAME: N17}
# - {SOURCE: g_band_per_detector_throughput.fits}
# - {FILTER: g DECam SDSS c0001 4720.0 1520.0}
# - {CALIB_CREATION_DATE: '2012-09-12'}
# - {CALIB_CREATION_TIME: '00:00:00'}
# schema: astropy-2.0
wavelength throughput
3750.0 0.0
3760.0 0.0
3770.0 0.0
3780.0 0.0
3790.0 0.0
3800.0 0.0
3810.0 0.0007391267572529614
3820.0 0.0008466227445751429
3830.0 0.0008127777255140245
3840.0 0.0009824595181271434
3850.0 0.0012362604029476643
3860.0 0.001490061404183507
3870.0 0.0018894922686740756
3880.0 0.0022889231331646442
3890.0 0.0028893675189465284
3900.0 0.003489822382107377
3910.0 0.0035473245661705732
3920.0 0.0068871034309268
3930.0 0.01473116036504507
3940.0 0.022575227543711662
3950.0 0.023381348699331284
3960.0 0.13488389551639557
3970.0 0.24077638983726501
3980.0 0.34666886925697327
3990.0 0.3451729714870453
4000.0 0.37792328000068665
4010.0 0.3933754563331604
4020.0 0.40882769227027893
4030.0 0.4132996201515198
4040.0 0.41945314407348633
4050.0 0.41990071535110474
4060.0 0.4278561472892761
4070.0 0.43222030997276306
4080.0 0.44356533885002136
4090.0 0.44450560212135315
4100.0 0.4509963393211365
4110.0 0.4546879231929779
4120.0 0.45837947726249695
4130.0 0.46165671944618225
4140.0 0.4675086438655853
4150.0 0.4701805114746094
4160.0 0.4818020462989807
4170.0 0.4895130693912506
4180.0 0.4972240924835205
4190.0 0.4987172782421112
4200.0 0.4999145567417145
4210.0 0.5012493133544922
4220.0 0.5053764581680298
4230.0 0.5058888792991638
4240.0 0.520570695400238
4250.0 0.5239840149879456
4260.0 0.5273973941802979
4270.0 0.5313259959220886
4280.0 0.539438009262085
4290.0 0.5398315191268921
4300.0 0.5491977334022522
4310.0 0.5525097250938416
4320.0 0.5558217167854309
4330.0 0.5600106716156006
4340.0 0.5641996264457703
4350.0 0.5696286559104919
4360.0 0.5750576257705688
4370.0 0.5791836380958557
4380.0 0.5833097100257874
4390.0 0.5889504551887512
4400.0 0.5945912003517151
4410.0 0.5979479551315308
4420.0 0.6013046503067017
4430.0 0.6042858362197876
4440.0 0.6072670221328735
4450.0 0.6104648113250732
4460.0 0.613662600517273
4470.0 0.6166086792945862
4480.0 0.6195548176765442
4490.0 0.6226916909217834
4500.0 0.6258285641670227
4510.0 0.6285178065299988
4520.0 0.6312070488929749
4530.0 0.6353073716163635
4540.0 0.639407753944397
4550.0 0.6414738893508911
4560.0 0.6435400247573853
4570.0 0.6443334221839905
4580.0 0.6451268196105957
4590.0 0.6482961177825928
4600.0 0.6514653563499451
4610.0 0.6552890539169312
4620.0 0.659112811088562
4630.0 0.6620835661888123
4640.0 0.6650543212890625
4650.0 0.6674742698669434
4660.0 0.6698943376541138
4670.0 0.6706308722496033
4680.0 0.6713674068450928
4690.0 0.6725297570228577
4700.0 0.6736921668052673
4710.0 0.6755382418632507
4720.0 0.6773843765258789
4730.0 0.6803218722343445
4740.0 0.6832593083381653
4750.0 0.6871691942214966
4760.0 0.6910790205001831
4770.0 0.6919097900390625
4780.0 0.6927404999732971
4790.0 0.6931704878807068
4800.0 0.6936004161834717
4810.0 0.6970465779304504
4820.0 0.7004927396774292
4830.0 0.7019393444061279
4840.0 0.7033859491348267
4850.0 0.7023955583572388
4860.0 0.7014051675796509
4870.0 0.7037141919136047
4880.0 0.7060232162475586
4890.0 0.7088901996612549
4900.0 0.711757242679596
4910.0 0.713040828704834
4920.0 0.7143244743347168
4930.0 0.7143088579177856
4940.0 0.7142931818962097
4950.0 0.714625895023346
4960.0 0.7149586081504822
4970.0 0.7176991105079651
4980.0 0.720439612865448
4990.0 0.7227110266685486
5000.0 0.7249823808670044
5010.0 0.7269036173820496
5020.0 0.72882479429245
5030.0 0.7291272282600403
5040.0 0.7294295430183411
5050.0 0.7311350703239441
5060.0 0.7328405976295471
5070.0 0.7365409731864929
5080.0 0.7402414083480835
5090.0 0.7424460649490356
5100.0 0.7446507215499878
5110.0 0.7435566782951355
5120.0 0.742462694644928
5130.0 0.7427337765693665
5140.0 0.7430049777030945
5150.0 0.7450457215309143
5160.0 0.7470865845680237
5170.0 0.7472877502441406
5180.0 0.7474889159202576
5190.0 0.7492371201515198
5200.0 0.7509852647781372
5210.0 0.7542569637298584
5220.0 0.7575286030769348
5230.0 0.7599282264709473
5240.0 0.7623277902603149
5250.0 0.7636810541152954
5260.0 0.7650343775749207
5270.0 0.7653074264526367
5280.0 0.7655804753303528
5290.0 0.7662032842636108
5300.0 0.7668260931968689
5310.0 0.7689386010169983
5320.0 0.7710511088371277
5330.0 0.7733014822006226
5340.0 0.7755518555641174
5350.0 0.7792155742645264
5360.0 0.7828793525695801
5370.0 0.7847317457199097
5380.0 0.7865840792655945
5390.0 0.7879870533943176
5400.0 0.7893900275230408
5410.0 0.7992563247680664
5420.0 0.8091226816177368
5430.0 0.8402284383773804
5440.0 0.8713342547416687
5450.0 0.8500815629959106
5460.0 0.8288289308547974
5470.0 0.6040318012237549
5480.0 0.3792347013950348
5490.0 0.22742901742458344
5500.0 0.07562331110239029
5510.0 0.04647846892476082
5520.0 0.017333630472421646
5530.0 0.010574792511761189
5540.0 0.0038159657269716263
5550.0 0.0025767143815755844
5560.0 0.0013374630361795425
5570.0 0.0010416648583486676
5580.0 0.0007458666805177927
5590.0 0.0006463257013820112
5600.0 0.0005467847222462296
5610.0 0.00047259373241104186
5620.0 0.0003984131326433271
5630.0 0.0003579840122256428
5640.0 0.00031756528187543154
5650.0 0.0
5660.0 0.0
5670.0 0.0
5680.0 0.0
5690.0 0.0
5700.0 0.0
