decam/transmission_system/s21/y_decam_c0005_10095.0_1130.0/2012-09-12T00:00:00.ecsv
# %ECSV 1.0
# ---
# datatype:
# - {name: wavelength, unit: Angstrom, datatype: float64}
# - {name: throughput, datatype: float64}
# meta: !!omap
# - {MODE: DETECTOR}
# - {TYPE: transmission_system}
# - {CALIBDATE: '2012-09-12T00:00:00'}
# - {INSTRUME: DECam}
# - {OBSTYPE: transmission_system}
# - {CALIBCLS: lsst.ip.isr.IntermediateSystemTransmissionCurve}
# - {DETECTOR: 9}
# - {DETECTOR_NAME: S21}
# - {SOURCE: Y_band_per_detector_throughput.fits}
# - {FILTER: Y DECam c0005 10095.0 1130.0}
# - {CALIB_CREATION_DATE: '2012-09-12'}
# - {CALIB_CREATION_TIME: '00:00:00'}
# schema: astropy-2.0
wavelength throughput
9250.0 0.0
9260.0 0.0
9270.0 0.0
9280.0 0.0
9290.0 0.0
9300.0 0.0
9310.0 0.006300907116383314
9320.0 0.007200151216238737
9330.0 0.008099394850432873
9340.0 0.009237153455615044
9350.0 0.01037492137402296
9360.0 0.011795371770858765
9370.0 0.013215821236371994
9380.0 0.015590006485581398
9390.0 0.017964191734790802
9400.0 0.022217420861124992
9410.0 0.026470640674233437
9420.0 0.035137567669153214
9430.0 0.04380449652671814
9440.0 0.0626135990023613
9450.0 0.08142270892858505
9460.0 0.08757992833852768
9470.0 0.16799016296863556
9480.0 0.18011297285556793
9490.0 0.32108187675476074
9500.0 0.33711323142051697
9510.0 0.5416605472564697
9520.0 0.6414752006530762
9530.0 0.7412898540496826
9540.0 0.7877873778343201
9550.0 0.8342848420143127
9560.0 0.8423203229904175
9570.0 0.8503558039665222
9580.0 0.8483351469039917
9590.0 0.846314549446106
9600.0 0.8442767262458801
9610.0 0.8422388434410095
9620.0 0.8398017883300781
9630.0 0.8373647332191467
9640.0 0.835992157459259
9650.0 0.8346195220947266
9660.0 0.833091139793396
9670.0 0.8315628170967102
9680.0 0.8284557461738586
9690.0 0.8253486752510071
9700.0 0.8234931826591492
9710.0 0.8216378092765808
9720.0 0.8134627342224121
9730.0 0.8052876591682434
9740.0 0.799714982509613
9750.0 0.7941423654556274
9760.0 0.7879870533943176
9770.0 0.7818318009376526
9780.0 0.7754207849502563
9790.0 0.7690096497535706
9800.0 0.7631070017814636
9810.0 0.7572042942047119
9820.0 0.7515531778335571
9830.0 0.7459020614624023
9840.0 0.7389240264892578
9850.0 0.7319459915161133
9860.0 0.7252980470657349
9870.0 0.718650221824646
9880.0 0.7093660831451416
9890.0 0.700082004070282
9900.0 0.6913453936576843
9910.0 0.6826088428497314
9920.0 0.6727474331855774
9930.0 0.6628859639167786
9940.0 0.6548052430152893
9950.0 0.6467245817184448
9960.0 0.6369593739509583
9970.0 0.6271942257881165
9980.0 0.6178330779075623
9990.0 0.6084718704223633
10000.0 0.5979693531990051
10010.0 0.5874667763710022
10020.0 0.576389491558075
10030.0 0.5653122663497925
10040.0 0.5535715222358704
10050.0 0.5418307781219482
10060.0 0.5307956337928772
10070.0 0.5197604298591614
10080.0 0.5077025890350342
10090.0 0.4956447184085846
10100.0 0.48298174142837524
10110.0 0.4703187644481659
10120.0 0.45886608958244324
10130.0 0.44741347432136536
10140.0 0.4354696273803711
10150.0 0.42352578043937683
10160.0 0.4122128486633301
10170.0 0.40089988708496094
10180.0 0.3887193202972412
10190.0 0.3765387535095215
10200.0 0.36515912413597107
10210.0 0.35377946496009827
10220.0 0.34231406450271606
10230.0 0.33084869384765625
10240.0 0.3194057047367096
10250.0 0.30796271562576294
10260.0 0.2972988188266754
10270.0 0.2866349220275879
10280.0 0.2770490348339081
10290.0 0.26746314764022827
10300.0 0.25673118233680725
10310.0 0.24599923193454742
10320.0 0.2353467345237732
10330.0 0.22469423711299896
10340.0 0.21242079138755798
10350.0 0.200147345662117
10360.0 0.18778599798679352
10370.0 0.17542465031147003
10380.0 0.16868627071380615
10390.0 0.16194787621498108
10400.0 0.1572956144809723
10410.0 0.1526433676481247
10420.0 0.14849403500556946
10430.0 0.14434471726417542
10440.0 0.14016510546207428
10450.0 0.13598547875881195
10460.0 0.1319282501935959
10470.0 0.12787100672721863
10480.0 0.12406505644321442
10490.0 0.12025909870862961
10500.0 0.11592427641153336
10510.0 0.1115894541144371
10520.0 0.10838712751865387
10530.0 0.10518479347229004
10540.0 0.10275391489267349
10550.0 0.10032304376363754
10560.0 0.09877263009548187
10570.0 0.0972222164273262
10580.0 0.0955280065536499
10590.0 0.0938338041305542
10600.0 0.08979983627796173
10610.0 0.08576589077711105
10620.0 0.07615873217582703
10630.0 0.0665515586733818
10640.0 0.053106557577848434
10650.0 0.03966154903173447
10660.0 0.028788141906261444
10670.0 0.017914747819304466
10680.0 0.012395483441650867
10690.0 0.0068762097507715225
10700.0 0.0
10710.0 0.0
10720.0 0.0
10730.0 0.0
10740.0 0.0
10750.0 0.0
