decam/transmission_system/s6/r_decam_sdss_c0002_6415.0_1480.0/2012-09-12T00:00:00.ecsv
# %ECSV 1.0
# ---
# datatype:
# - {name: wavelength, unit: Angstrom, datatype: float64}
# - {name: throughput, datatype: float64}
# meta: !!omap
# - {MODE: DETECTOR}
# - {TYPE: transmission_system}
# - {CALIBDATE: '2012-09-12T00:00:00'}
# - {INSTRUME: DECam}
# - {OBSTYPE: transmission_system}
# - {CALIBCLS: lsst.ip.isr.IntermediateSystemTransmissionCurve}
# - {DETECTOR: 30}
# - {DETECTOR_NAME: S6}
# - {SOURCE: r_band_per_detector_throughput.fits}
# - {FILTER: r DECam SDSS c0002 6415.0 1480.0}
# - {CALIB_CREATION_DATE: '2012-09-12'}
# - {CALIB_CREATION_TIME: '00:00:00'}
# schema: astropy-2.0
wavelength throughput
5350.0 0.0
5360.0 0.0
5370.0 0.0
5380.0 0.0
5390.0 0.0
5400.0 0.0
5410.0 0.0025686556473374367
5420.0 0.0028808622155338526
5430.0 0.003296254901215434
5440.0 0.0037116475868970156
5450.0 0.004230423364788294
5460.0 0.004749199841171503
5470.0 0.00530092790722847
5480.0 0.005852655973285437
5490.0 0.006650645285844803
5500.0 0.007448645308613777
5510.0 0.008373042568564415
5520.0 0.009297448210418224
5530.0 0.010426618158817291
5540.0 0.011555787175893784
5550.0 0.013140799477696419
5560.0 0.014725801534950733
5570.0 0.016981804743409157
5580.0 0.019237816333770752
5590.0 0.02296963334083557
5600.0 0.026701446622610092
5610.0 0.0362965427339077
5620.0 0.0458916500210762
5630.0 0.07972140610218048
5640.0 0.11355116963386536
5650.0 0.2096068561077118
5660.0 0.30566251277923584
5670.0 0.459366112947464
5680.0 0.6130697131156921
5690.0 0.6981878876686096
5700.0 0.7833060026168823
5710.0 0.7975718975067139
5720.0 0.8118377923965454
5730.0 0.8171170353889465
5740.0 0.8223962783813477
5750.0 0.8275223970413208
5760.0 0.8326485753059387
5770.0 0.8343695998191833
5780.0 0.8360905647277832
5790.0 0.8382860422134399
5800.0 0.8404814600944519
5810.0 0.8457163572311401
5820.0 0.8509513139724731
5830.0 0.8520894646644592
5840.0 0.8532276749610901
5850.0 0.8525776863098145
5860.0 0.851927638053894
5870.0 0.8492696285247803
5880.0 0.8466115593910217
5890.0 0.8468601703643799
5900.0 0.8471088409423828
5910.0 0.8515862822532654
5920.0 0.8560637831687927
5930.0 0.8581169247627258
5940.0 0.8601701259613037
5950.0 0.859923779964447
5960.0 0.8596773743629456
5970.0 0.8610630035400391
5980.0 0.8624485731124878
5990.0 0.8643811941146851
6000.0 0.8663138747215271
6010.0 0.8681536316871643
6020.0 0.8699933290481567
6030.0 0.8690491318702698
6040.0 0.8741725087165833
6050.0 0.8749855756759644
6060.0 0.8757986426353455
6070.0 0.8741719722747803
6080.0 0.8725453019142151
6090.0 0.8733131885528564
6100.0 0.8740811347961426
6110.0 0.8779352903366089
6120.0 0.8817894458770752
6130.0 0.8839418888092041
6140.0 0.8860944509506226
6150.0 0.8872931599617004
6160.0 0.8884919881820679
6170.0 0.8910521268844604
6180.0 0.8936121463775635
6190.0 0.8932730555534363
6200.0 0.8929339051246643
6210.0 0.8935452699661255
6220.0 0.8941565752029419
6230.0 0.8954977989196777
6240.0 0.8968390822410583
6250.0 0.8966155648231506
6260.0 0.8963919878005981
6270.0 0.8978865742683411
6280.0 0.8993812799453735
6290.0 0.9020904898643494
6300.0 0.9047996401786804
6310.0 0.9044296741485596
6320.0 0.904059648513794
6330.0 0.9042486548423767
6340.0 0.9044377207756042
6350.0 0.9073388576507568
6360.0 0.9102399349212646
6370.0 0.9118800759315491
6380.0 0.9135201573371887
6390.0 0.9134441614151001
6400.0 0.9133682250976562
6410.0 0.9140584468841553
6420.0 0.9147487282752991
6430.0 0.9142430424690247
6440.0 0.9137373566627502
6450.0 0.9139132499694824
6460.0 0.9140891432762146
6470.0 0.9155220985412598
6480.0 0.9169551730155945
6490.0 0.9167386889457703
6500.0 0.9165223240852356
6510.0 0.9163771867752075
6520.0 0.9162321090698242
6530.0 0.9188586473464966
6540.0 0.9214852452278137
6550.0 0.9237168431282043
6560.0 0.9259485006332397
6570.0 0.926464319229126
6580.0 0.9269800186157227
6590.0 0.9276480078697205
6600.0 0.9283159971237183
6610.0 0.9278013706207275
6620.0 0.9272868037223816
6630.0 0.9256265163421631
6640.0 0.9239662885665894
6650.0 0.9244977235794067
6660.0 0.9250292181968689
6670.0 0.9278998970985413
6680.0 0.9307705163955688
6690.0 0.9326620697975159
6700.0 0.9345536231994629
6710.0 0.9349333047866821
6720.0 0.9353129863739014
6730.0 0.934735119342804
6740.0 0.934157133102417
6750.0 0.9328382015228271
6760.0 0.9315192103385925
6770.0 0.9314866065979004
6780.0 0.9314539432525635
6790.0 0.9328144788742065
6800.0 0.9341750144958496
6810.0 0.9345715641975403
6820.0 0.934968113899231
6830.0 0.9352272152900696
6840.0 0.935486376285553
6850.0 0.9358037710189819
6860.0 0.9361211061477661
6870.0 0.9358434677124023
6880.0 0.9355658292770386
6890.0 0.9351373314857483
6900.0 0.9347088932991028
6910.0 0.9334020614624023
6920.0 0.9320951700210571
6930.0 0.9319356083869934
6940.0 0.9317761063575745
6950.0 0.931207537651062
6960.0 0.9306390285491943
6970.0 0.9294813275337219
6980.0 0.9283236861228943
6990.0 0.9294358491897583
7000.0 0.9305480718612671
7010.0 0.9313349723815918
7020.0 0.932121753692627
7030.0 0.9283562898635864
7040.0 0.9245907664299011
7050.0 0.9218087792396545
7060.0 0.9190268516540527
7070.0 0.9070628881454468
7080.0 0.8950989246368408
7090.0 0.8768967390060425
7100.0 0.8586944937705994
7110.0 0.8596429824829102
7120.0 0.860591471195221
7130.0 0.7672720551490784
7140.0 0.6739526987075806
7150.0 0.48391464352607727
7160.0 0.2938765585422516
7170.0 0.19132229685783386
7180.0 0.08876802772283554
7190.0 0.057556938380002975
7200.0 0.02634585089981556
7210.0 0.01708327606320381
7220.0 0.007820690982043743
7230.0 0.006254693493247032
7240.0 0.0046886964701116085
7250.0 0.003415558720007539
7260.0 0.0021424104925245047
7270.0 0.0016478003235533834
7280.0 0.0011531797936186194
7290.0 0.0009143957286141813
7300.0 0.0006756012444384396
7310.0 0.0005967681063339114
7320.0 0.0005179453874006867
7330.0 0.0004662900173570961
7340.0 0.00041462425724603236
7350.0 0.0
7360.0 0.0
7370.0 0.0
7380.0 0.0
7390.0 0.0
7400.0 0.0
