decam/transmission_system/n15/g_decam_sdss_c0001_4720.0_1520.0/2012-09-12T00:00:00.ecsv
# %ECSV 1.0
# ---
# datatype:
# - {name: wavelength, unit: Angstrom, datatype: float64}
# - {name: throughput, datatype: float64}
# meta: !!omap
# - {MODE: DETECTOR}
# - {TYPE: transmission_system}
# - {CALIBDATE: '2012-09-12T00:00:00'}
# - {INSTRUME: DECam}
# - {OBSTYPE: transmission_system}
# - {CALIBCLS: lsst.ip.isr.IntermediateSystemTransmissionCurve}
# - {DETECTOR: 46}
# - {DETECTOR_NAME: N15}
# - {SOURCE: g_band_per_detector_throughput.fits}
# - {FILTER: g DECam SDSS c0001 4720.0 1520.0}
# - {CALIB_CREATION_DATE: '2012-09-12'}
# - {CALIB_CREATION_TIME: '00:00:00'}
# schema: astropy-2.0
wavelength throughput
3750.0 0.0
3760.0 0.0
3770.0 0.0
3780.0 0.0
3790.0 0.0
3800.0 0.0
3810.0 0.0007940119248814881
3820.0 0.0008831989835016429
3830.0 0.000807720236480236
3840.0 0.0012005981989204884
3850.0 0.0013842893531545997
3860.0 0.0015679806238040328
3870.0 0.001895494875498116
3880.0 0.002223019488155842
3890.0 0.0027987577486783266
3900.0 0.003374506486579776
3910.0 0.002942404244095087
3920.0 0.006066111382097006
3930.0 0.012300543487071991
3940.0 0.01853497512638569
3950.0 0.019852666184306145
3960.0 0.11004272103309631
3970.0 0.20881584286689758
3980.0 0.30758896470069885
3990.0 0.31024640798568726
4000.0 0.3492250442504883
4010.0 0.3659217357635498
4020.0 0.3826184570789337
4030.0 0.3856338858604431
4040.0 0.3947775661945343
4050.0 0.3947424590587616
4060.0 0.4028283655643463
4070.0 0.40678057074546814
4080.0 0.4178128242492676
4090.0 0.4187069833278656
4100.0 0.42512035369873047
4110.0 0.4287572503089905
4120.0 0.4323941171169281
4130.0 0.43561869859695435
4140.0 0.4417352080345154
4150.0 0.4444901943206787
4160.0 0.45689988136291504
4170.0 0.4640352725982666
4180.0 0.47117066383361816
4190.0 0.472246915102005
4200.0 0.47341790795326233
4210.0 0.4747661054134369
4220.0 0.4798738956451416
4230.0 0.48027920722961426
4240.0 0.49639996886253357
4250.0 0.5009704232215881
4260.0 0.5055408477783203
4270.0 0.5090369582176208
4280.0 0.5197750926017761
4290.0 0.5197154879570007
4300.0 0.5309888124465942
4310.0 0.5347530245780945
4320.0 0.5385171175003052
4330.0 0.5436115264892578
4340.0 0.5487059354782104
4350.0 0.5547770261764526
4360.0 0.56084805727005
4370.0 0.5659499764442444
4380.0 0.5710518956184387
4390.0 0.5777689814567566
4400.0 0.5844860076904297
4410.0 0.5885661840438843
4420.0 0.5926464200019836
4430.0 0.5961009860038757
4440.0 0.5995556116104126
4450.0 0.6027780175209045
4460.0 0.6060004234313965
4470.0 0.6091921925544739
4480.0 0.612384021282196
4490.0 0.6160065531730652
4500.0 0.6196291446685791
4510.0 0.6227127909660339
4520.0 0.6257964968681335
4530.0 0.6305170655250549
4540.0 0.6352376937866211
4550.0 0.6374486684799194
4560.0 0.6396595239639282
4570.0 0.641154408454895
4580.0 0.6426492929458618
4590.0 0.6470490097999573
4600.0 0.6514487266540527
4610.0 0.6556075811386108
4620.0 0.659766435623169
4630.0 0.6632968187332153
4640.0 0.6668270826339722
4650.0 0.6692978143692017
4660.0 0.6717685461044312
4670.0 0.6722549200057983
4680.0 0.6727413535118103
4690.0 0.6742346286773682
4700.0 0.675727903842926
4710.0 0.678576648235321
4720.0 0.6814253330230713
4730.0 0.6855581998825073
4740.0 0.6896910071372986
4750.0 0.6943580508232117
4760.0 0.6990250945091248
4770.0 0.700447142124176
4780.0 0.7018691301345825
4790.0 0.7026850581169128
4800.0 0.7035010457038879
4810.0 0.7068184018135071
4820.0 0.710135817527771
4830.0 0.7117881774902344
4840.0 0.7134405970573425
4850.0 0.7127126455307007
4860.0 0.7119846940040588
4870.0 0.7152025103569031
4880.0 0.7184203267097473
4890.0 0.7227957248687744
4900.0 0.7271711230278015
4910.0 0.7283398509025574
4920.0 0.7295085191726685
4930.0 0.7291788458824158
4940.0 0.7288491129875183
4950.0 0.7299476861953735
4960.0 0.7310462594032288
4970.0 0.7359470725059509
4980.0 0.7408479452133179
4990.0 0.744114100933075
5000.0 0.747380256652832
5010.0 0.7503373622894287
5020.0 0.7532945275306702
5030.0 0.7543854713439941
5040.0 0.7554763555526733
5050.0 0.75738525390625
5060.0 0.7592941522598267
5070.0 0.7627838850021362
5080.0 0.766273558139801
5090.0 0.7681886553764343
5100.0 0.7701037526130676
5110.0 0.7687126994132996
5120.0 0.7673216462135315
5130.0 0.768692135810852
5140.0 0.7700625658035278
5150.0 0.7739119529724121
5160.0 0.7777613401412964
5170.0 0.7788708806037903
5180.0 0.7799804210662842
5190.0 0.782356858253479
5200.0 0.784733235836029
5210.0 0.7892521023750305
5220.0 0.793770968914032
5230.0 0.7971901893615723
5240.0 0.8006093502044678
5250.0 0.8021647334098816
5260.0 0.8037201762199402
5270.0 0.8039841651916504
5280.0 0.8042481541633606
5290.0 0.8053460717201233
5300.0 0.806443989276886
5310.0 0.8090070486068726
5320.0 0.8115701079368591
5330.0 0.8138441443443298
5340.0 0.8161182403564453
5350.0 0.8188989162445068
5360.0 0.8216796517372131
5370.0 0.8204569220542908
5380.0 0.8192341327667236
5390.0 0.8146793842315674
5400.0 0.8101246953010559
5410.0 0.8100704550743103
5420.0 0.8100163340568542
5430.0 0.8152471780776978
5440.0 0.820478081703186
5450.0 0.7657775282859802
5460.0 0.7110770344734192
5470.0 0.5143992304801941
5480.0 0.3177214562892914
5490.0 0.1899825632572174
5500.0 0.06224367395043373
5510.0 0.037932101637125015
5520.0 0.013620538637042046
5530.0 0.008339799009263515
5540.0 0.0030590493697673082
5550.0 0.0021006311289966106
5560.0 0.001142202876508236
5570.0 0.000902754080016166
5580.0 0.0006632949225604534
5590.0 0.0005788850248791277
5600.0 0.0004944751271978021
5610.0 0.0004375441058073193
5620.0 0.00038061311352066696
5630.0 0.00034608272835612297
5640.0 0.000311552343191579
5650.0 0.0
5660.0 0.0
5670.0 0.0
5680.0 0.0
5690.0 0.0
5700.0 0.0
