decam/transmission_system/n21/g_decam_sdss_c0001_4720.0_1520.0/2012-09-12T00:00:00.ecsv
# %ECSV 1.0
# ---
# datatype:
# - {name: wavelength, unit: Angstrom, datatype: float64}
# - {name: throughput, datatype: float64}
# meta: !!omap
# - {MODE: DETECTOR}
# - {TYPE: transmission_system}
# - {CALIBDATE: '2012-09-12T00:00:00'}
# - {INSTRUME: DECam}
# - {OBSTYPE: transmission_system}
# - {CALIBCLS: lsst.ip.isr.IntermediateSystemTransmissionCurve}
# - {DETECTOR: 52}
# - {DETECTOR_NAME: N21}
# - {SOURCE: g_band_per_detector_throughput.fits}
# - {FILTER: g DECam SDSS c0001 4720.0 1520.0}
# - {CALIB_CREATION_DATE: '2012-09-12'}
# - {CALIB_CREATION_TIME: '00:00:00'}
# schema: astropy-2.0
wavelength throughput
3750.0 0.0
3760.0 0.0
3770.0 0.0
3780.0 0.0
3790.0 0.0
3800.0 0.0
3810.0 0.0007205167203210294
3820.0 0.0009640779462642968
3830.0 0.0009110309765674174
3840.0 0.0012681010412052274
3850.0 0.001448531518690288
3860.0 0.0016289722407236695
3870.0 0.001971918623894453
3880.0 0.002314854646101594
3890.0 0.0028650974854826927
3900.0 0.0034153510350733995
3910.0 0.003357641166076064
3920.0 0.006419982761144638
3930.0 0.013462997041642666
3940.0 0.020506011322140694
3950.0 0.021448248997330666
3960.0 0.1203463152050972
3970.0 0.21919941902160645
3980.0 0.3180525600910187
3990.0 0.31988728046417236
4000.0 0.355396032333374
4010.0 0.3717903792858124
4020.0 0.38818472623825073
4030.0 0.3920254111289978
4040.0 0.4004911780357361
4050.0 0.40026286244392395
4060.0 0.40936747193336487
4070.0 0.4128781855106354
4080.0 0.42435184121131897
4090.0 0.42445626854896545
4100.0 0.430950790643692
4110.0 0.43520820140838623
4120.0 0.43946558237075806
4130.0 0.44177982211112976
4140.0 0.44883522391319275
4150.0 0.45085686445236206
4160.0 0.46420174837112427
4170.0 0.4710710942745209
4180.0 0.47794046998023987
4190.0 0.47871431708335876
4200.0 0.47932499647140503
4210.0 0.4807370901107788
4220.0 0.48719462752342224
4230.0 0.48719683289527893
4240.0 0.5037877559661865
4250.0 0.5085757970809937
4260.0 0.5133638381958008
4270.0 0.5165122151374817
4280.0 0.527442455291748
4290.0 0.5270381569862366
4300.0 0.5380921363830566
4310.0 0.5420653820037842
4320.0 0.5460385084152222
4330.0 0.5513551831245422
4340.0 0.5566717982292175
4350.0 0.5625745058059692
4360.0 0.5684773325920105
4370.0 0.5736188292503357
4380.0 0.5787603855133057
4390.0 0.5853050351142883
4400.0 0.5918496251106262
4410.0 0.595810055732727
4420.0 0.5997704267501831
4430.0 0.6031730771064758
4440.0 0.6065757274627686
4450.0 0.6097026467323303
4460.0 0.6128295063972473
4470.0 0.615838885307312
4480.0 0.6188482046127319
4490.0 0.6221228241920471
4500.0 0.6253975033760071
4510.0 0.6285651326179504
4520.0 0.6317328810691833
4530.0 0.6362732648849487
4540.0 0.6408136487007141
4550.0 0.6426164507865906
4560.0 0.6444193124771118
4570.0 0.6456385850906372
4580.0 0.6468579769134521
4590.0 0.6511619687080383
4600.0 0.6554659605026245
4610.0 0.6594879031181335
4620.0 0.6635098457336426
4630.0 0.6667619943618774
4640.0 0.6700141429901123
4650.0 0.6720667481422424
4660.0 0.6741194128990173
4670.0 0.6742174029350281
4680.0 0.6743153929710388
4690.0 0.6755344271659851
4700.0 0.6767533421516418
4710.0 0.6795456409454346
4720.0 0.6823379397392273
4730.0 0.68644779920578
4740.0 0.6905576586723328
4750.0 0.6948193311691284
4760.0 0.6990810036659241
4770.0 0.6999041438102722
4780.0 0.7007272243499756
4790.0 0.701389729976654
4800.0 0.7020522952079773
4810.0 0.7052213549613953
4820.0 0.7083904147148132
4830.0 0.7095514535903931
4840.0 0.7107124328613281
4850.0 0.7099729180335999
4860.0 0.7092333436012268
4870.0 0.7123725414276123
4880.0 0.715511679649353
4890.0 0.7192444801330566
4900.0 0.7229772210121155
4910.0 0.7238027453422546
4920.0 0.7246283292770386
4930.0 0.7238246202468872
4940.0 0.7230209112167358
4950.0 0.7242683172225952
4960.0 0.7255156636238098
4970.0 0.7301684617996216
4980.0 0.7348213195800781
4990.0 0.7374851703643799
5000.0 0.7401490211486816
5010.0 0.7428889274597168
5020.0 0.7456287145614624
5030.0 0.7464344501495361
5040.0 0.7472402453422546
5050.0 0.7489385604858398
5060.0 0.7506369352340698
5070.0 0.7538337111473083
5080.0 0.7570305466651917
5090.0 0.7583264708518982
5100.0 0.7596223950386047
5110.0 0.7581761479377747
5120.0 0.7567299008369446
5130.0 0.7580885291099548
5140.0 0.7594471573829651
5150.0 0.7628805041313171
5160.0 0.766313910484314
5170.0 0.767187237739563
5180.0 0.768060564994812
5190.0 0.7701719999313354
5200.0 0.7722834348678589
5210.0 0.7765505313873291
5220.0 0.7808175683021545
5230.0 0.783889651298523
5240.0 0.7869617342948914
5250.0 0.7882248163223267
5260.0 0.789487898349762
5270.0 0.7895683646202087
5280.0 0.7896487712860107
5290.0 0.7904837131500244
5300.0 0.7913187146186829
5310.0 0.7936596870422363
5320.0 0.7960006594657898
5330.0 0.7980182766914368
5340.0 0.800035834312439
5350.0 0.8023427724838257
5360.0 0.8046497702598572
5370.0 0.8024646043777466
5380.0 0.8002793192863464
5390.0 0.7954497337341309
5400.0 0.7906201481819153
5410.0 0.791133463382721
5420.0 0.7916467785835266
5430.0 0.7946800589561462
5440.0 0.7977133393287659
5450.0 0.7320655584335327
5460.0 0.6664177179336548
5470.0 0.4688420593738556
5480.0 0.2712664008140564
5490.0 0.16117067635059357
5500.0 0.051074955612421036
5510.0 0.031379178166389465
5520.0 0.01168339978903532
5530.0 0.007218428887426853
5540.0 0.002753457985818386
5550.0 0.0019171892199665308
5560.0 0.001080910093151033
5570.0 0.0008659493178129196
5580.0 0.0006509782397188246
5590.0 0.0005641901516355574
5600.0 0.0004773916443809867
5610.0 0.000429111416451633
5620.0 0.0003808207984548062
5630.0 0.0003504237101878971
5640.0 0.0003200369537808001
5650.0 0.0
5660.0 0.0
5670.0 0.0
5680.0 0.0
5690.0 0.0
5700.0 0.0
