decam/transmission_system/n1/y_decam_c0005_10095.0_1130.0/2012-09-12T00:00:00.ecsv
# %ECSV 1.0
# ---
# datatype:
# - {name: wavelength, unit: Angstrom, datatype: float64}
# - {name: throughput, datatype: float64}
# meta: !!omap
# - {MODE: DETECTOR}
# - {TYPE: transmission_system}
# - {CALIBDATE: '2012-09-12T00:00:00'}
# - {INSTRUME: DECam}
# - {OBSTYPE: transmission_system}
# - {CALIBCLS: lsst.ip.isr.IntermediateSystemTransmissionCurve}
# - {DETECTOR: 32}
# - {DETECTOR_NAME: N1}
# - {SOURCE: Y_band_per_detector_throughput.fits}
# - {FILTER: Y DECam c0005 10095.0 1130.0}
# - {CALIB_CREATION_DATE: '2012-09-12'}
# - {CALIB_CREATION_TIME: '00:00:00'}
# schema: astropy-2.0
wavelength throughput
9250.0 0.0
9260.0 0.0
9270.0 0.0
9280.0 0.0
9290.0 0.0
9300.0 0.0
9310.0 0.008357567712664604
9320.0 0.00917645264416933
9330.0 0.009995336644351482
9340.0 0.01098256278783083
9350.0 0.011969788931310177
9360.0 0.013238970190286636
9370.0 0.014508150517940521
9380.0 0.016632646322250366
9390.0 0.01875714398920536
9400.0 0.022510340437293053
9410.0 0.026263540610671043
9420.0 0.0338783785700798
9430.0 0.04149321839213371
9440.0 0.058448515832424164
9450.0 0.07540382444858551
9460.0 0.07902347296476364
9470.0 0.15262624621391296
9480.0 0.15890589356422424
9490.0 0.2908060550689697
9500.0 0.303417831659317
9510.0 0.4886202812194824
9520.0 0.5887402892112732
9530.0 0.6888603568077087
9540.0 0.7546309232711792
9550.0 0.8204015493392944
9560.0 0.8423017263412476
9570.0 0.8642018437385559
9580.0 0.8641785383224487
9590.0 0.8641552329063416
9600.0 0.8620335459709167
9610.0 0.8599119782447815
9620.0 0.8578608632087708
9630.0 0.85580974817276
9640.0 0.8541274666786194
9650.0 0.852445125579834
9660.0 0.8495311737060547
9670.0 0.8466171622276306
9680.0 0.8418590426445007
9690.0 0.8371009826660156
9700.0 0.8340298533439636
9710.0 0.8309587836265564
9720.0 0.822367250919342
9730.0 0.8137757182121277
9740.0 0.808682918548584
9750.0 0.8035900592803955
9760.0 0.7985572218894958
9770.0 0.7935243844985962
9780.0 0.7880206108093262
9790.0 0.7825168967247009
9800.0 0.7768900394439697
9810.0 0.771263062953949
9820.0 0.765078067779541
9830.0 0.7588929533958435
9840.0 0.7509896159172058
9850.0 0.7430862188339233
9860.0 0.7354341745376587
9870.0 0.7277821898460388
9880.0 0.7178240418434143
9890.0 0.707865834236145
9900.0 0.6990107297897339
9910.0 0.6901556253433228
9920.0 0.680293619632721
9930.0 0.6704316735267639
9940.0 0.6624216437339783
9950.0 0.6544115543365479
9960.0 0.6444669365882874
9970.0 0.6345222592353821
9980.0 0.6246548295021057
9990.0 0.6147873401641846
10000.0 0.6036102175712585
10010.0 0.5924330949783325
10020.0 0.580829918384552
10030.0 0.5692267417907715
10040.0 0.5571058988571167
10050.0 0.5449851155281067
10060.0 0.5338404774665833
10070.0 0.5226958990097046
10080.0 0.5105428695678711
10090.0 0.49838986992836
10100.0 0.48569104075431824
10110.0 0.4729922413825989
10120.0 0.46230143308639526
10130.0 0.45161059498786926
10140.0 0.43944767117500305
10150.0 0.42728471755981445
10160.0 0.4156860411167145
10170.0 0.4040873646736145
10180.0 0.39158308506011963
10190.0 0.37907880544662476
10200.0 0.3673616051673889
10210.0 0.3556443750858307
10220.0 0.34386658668518066
10230.0 0.332088828086853
10240.0 0.3205206096172333
10250.0 0.3089524209499359
10260.0 0.2980957627296448
10270.0 0.28723907470703125
10280.0 0.2775460481643677
10290.0 0.2678530216217041
10300.0 0.2570359408855438
10310.0 0.24621884524822235
10320.0 0.2354947179555893
10330.0 0.22477057576179504
10340.0 0.21242117881774902
10350.0 0.200071781873703
10360.0 0.1874161809682846
10370.0 0.1747605949640274
10380.0 0.1677391678094864
10390.0 0.16071775555610657
10400.0 0.15576627850532532
10410.0 0.15081477165222168
10420.0 0.1462007313966751
10430.0 0.14158666133880615
10440.0 0.13678599894046783
10450.0 0.13198532164096832
10460.0 0.12726357579231262
10470.0 0.12254180759191513
10480.0 0.11825624853372574
10490.0 0.11397067457437515
10500.0 0.10955110937356949
10510.0 0.10513153672218323
10520.0 0.10225231945514679
10530.0 0.09937310218811035
10540.0 0.097271628677845
10550.0 0.09517011791467667
10560.0 0.09295977652072906
10570.0 0.09074939787387848
10580.0 0.08580208569765091
10590.0 0.08085475862026215
10600.0 0.07033775001764297
10610.0 0.059820741415023804
10620.0 0.04663853347301483
10630.0 0.03345632925629616
10640.0 0.024035567417740822
10650.0 0.01461480651050806
10660.0 0.010145639069378376
10670.0 0.005676462780684233
10680.0 0.0038814956787973642
10690.0 0.0020865180995315313
10700.0 0.0
10710.0 0.0
10720.0 0.0
10730.0 0.0
10740.0 0.0
10750.0 0.0
