decam/transmission_system/n17/y_decam_c0005_10095.0_1130.0/2012-09-12T00:00:00.ecsv
# %ECSV 1.0
# ---
# datatype:
# - {name: wavelength, unit: Angstrom, datatype: float64}
# - {name: throughput, datatype: float64}
# meta: !!omap
# - {MODE: DETECTOR}
# - {TYPE: transmission_system}
# - {CALIBDATE: '2012-09-12T00:00:00'}
# - {INSTRUME: DECam}
# - {OBSTYPE: transmission_system}
# - {CALIBCLS: lsst.ip.isr.IntermediateSystemTransmissionCurve}
# - {DETECTOR: 48}
# - {DETECTOR_NAME: N17}
# - {SOURCE: Y_band_per_detector_throughput.fits}
# - {FILTER: Y DECam c0005 10095.0 1130.0}
# - {CALIB_CREATION_DATE: '2012-09-12'}
# - {CALIB_CREATION_TIME: '00:00:00'}
# schema: astropy-2.0
wavelength throughput
9250.0 0.0
9260.0 0.0
9270.0 0.0
9280.0 0.0
9290.0 0.0
9300.0 0.0
9310.0 0.006199216935783625
9320.0 0.007011703681200743
9330.0 0.007824189960956573
9340.0 0.008993062190711498
9350.0 0.010161933489143848
9360.0 0.01161266677081585
9370.0 0.01306340005248785
9380.0 0.01533434633165598
9390.0 0.017605293542146683
9400.0 0.02141445502638817
9410.0 0.025223610922694206
9420.0 0.03269515186548233
9430.0 0.0401666983962059
9440.0 0.05741625279188156
9450.0 0.07466580718755722
9460.0 0.07474889606237411
9470.0 0.15513376891613007
9480.0 0.15541306138038635
9490.0 0.32064464688301086
9500.0 0.32231202721595764
9510.0 0.5611290335655212
9520.0 0.6639584302902222
9530.0 0.7667878270149231
9540.0 0.8097209930419922
9550.0 0.8526540398597717
9560.0 0.8619740605354309
9570.0 0.8712940812110901
9580.0 0.8705270886421204
9590.0 0.8697600960731506
9600.0 0.8669547438621521
9610.0 0.8641493916511536
9620.0 0.8605732917785645
9630.0 0.8569971919059753
9640.0 0.8548130989074707
9650.0 0.8526289463043213
9660.0 0.8500686883926392
9670.0 0.847508430480957
9680.0 0.8446513414382935
9690.0 0.8417942523956299
9700.0 0.8391640186309814
9710.0 0.8365339040756226
9720.0 0.8277801275253296
9730.0 0.8190264105796814
9740.0 0.8128974437713623
9750.0 0.8067684769630432
9760.0 0.8003454208374023
9770.0 0.7939224243164062
9780.0 0.7865687012672424
9790.0 0.7792150378227234
9800.0 0.7725419998168945
9810.0 0.7658689618110657
9820.0 0.7594105005264282
9830.0 0.7529520392417908
9840.0 0.7452802062034607
9850.0 0.7376083731651306
9860.0 0.7304927706718445
9870.0 0.7233772277832031
9880.0 0.713699996471405
9890.0 0.7040228843688965
9900.0 0.6950330138206482
9910.0 0.6860431432723999
9920.0 0.67585688829422
9930.0 0.6656706929206848
9940.0 0.6571933627128601
9950.0 0.6487160325050354
9960.0 0.6385849118232727
9970.0 0.6284538507461548
9980.0 0.6187382936477661
9990.0 0.6090227365493774
10000.0 0.598315417766571
10010.0 0.5876081585884094
10020.0 0.5763229131698608
10030.0 0.565037727355957
10040.0 0.5532017946243286
10050.0 0.5413658618927002
10060.0 0.5302983522415161
10070.0 0.5192307829856873
10080.0 0.5070282220840454
10090.0 0.49482566118240356
10100.0 0.4819912612438202
10110.0 0.46915683150291443
10120.0 0.45799845457077026
10130.0 0.4468400478363037
10140.0 0.4346274435520172
10150.0 0.4224148392677307
10160.0 0.4109136164188385
10170.0 0.3994124233722687
10180.0 0.387081116437912
10190.0 0.3747497498989105
10200.0 0.36325550079345703
10210.0 0.35176125168800354
10220.0 0.3401390314102173
10230.0 0.32851675152778625
10240.0 0.31689584255218506
10250.0 0.3052749037742615
10260.0 0.29440322518348694
10270.0 0.2835315763950348
10280.0 0.27378055453300476
10290.0 0.26402950286865234
10300.0 0.2533486485481262
10310.0 0.2426677793264389
10320.0 0.232191801071167
10330.0 0.22171583771705627
10340.0 0.20994259417057037
10350.0 0.19816936552524567
10360.0 0.1855572760105133
10370.0 0.17294518649578094
10380.0 0.1656942218542099
10390.0 0.15844325721263885
10400.0 0.15392784774303436
10410.0 0.14941245317459106
10420.0 0.14535288512706757
10430.0 0.14129331707954407
10440.0 0.1372426301240921
10450.0 0.13319197297096252
10460.0 0.12934580445289612
10470.0 0.1254996508359909
10480.0 0.12209884077310562
10490.0 0.11869802325963974
10500.0 0.1148865669965744
10510.0 0.11107509583234787
10520.0 0.10844418406486511
10530.0 0.10581325739622116
10540.0 0.10412347316741943
10550.0 0.10243368148803711
10560.0 0.10179436951875687
10570.0 0.10115505009889603
10580.0 0.1005508229136467
10590.0 0.09994659572839737
10600.0 0.09715680778026581
10610.0 0.09436702728271484
10620.0 0.08573900908231735
10630.0 0.07711098343133926
10640.0 0.06360836327075958
10650.0 0.050105758011341095
10660.0 0.03746214509010315
10670.0 0.024818530306220055
10680.0 0.017425620928406715
10690.0 0.01003271248191595
10700.0 0.0
10710.0 0.0
10720.0 0.0
10730.0 0.0
10740.0 0.0
10750.0 0.0
