decam/transmission_system/n26/r_decam_sdss_c0002_6415.0_1480.0/2012-09-12T00:00:00.ecsv
# %ECSV 1.0
# ---
# datatype:
# - {name: wavelength, unit: Angstrom, datatype: float64}
# - {name: throughput, datatype: float64}
# meta: !!omap
# - {MODE: DETECTOR}
# - {TYPE: transmission_system}
# - {CALIBDATE: '2012-09-12T00:00:00'}
# - {INSTRUME: DECam}
# - {OBSTYPE: transmission_system}
# - {CALIBCLS: lsst.ip.isr.IntermediateSystemTransmissionCurve}
# - {DETECTOR: 57}
# - {DETECTOR_NAME: N26}
# - {SOURCE: r_band_per_detector_throughput.fits}
# - {FILTER: r DECam SDSS c0002 6415.0 1480.0}
# - {CALIB_CREATION_DATE: '2012-09-12'}
# - {CALIB_CREATION_TIME: '00:00:00'}
# schema: astropy-2.0
wavelength throughput
5350.0 0.0
5360.0 0.0
5370.0 0.0
5380.0 0.0
5390.0 0.0
5400.0 0.0
5410.0 0.0031695154029875994
5420.0 0.003525027772411704
5430.0 0.004038445185869932
5440.0 0.004551873076707125
5450.0 0.00516263023018837
5460.0 0.00577338645234704
5470.0 0.006403906736522913
5480.0 0.007034426089376211
5490.0 0.007940524257719517
5500.0 0.008846611715853214
5510.0 0.00985256303101778
5520.0 0.010858522728085518
5530.0 0.01207750290632248
5540.0 0.01329648308455944
5550.0 0.014943908900022507
5560.0 0.016591345891356468
5570.0 0.01881260983645916
5580.0 0.021033884957432747
5590.0 0.02454172447323799
5600.0 0.02804955467581749
5610.0 0.0359664224088192
5620.0 0.04388327896595001
5630.0 0.07090746611356735
5640.0 0.0979316383600235
5650.0 0.1868661642074585
5660.0 0.2758007049560547
5670.0 0.4411061704158783
5680.0 0.6064115762710571
5690.0 0.6973106861114502
5700.0 0.7882097363471985
5710.0 0.799552321434021
5720.0 0.8108949065208435
5730.0 0.8156688213348389
5740.0 0.820442795753479
5750.0 0.8261516690254211
5760.0 0.8318606019020081
5770.0 0.8344948291778564
5780.0 0.8371289968490601
5790.0 0.8393693566322327
5800.0 0.8416097164154053
5810.0 0.8469414710998535
5820.0 0.852273166179657
5830.0 0.8539625406265259
5840.0 0.85565185546875
5850.0 0.8546634316444397
5860.0 0.8536750674247742
5870.0 0.8506540060043335
5880.0 0.8476330041885376
5890.0 0.8478682041168213
5900.0 0.848103404045105
5910.0 0.8524092435836792
5920.0 0.8567151427268982
5930.0 0.8583275675773621
5940.0 0.8599399924278259
5950.0 0.858982503414154
5960.0 0.858025074005127
5970.0 0.859075665473938
5980.0 0.8601263165473938
5990.0 0.8623132705688477
6000.0 0.8645002841949463
6010.0 0.8669975399971008
6020.0 0.8694947957992554
6030.0 0.868417501449585
6040.0 0.8749060034751892
6050.0 0.8758529424667358
6060.0 0.8767998814582825
6070.0 0.8754040598869324
6080.0 0.8740082383155823
6090.0 0.8748847246170044
6100.0 0.8757612705230713
6110.0 0.8793812394142151
6120.0 0.8830012083053589
6130.0 0.8854517936706543
6140.0 0.8879022598266602
6150.0 0.8893125057220459
6160.0 0.8907227516174316
6170.0 0.8926392197608948
6180.0 0.8945557475090027
6190.0 0.8942235708236694
6200.0 0.8938913345336914
6210.0 0.8944703340530396
6220.0 0.8950493931770325
6230.0 0.8958597779273987
6240.0 0.8966701030731201
6250.0 0.8963897824287415
6260.0 0.8961095213890076
6270.0 0.8979477882385254
6280.0 0.8997860550880432
6290.0 0.9026525020599365
6300.0 0.9055189490318298
6310.0 0.9052643179893494
6320.0 0.9050097465515137
6330.0 0.9052281975746155
6340.0 0.9054466485977173
6350.0 0.9080402851104736
6360.0 0.91063392162323
6370.0 0.912255048751831
6380.0 0.9138762950897217
6390.0 0.9140368103981018
6400.0 0.9141973853111267
6410.0 0.9149175882339478
6420.0 0.915637731552124
6430.0 0.9151608943939209
6440.0 0.914683997631073
6450.0 0.9145610928535461
6460.0 0.9144380688667297
6470.0 0.9154872298240662
6480.0 0.9165363907814026
6490.0 0.916412889957428
6500.0 0.9162893295288086
6510.0 0.9161927103996277
6520.0 0.9160960912704468
6530.0 0.9185675978660583
6540.0 0.9210392236709595
6550.0 0.9234365224838257
6560.0 0.9258338809013367
6570.0 0.926676869392395
6580.0 0.9275197386741638
6590.0 0.9280605912208557
6600.0 0.9286013245582581
6610.0 0.9277889728546143
6620.0 0.9269766211509705
6630.0 0.9250699281692505
6640.0 0.9231632947921753
6650.0 0.9236718416213989
6660.0 0.9241803884506226
6670.0 0.9270057678222656
6680.0 0.9298311471939087
6690.0 0.9319058060646057
6700.0 0.9339804649353027
6710.0 0.9344705939292908
6720.0 0.9349607229232788
6730.0 0.9345372319221497
6740.0 0.9341136813163757
6750.0 0.9329272508621216
6760.0 0.9317408800125122
6770.0 0.9316323399543762
6780.0 0.9315236806869507
6790.0 0.9327777028083801
6800.0 0.9340316653251648
6810.0 0.9343960285186768
6820.0 0.9347604513168335
6830.0 0.9350058436393738
6840.0 0.9352513551712036
6850.0 0.9353805780410767
6860.0 0.9355098009109497
6870.0 0.9350897669792175
6880.0 0.9346697330474854
6890.0 0.9342010021209717
6900.0 0.9337322115898132
6910.0 0.9322301745414734
6920.0 0.930728018283844
6930.0 0.9302332401275635
6940.0 0.929738461971283
6950.0 0.9290764331817627
6960.0 0.9284143447875977
6970.0 0.9276915788650513
6980.0 0.9269688129425049
6990.0 0.9281916618347168
7000.0 0.9294145107269287
7010.0 0.9297287464141846
7020.0 0.9300430417060852
7030.0 0.9260005354881287
7040.0 0.9219579696655273
7050.0 0.9177507758140564
7060.0 0.9135435819625854
7070.0 0.8998641967773438
7080.0 0.8861847519874573
7090.0 0.8681027293205261
7100.0 0.850020706653595
7110.0 0.8453812003135681
7120.0 0.8407416939735413
7130.0 0.7483733892440796
7140.0 0.6560050249099731
7150.0 0.46949833631515503
7160.0 0.28299158811569214
7170.0 0.1827763020992279
7180.0 0.08256101608276367
7190.0 0.053675148636102676
7200.0 0.02478928491473198
7210.0 0.01616803929209709
7220.0 0.007546804845333099
7230.0 0.006049151998013258
7240.0 0.004551499150693417
7250.0 0.0033130061347037554
7260.0 0.002074502408504486
7270.0 0.001593995257280767
7280.0 0.0011134776286780834
7290.0 0.000890042691025883
7300.0 0.0006666077533736825
7310.0 0.0005824367399327457
7320.0 0.000498265668284148
7330.0 0.00044879113556817174
7340.0 0.00039931663195602596
7350.0 0.0
7360.0 0.0
7370.0 0.0
7380.0 0.0
7390.0 0.0
7400.0 0.0
