decam/transmission_system/s29/r_decam_sdss_c0002_6415.0_1480.0/2012-09-12T00:00:00.ecsv
# %ECSV 1.0
# ---
# datatype:
# - {name: wavelength, unit: Angstrom, datatype: float64}
# - {name: throughput, datatype: float64}
# meta: !!omap
# - {MODE: DETECTOR}
# - {TYPE: transmission_system}
# - {CALIBDATE: '2012-09-12T00:00:00'}
# - {INSTRUME: DECam}
# - {OBSTYPE: transmission_system}
# - {CALIBCLS: lsst.ip.isr.IntermediateSystemTransmissionCurve}
# - {DETECTOR: 1}
# - {DETECTOR_NAME: S29}
# - {SOURCE: r_band_per_detector_throughput.fits}
# - {FILTER: r DECam SDSS c0002 6415.0 1480.0}
# - {CALIB_CREATION_DATE: '2012-09-12'}
# - {CALIB_CREATION_TIME: '00:00:00'}
# schema: astropy-2.0
wavelength throughput
5350.0 0.0
5360.0 0.0
5370.0 0.0
5380.0 0.0
5390.0 0.0
5400.0 0.0
5410.0 0.003995939157903194
5420.0 0.004461138509213924
5430.0 0.005107142496854067
5440.0 0.005753135774284601
5450.0 0.0065392241813242435
5460.0 0.007325322367250919
5470.0 0.008077222853899002
5480.0 0.008829123340547085
5490.0 0.009840214625000954
5500.0 0.010851316154003143
5510.0 0.011982333846390247
5520.0 0.013113352470099926
5530.0 0.01444828137755394
5540.0 0.015783211216330528
5550.0 0.017483331263065338
5560.0 0.019183462485671043
5570.0 0.021256085485219955
5580.0 0.023328706622123718
5590.0 0.026433097198605537
5600.0 0.02953747846186161
5610.0 0.03680913895368576
5620.0 0.04408080130815506
5630.0 0.07043398916721344
5640.0 0.09678716957569122
5650.0 0.1900186389684677
5660.0 0.2832501232624054
5670.0 0.45254427194595337
5680.0 0.621838390827179
5690.0 0.7100676894187927
5700.0 0.7982969284057617
5710.0 0.8104248046875
5720.0 0.8225525617599487
5730.0 0.8260537385940552
5740.0 0.8295548558235168
5750.0 0.8311365246772766
5760.0 0.8327181935310364
5770.0 0.833478569984436
5780.0 0.8342389464378357
5790.0 0.8347912430763245
5800.0 0.8353435397148132
5810.0 0.8396174311637878
5820.0 0.8438913822174072
5830.0 0.8466177582740784
5840.0 0.8493440747261047
5850.0 0.8486405611038208
5860.0 0.8479369878768921
5870.0 0.8458688855171204
5880.0 0.8438007831573486
5890.0 0.8443579077720642
5900.0 0.8449151515960693
5910.0 0.8490096926689148
5920.0 0.8531042337417603
5930.0 0.8563755750656128
5940.0 0.8596468567848206
5950.0 0.8603187203407288
5960.0 0.8609904646873474
5970.0 0.8618456721305847
5980.0 0.8627009391784668
5990.0 0.8643248081207275
6000.0 0.8659486770629883
6010.0 0.8682471513748169
6020.0 0.8705456256866455
6030.0 0.8698205947875977
6040.0 0.8736163973808289
6050.0 0.8736525774002075
6060.0 0.8736886978149414
6070.0 0.8733376264572144
6080.0 0.8729864954948425
6090.0 0.8738658428192139
6100.0 0.8747451305389404
6110.0 0.8776188492774963
6120.0 0.8804925680160522
6130.0 0.8837814331054688
6140.0 0.8870702981948853
6150.0 0.8890116214752197
6160.0 0.8909529447555542
6170.0 0.8920636773109436
6180.0 0.8931744694709778
6190.0 0.8931806087493896
6200.0 0.8931866884231567
6210.0 0.8936946392059326
6220.0 0.8942025303840637
6230.0 0.894538164138794
6240.0 0.8948737978935242
6250.0 0.8959505558013916
6260.0 0.897027313709259
6270.0 0.8985897898674011
6280.0 0.900152325630188
6290.0 0.9015167951583862
6300.0 0.9028813242912292
6310.0 0.9040785431861877
6320.0 0.905275821685791
6330.0 0.9061205387115479
6340.0 0.9069651961326599
6350.0 0.9083225131034851
6360.0 0.9096797704696655
6370.0 0.9114521741867065
6380.0 0.9132245182991028
6390.0 0.9134681820869446
6400.0 0.9137117266654968
6410.0 0.9141359925270081
6420.0 0.9145602583885193
6430.0 0.9149088263511658
6440.0 0.9152573943138123
6450.0 0.9153536558151245
6460.0 0.915449857711792
6470.0 0.9157877564430237
6480.0 0.9161256551742554
6490.0 0.9166932702064514
6500.0 0.9172608852386475
6510.0 0.9180678129196167
6520.0 0.9188747406005859
6530.0 0.9203900694847107
6540.0 0.9219052791595459
6550.0 0.9237982630729675
6560.0 0.9256912469863892
6570.0 0.9266610145568848
6580.0 0.9276307821273804
6590.0 0.9275413155555725
6600.0 0.9274517893791199
6610.0 0.9272037744522095
6620.0 0.9269556999206543
6630.0 0.9260987639427185
6640.0 0.9252418279647827
6650.0 0.9255444407463074
6660.0 0.925847053527832
6670.0 0.9277942776679993
6680.0 0.9297414422035217
6690.0 0.9315583109855652
6700.0 0.9333751797676086
6710.0 0.9342705011367798
6720.0 0.9351657629013062
6730.0 0.9346163868904114
6740.0 0.9340670704841614
6750.0 0.9332807064056396
6760.0 0.9324943423271179
6770.0 0.9327320456504822
6780.0 0.9329696893692017
6790.0 0.9337816834449768
6800.0 0.934593677520752
6810.0 0.9350557923316956
6820.0 0.9355179667472839
6830.0 0.9359554052352905
6840.0 0.9363928437232971
6850.0 0.9365859031677246
6860.0 0.9367790222167969
6870.0 0.9363393187522888
6880.0 0.935899555683136
6890.0 0.9355466365814209
6900.0 0.9351935982704163
6910.0 0.9345185160636902
6920.0 0.9338434338569641
6930.0 0.9331847429275513
6940.0 0.9325260519981384
6950.0 0.9320512413978577
6960.0 0.9315764904022217
6970.0 0.9318312406539917
6980.0 0.9320859909057617
6990.0 0.9320297241210938
7000.0 0.931973397731781
7010.0 0.9316470623016357
7020.0 0.9313207864761353
7030.0 0.9278151988983154
7040.0 0.9243096113204956
7050.0 0.9162915349006653
7060.0 0.908273458480835
7070.0 0.8963625431060791
7080.0 0.884451687335968
7090.0 0.8727805614471436
7100.0 0.8611094355583191
7110.0 0.822960615158081
7120.0 0.784811794757843
7130.0 0.68278968334198
7140.0 0.5807675719261169
7150.0 0.4247910976409912
7160.0 0.2688146233558655
7170.0 0.17265482246875763
7180.0 0.07649502158164978
7190.0 0.04992715269327164
7200.0 0.02335929125547409
7210.0 0.01540705282241106
7220.0 0.007454803679138422
7230.0 0.005929775536060333
7240.0 0.004404737614095211
7250.0 0.0031816037371754646
7260.0 0.0019584803376346827
7270.0 0.0014866238925606012
7280.0 0.0010147779248654842
7290.0 0.0008312216377817094
7300.0 0.0006476550479419529
7310.0 0.0005700577166862786
7320.0 0.0004924708046019077
7330.0 0.0004425704828463495
7340.0 0.0003926805511582643
7350.0 0.0
7360.0 0.0
7370.0 0.0
7380.0 0.0
7390.0 0.0
7400.0 0.0
