decam/transmission_system/n23/i_decam_sdss_c0003_7835.0_1470.0/2012-09-12T00:00:00.ecsv
# %ECSV 1.0
# ---
# datatype:
# - {name: wavelength, unit: Angstrom, datatype: float64}
# - {name: throughput, datatype: float64}
# meta: !!omap
# - {MODE: DETECTOR}
# - {TYPE: transmission_system}
# - {CALIBDATE: '2012-09-12T00:00:00'}
# - {INSTRUME: DECam}
# - {OBSTYPE: transmission_system}
# - {CALIBCLS: lsst.ip.isr.IntermediateSystemTransmissionCurve}
# - {DETECTOR: 54}
# - {DETECTOR_NAME: N23}
# - {SOURCE: i_band_per_detector_throughput.fits}
# - {FILTER: i DECam SDSS c0003 7835.0 1470.0}
# - {CALIB_CREATION_DATE: '2012-09-12'}
# - {CALIB_CREATION_TIME: '00:00:00'}
# schema: astropy-2.0
wavelength throughput
6700.0 0.0
6710.0 0.0
6720.0 0.0
6730.0 0.0
6740.0 0.0
6750.0 0.0
6760.0 0.0007918725605122745
6770.0 0.0009098366717807949
6780.0 0.001027811085805297
6790.0 0.0011473848717287183
6800.0 0.0012669586576521397
6810.0 0.0014124432345852256
6820.0 0.001557917450554669
6830.0 0.001761163817718625
6840.0 0.0019643998239189386
6850.0 0.0022577159106731415
6860.0 0.0025510424748063087
6870.0 0.002932372037321329
6880.0 0.0033137015998363495
6890.0 0.003814501455053687
6900.0 0.004315290600061417
6910.0 0.005019731353968382
6920.0 0.005724161863327026
6930.0 0.007024300750344992
6940.0 0.008324429392814636
6950.0 0.010937646962702274
6960.0 0.013550854288041592
6970.0 0.019648276269435883
6980.0 0.025745688006281853
6990.0 0.0400080680847168
7000.0 0.0542704313993454
7010.0 0.08382325619459152
7020.0 0.11337610334157944
7030.0 0.16461347043514252
7040.0 0.2158508151769638
7050.0 0.2908554673194885
7060.0 0.36586013436317444
7070.0 0.4550861716270447
7080.0 0.5443122982978821
7090.0 0.6282231211662292
7100.0 0.7121340036392212
7110.0 0.7771298289299011
7120.0 0.8421255946159363
7130.0 0.883635401725769
7140.0 0.9251452684402466
7150.0 0.9458687901496887
7160.0 0.9665923714637756
7170.0 0.975776195526123
7180.0 0.9849600195884705
7190.0 0.9866044521331787
7200.0 0.988248884677887
7210.0 0.988326907157898
7220.0 0.9884050488471985
7230.0 0.9898067116737366
7240.0 0.9912083148956299
7250.0 0.9947050213813782
7260.0 0.9982017278671265
7270.0 1.002576470375061
7280.0 1.0069512128829956
7290.0 1.009008526802063
7300.0 1.0110657215118408
7310.0 1.0100817680358887
7320.0 1.009097933769226
7330.0 1.005921483039856
7340.0 1.0027451515197754
7350.0 1.000579595565796
7360.0 0.9984139800071716
7370.0 0.9991928339004517
7380.0 0.9999716877937317
7390.0 1.0037058591842651
7400.0 1.0074398517608643
7410.0 1.0103839635849
7420.0 1.013328194618225
7430.0 1.014327049255371
7440.0 1.015325903892517
7450.0 1.0142709016799927
7460.0 1.0132158994674683
7470.0 1.0116525888442993
7480.0 1.0100891590118408
7490.0 1.0100290775299072
7500.0 1.0099687576293945
7510.0 1.0105946063995361
7520.0 1.0112204551696777
7530.0 1.0121238231658936
7540.0 1.0130270719528198
7550.0 1.0119603872299194
7560.0 1.0108935832977295
7570.0 1.0084141492843628
7580.0 1.005934715270996
7590.0 0.99610835313797
7600.0 0.9862819910049438
7610.0 0.9878040552139282
7620.0 0.9893261194229126
7630.0 0.9906489849090576
7640.0 0.9919718503952026
7650.0 0.9957486987113953
7660.0 0.9995256662368774
7670.0 1.001224160194397
7680.0 1.002922773361206
7690.0 1.0025501251220703
7700.0 1.0021774768829346
7710.0 1.002158522605896
7720.0 1.002139687538147
7730.0 1.0025877952575684
7740.0 1.0030359029769897
7750.0 1.006137490272522
7760.0 1.0092390775680542
7770.0 1.0108718872070312
7780.0 1.0125048160552979
7790.0 1.0130454301834106
7800.0 1.0135859251022339
7810.0 1.012425422668457
7820.0 1.0112648010253906
7830.0 1.0096595287322998
7840.0 1.008054256439209
7850.0 1.0078563690185547
7860.0 1.0076583623886108
7870.0 1.0077372789382935
7880.0 1.007816195487976
7890.0 1.0059912204742432
7900.0 1.0041661262512207
7910.0 1.000501036643982
7920.0 0.9968359470367432
7930.0 0.9920139908790588
7940.0 0.9871920347213745
7950.0 0.9815860390663147
7960.0 0.9759799242019653
7970.0 0.9733201861381531
7980.0 0.9706603288650513
7990.0 0.9735119938850403
8000.0 0.9763636589050293
8010.0 0.9803748726844788
8020.0 0.984386146068573
8030.0 0.9873831868171692
8040.0 0.9903802871704102
8050.0 0.9911721348762512
8060.0 0.9919640421867371
8070.0 0.9930443167686462
8080.0 0.9941245913505554
8090.0 0.9904004335403442
8100.0 0.9866762757301331
8110.0 0.9762912392616272
8120.0 0.9817976355552673
8130.0 0.9806692600250244
8140.0 0.9795409440994263
8150.0 0.9805760383605957
8160.0 0.9816111922264099
8170.0 0.9884237051010132
8180.0 0.9878613352775574
8190.0 0.9834470748901367
8200.0 0.9801446795463562
8210.0 0.9768422842025757
8220.0 0.9723032116889954
8230.0 0.967764139175415
8240.0 0.9657357335090637
8250.0 0.9637073278427124
8260.0 0.9647078514099121
8270.0 0.965708315372467
8280.0 0.9695203900337219
8290.0 0.973332405090332
8300.0 0.9771444797515869
8310.0 0.9903959035873413
8320.0 0.9934579730033875
8330.0 0.9965201020240784
8340.0 0.9995821714401245
8350.0 0.9980303049087524
8360.0 0.9950307011604309
8370.0 0.9920310974121094
8380.0 0.9890314340591431
8390.0 0.9858144521713257
8400.0 0.9810479879379272
8410.0 0.9805944561958313
8420.0 0.9801409244537354
8430.0 0.9789364337921143
8440.0 0.9849030375480652
8450.0 0.983899712562561
8460.0 0.9828963279724121
8470.0 0.9887041449546814
8480.0 0.9945119619369507
8490.0 0.9977136254310608
8500.0 1.000915288925171
8510.0 0.9886864423751831
8520.0 0.9764576554298401
8530.0 0.9211664199829102
8540.0 0.8658751249313354
8550.0 0.7435158491134644
8560.0 0.6211565136909485
8570.0 0.3450048267841339
8580.0 0.34364715218544006
8590.0 0.14431561529636383
8600.0 0.14216597378253937
8610.0 0.05241680145263672
8620.0 0.05136188492178917
8630.0 0.018760664388537407
8640.0 0.01894560270011425
8650.0 0.007631816901266575
8660.0 0.007245399057865143
8670.0 0.0033625843934714794
8680.0 0.002743426011875272
8690.0 0.002124267863109708
8700.0 0.0
8710.0 0.0
8720.0 0.0
8730.0 0.0
8740.0 0.0
8750.0 0.0
