decam/transmission_system/n8/g_decam_sdss_c0001_4720.0_1520.0/2012-09-12T00:00:00.ecsv
# %ECSV 1.0
# ---
# datatype:
# - {name: wavelength, unit: Angstrom, datatype: float64}
# - {name: throughput, datatype: float64}
# meta: !!omap
# - {MODE: DETECTOR}
# - {TYPE: transmission_system}
# - {CALIBDATE: '2012-09-12T00:00:00'}
# - {INSTRUME: DECam}
# - {OBSTYPE: transmission_system}
# - {CALIBCLS: lsst.ip.isr.IntermediateSystemTransmissionCurve}
# - {DETECTOR: 39}
# - {DETECTOR_NAME: N8}
# - {SOURCE: g_band_per_detector_throughput.fits}
# - {FILTER: g DECam SDSS c0001 4720.0 1520.0}
# - {CALIB_CREATION_DATE: '2012-09-12'}
# - {CALIB_CREATION_TIME: '00:00:00'}
# schema: astropy-2.0
wavelength throughput
3750.0 0.0
3760.0 0.0
3770.0 0.0
3780.0 0.0
3790.0 0.0
3800.0 0.0
3810.0 0.0008319589542225003
3820.0 0.0010597141226753592
3830.0 0.0009752522455528378
3840.0 0.0013749428326264024
3850.0 0.0015591117553412914
3860.0 0.0017432807944715023
3870.0 0.002099956152960658
3880.0 0.002456642221659422
3890.0 0.003097193781286478
3900.0 0.003737745340913534
3910.0 0.003715417580679059
3920.0 0.006570919416844845
3930.0 0.012371867895126343
3940.0 0.018172817304730415
3950.0 0.018559182062745094
3960.0 0.1015172079205513
3970.0 0.2045542150735855
3980.0 0.3075912296772003
3990.0 0.3049951195716858
4000.0 0.3523270785808563
4010.0 0.36965468525886536
4020.0 0.386982262134552
4030.0 0.3911946713924408
4040.0 0.4001573622226715
4050.0 0.40029630064964294
4060.0 0.4094215929508209
4070.0 0.41326600313186646
4080.0 0.42470717430114746
4090.0 0.42510104179382324
4100.0 0.43188682198524475
4110.0 0.43574535846710205
4120.0 0.43960386514663696
4130.0 0.44254717230796814
4140.0 0.4487626850605011
4150.0 0.4514017701148987
4160.0 0.464740514755249
4170.0 0.4721905589103699
4180.0 0.47964054346084595
4190.0 0.4807305335998535
4200.0 0.481666624546051
4210.0 0.4826902449131012
4220.0 0.4888991415500641
4230.0 0.4892920255661011
4240.0 0.5045828819274902
4250.0 0.5092413425445557
4260.0 0.5138998031616211
4270.0 0.5170180201530457
4280.0 0.5288634300231934
4290.0 0.528306782245636
4300.0 0.5398486852645874
4310.0 0.54361891746521
4320.0 0.5473891496658325
4330.0 0.5524346232414246
4340.0 0.5574801564216614
4350.0 0.5632692575454712
4360.0 0.5690582990646362
4370.0 0.5741487145423889
4380.0 0.579239010810852
4390.0 0.5862554311752319
4400.0 0.5932719111442566
4410.0 0.5977049469947815
4420.0 0.6021380424499512
4430.0 0.6053817272186279
4440.0 0.6086254119873047
4450.0 0.6117238998413086
4460.0 0.6148223876953125
4470.0 0.6174064874649048
4480.0 0.6199906468391418
4490.0 0.6234542727470398
4500.0 0.626917839050293
4510.0 0.6299712657928467
4520.0 0.6330245733261108
4530.0 0.6375715136528015
4540.0 0.6421184539794922
4550.0 0.6440444588661194
4560.0 0.6459704637527466
4570.0 0.6465943455696106
4580.0 0.6472182869911194
4590.0 0.6513959765434265
4600.0 0.6555736660957336
4610.0 0.6596875190734863
4620.0 0.6638014912605286
4630.0 0.6668455004692078
4640.0 0.6698895692825317
4650.0 0.6721343398094177
4660.0 0.6743791103363037
4670.0 0.6737726330757141
4680.0 0.6731661558151245
4690.0 0.6736259460449219
4700.0 0.6740857362747192
4710.0 0.6770769357681274
4720.0 0.6800680756568909
4730.0 0.6843808889389038
4740.0 0.6886937022209167
4750.0 0.6930539011955261
4760.0 0.6974141001701355
4770.0 0.6984441876411438
4780.0 0.6994742751121521
4790.0 0.6997561454772949
4800.0 0.7000380158424377
4810.0 0.7026543617248535
4820.0 0.7052706480026245
4830.0 0.7063431143760681
4840.0 0.7074155211448669
4850.0 0.7065945267677307
4860.0 0.7057735323905945
4870.0 0.7087149620056152
4880.0 0.7116563320159912
4890.0 0.7157846689224243
4900.0 0.7199130654335022
4910.0 0.7214899659156799
4920.0 0.7230668663978577
4930.0 0.7213829755783081
4940.0 0.7196990251541138
4950.0 0.7198563814163208
4960.0 0.7200137376785278
4970.0 0.7258658409118652
4980.0 0.7317178249359131
4990.0 0.7348052859306335
5000.0 0.737892746925354
5010.0 0.7404876351356506
5020.0 0.7430825233459473
5030.0 0.7443555593490601
5040.0 0.7456286549568176
5050.0 0.7472251057624817
5060.0 0.7488216161727905
5070.0 0.7516241073608398
5080.0 0.7544265389442444
5090.0 0.7563685774803162
5100.0 0.7583107352256775
5110.0 0.7568814158439636
5120.0 0.7554521560668945
5130.0 0.7558850049972534
5140.0 0.7563177943229675
5150.0 0.7600767016410828
5160.0 0.7638356685638428
5170.0 0.7657617926597595
5180.0 0.767687976360321
5190.0 0.7699333429336548
5200.0 0.7721787095069885
5210.0 0.7762730121612549
5220.0 0.7803673148155212
5230.0 0.7841856479644775
5240.0 0.7880040407180786
5250.0 0.7900984883308411
5260.0 0.7921929955482483
5270.0 0.7923731803894043
5280.0 0.7925533056259155
5290.0 0.7934319972991943
5300.0 0.7943107485771179
5310.0 0.7970566153526306
5320.0 0.7998025417327881
5330.0 0.8018853068351746
5340.0 0.8039681911468506
5350.0 0.8065662980079651
5360.0 0.8091644048690796
5370.0 0.8075201511383057
5380.0 0.8058758974075317
5390.0 0.8002952337265015
5400.0 0.7947145104408264
5410.0 0.7944512963294983
5420.0 0.7941880226135254
5430.0 0.7971732020378113
5440.0 0.8001583814620972
5450.0 0.7379394769668579
5460.0 0.6757205128669739
5470.0 0.48228195309638977
5480.0 0.2888433635234833
5490.0 0.17136643826961517
5500.0 0.05388952046632767
5510.0 0.03290700912475586
5520.0 0.01192448940128088
5530.0 0.007403511554002762
5540.0 0.002882534172385931
5550.0 0.0019937376491725445
5560.0 0.001104941125959158
5570.0 0.0008765628444962204
5580.0 0.0006481742602773011
5590.0 0.0005653740372508764
5600.0 0.0004825737851206213
5610.0 0.00043462589383125305
5620.0 0.0003866780025418848
5630.0 0.00034829473588615656
5640.0 0.0003099114983342588
5650.0 0.0
5660.0 0.0
5670.0 0.0
5680.0 0.0
5690.0 0.0
5700.0 0.0
