decam/transmission_system/s12/y_decam_c0005_10095.0_1130.0/2012-09-12T00:00:00.ecsv
# %ECSV 1.0
# ---
# datatype:
# - {name: wavelength, unit: Angstrom, datatype: float64}
# - {name: throughput, datatype: float64}
# meta: !!omap
# - {MODE: DETECTOR}
# - {TYPE: transmission_system}
# - {CALIBDATE: '2012-09-12T00:00:00'}
# - {INSTRUME: DECam}
# - {OBSTYPE: transmission_system}
# - {CALIBCLS: lsst.ip.isr.IntermediateSystemTransmissionCurve}
# - {DETECTOR: 23}
# - {DETECTOR_NAME: S12}
# - {SOURCE: Y_band_per_detector_throughput.fits}
# - {FILTER: Y DECam c0005 10095.0 1130.0}
# - {CALIB_CREATION_DATE: '2012-09-12'}
# - {CALIB_CREATION_TIME: '00:00:00'}
# schema: astropy-2.0
wavelength throughput
9250.0 0.0
9260.0 0.0
9270.0 0.0
9280.0 0.0
9290.0 0.0
9300.0 0.0
9310.0 0.005816204473376274
9320.0 0.006684459280222654
9330.0 0.007552714087069035
9340.0 0.008614079095423222
9350.0 0.009675433859229088
9360.0 0.011008773930370808
9370.0 0.012342104688286781
9380.0 0.014493518508970737
9390.0 0.016644932329654694
9400.0 0.02049671672284603
9410.0 0.02434850111603737
9420.0 0.03212365135550499
9430.0 0.039898794144392014
9440.0 0.058013662695884705
9450.0 0.0761285275220871
9460.0 0.07734932750463486
9470.0 0.1588016152381897
9480.0 0.16317564249038696
9490.0 0.3132050037384033
9500.0 0.3215119242668152
9510.0 0.5370187759399414
9520.0 0.6376907825469971
9530.0 0.738362729549408
9540.0 0.784834623336792
9550.0 0.8313064575195312
9560.0 0.8400968313217163
9570.0 0.8488871455192566
9580.0 0.8473086953163147
9590.0 0.845730185508728
9600.0 0.8434802889823914
9610.0 0.8412304520606995
9620.0 0.8386681079864502
9630.0 0.8361058235168457
9640.0 0.8345136046409607
9650.0 0.8329214453697205
9660.0 0.831283450126648
9670.0 0.8296455144882202
9680.0 0.8263586163520813
9690.0 0.8230717182159424
9700.0 0.8210508227348328
9710.0 0.8190299272537231
9720.0 0.8105792999267578
9730.0 0.8021286725997925
9740.0 0.7963768243789673
9750.0 0.7906250357627869
9760.0 0.7843308448791504
9770.0 0.7780365943908691
9780.0 0.7716541886329651
9790.0 0.7652717232704163
9800.0 0.7595100402832031
9810.0 0.7537482380867004
9820.0 0.7482014298439026
9830.0 0.74265456199646
9840.0 0.7357450723648071
9850.0 0.7288355231285095
9860.0 0.7222598791122437
9870.0 0.7156842350959778
9880.0 0.706497848033905
9890.0 0.6973114609718323
9900.0 0.6886706948280334
9910.0 0.6800298094749451
9920.0 0.6703017354011536
9930.0 0.6605737805366516
9940.0 0.6526599526405334
9950.0 0.6447461843490601
9960.0 0.635211706161499
9970.0 0.6256772875785828
9980.0 0.6164661645889282
9990.0 0.6072551608085632
10000.0 0.5968232750892639
10010.0 0.5863913297653198
10020.0 0.5754401683807373
10030.0 0.5644890666007996
10040.0 0.5527982115745544
10050.0 0.5411074161529541
10060.0 0.5302276015281677
10070.0 0.5193477272987366
10080.0 0.5074160099029541
10090.0 0.49548429250717163
10100.0 0.4829281270503998
10110.0 0.47037196159362793
10120.0 0.45855745673179626
10130.0 0.446742981672287
10140.0 0.4349125027656555
10150.0 0.4230820834636688
10160.0 0.4118497371673584
10170.0 0.400617390871048
10180.0 0.3884831368923187
10190.0 0.37634891271591187
10200.0 0.36509254574775696
10210.0 0.35383620858192444
10220.0 0.34243032336235046
10230.0 0.3310244679450989
10240.0 0.31960421800613403
10250.0 0.3081839680671692
10260.0 0.2976055145263672
10270.0 0.2870270609855652
10280.0 0.27749431133270264
10290.0 0.2679615914821625
10300.0 0.25733721256256104
10310.0 0.24671286344528198
10320.0 0.23607029020786285
10330.0 0.22542771697044373
10340.0 0.21316885948181152
10350.0 0.20090998709201813
10360.0 0.18872931599617004
10370.0 0.17654862999916077
10380.0 0.17006811499595642
10390.0 0.16358758509159088
10400.0 0.15902423858642578
10410.0 0.1544608771800995
10420.0 0.15032385289669037
10430.0 0.14618682861328125
10440.0 0.1420239955186844
10450.0 0.13786116242408752
10460.0 0.13389694690704346
10470.0 0.12993274629116058
10480.0 0.12627443671226501
10490.0 0.12261613458395004
10500.0 0.11842680722475052
10510.0 0.1142374575138092
10520.0 0.11117369681596756
10530.0 0.10810994356870651
10540.0 0.10602539032697678
10550.0 0.10394085198640823
10560.0 0.10262319445610046
10570.0 0.10130556672811508
10580.0 0.09957446902990341
10590.0 0.09784336388111115
10600.0 0.09315712749958038
10610.0 0.08847088366746902
10620.0 0.07812249660491943
10630.0 0.06777410209178925
10640.0 0.05401787906885147
10650.0 0.0402616485953331
10660.0 0.029253726825118065
10670.0 0.018245792016386986
10680.0 0.012678684666752815
10690.0 0.00711157638579607
10700.0 0.0
10710.0 0.0
10720.0 0.0
10730.0 0.0
10740.0 0.0
10750.0 0.0
