decam/transmission_system/s7/z_decam_sdss_c0004_9260.0_1520.0/2012-09-12T00:00:00.ecsv
# %ECSV 1.0
# ---
# datatype:
# - {name: wavelength, unit: Angstrom, datatype: float64}
# - {name: throughput, datatype: float64}
# meta: !!omap
# - {MODE: DETECTOR}
# - {TYPE: transmission_system}
# - {CALIBDATE: '2012-09-12T00:00:00'}
# - {INSTRUME: DECam}
# - {OBSTYPE: transmission_system}
# - {CALIBCLS: lsst.ip.isr.IntermediateSystemTransmissionCurve}
# - {DETECTOR: 31}
# - {DETECTOR_NAME: S7}
# - {SOURCE: z_band_per_detector_throughput.fits}
# - {FILTER: z DECam SDSS c0004 9260.0 1520.0}
# - {CALIB_CREATION_DATE: '2012-09-12'}
# - {CALIB_CREATION_TIME: '00:00:00'}
# schema: astropy-2.0
wavelength throughput
8200.0 0.0
8210.0 0.0
8220.0 0.0
8230.0 0.0
8240.0 0.0
8250.0 0.0
8260.0 0.005613965447992086
8270.0 0.006204523146152496
8280.0 0.005325665231794119
8290.0 0.006310928612947464
8300.0 0.007296191994100809
8310.0 0.007914499379694462
8320.0 0.009035889990627766
8330.0 0.010157270357012749
8340.0 0.011278661899268627
8350.0 0.016302142292261124
8360.0 0.017407488077878952
8370.0 0.018512824550271034
8380.0 0.019618170335888863
8390.0 0.029665183275938034
8400.0 0.03679201751947403
8410.0 0.04391884803771973
8420.0 0.05104567110538483
8430.0 0.10807263106107712
8440.0 0.1024964451789856
8450.0 0.16169163584709167
8460.0 0.22088682651519775
8470.0 0.42115655541419983
8480.0 0.4145064353942871
8490.0 0.5419328808784485
8500.0 0.6693593263626099
8510.0 0.7646850943565369
8520.0 0.8600108027458191
8530.0 0.9100375771522522
8540.0 0.9600642919540405
8550.0 0.97035813331604
8560.0 0.9806520342826843
8570.0 0.9733673334121704
8580.0 0.9827737212181091
8590.0 0.9685201644897461
8600.0 0.9670582413673401
8610.0 0.9739178419113159
8620.0 0.9779747724533081
8630.0 0.9880726337432861
8640.0 0.9965382814407349
8650.0 0.9989746809005737
8660.0 0.9958479404449463
8670.0 1.0027576684951782
8680.0 1.0019928216934204
8690.0 1.001227855682373
8700.0 1.0014197826385498
8710.0 1.0016114711761475
8720.0 1.0017613172531128
8730.0 1.0019111633300781
8740.0 1.0005041360855103
8750.0 1.0031901597976685
8760.0 1.0047978162765503
8770.0 1.0064054727554321
8780.0 1.008653163909912
8790.0 1.0109007358551025
8800.0 1.013787865638733
8810.0 1.0166749954223633
8820.0 1.0194207429885864
8830.0 1.0221664905548096
8840.0 1.0241007804870605
8850.0 1.0260348320007324
8860.0 1.027385950088501
8870.0 1.028737187385559
8880.0 1.02944016456604
8890.0 1.0301433801651
8900.0 1.0250529050827026
8910.0 1.024050235748291
8920.0 1.022505521774292
8930.0 1.0209606885910034
8940.0 1.0194159746170044
8950.0 1.0184706449508667
8960.0 1.0175254344940186
8970.0 1.0177866220474243
8980.0 1.01804780960083
8990.0 1.0197625160217285
9000.0 1.021477222442627
9010.0 1.0237232446670532
9020.0 1.025969386100769
9030.0 1.0280836820602417
9040.0 1.030198097229004
9050.0 1.0301144123077393
9060.0 1.0338457822799683
9070.0 1.0324229001998901
9080.0 1.031000018119812
9090.0 1.0284730195999146
9100.0 1.025946021080017
9110.0 1.0229144096374512
9120.0 1.023236632347107
9130.0 1.0211261510849
9140.0 1.020351529121399
9150.0 1.0224149227142334
9160.0 1.0225954055786133
9170.0 1.0227760076522827
9180.0 1.0243176221847534
9190.0 1.0258591175079346
9200.0 1.0255316495895386
9210.0 1.025204062461853
9220.0 1.0238502025604248
9230.0 1.022496223449707
9240.0 1.016779899597168
9250.0 1.011063575744629
9260.0 1.0063916444778442
9270.0 1.0017198324203491
9280.0 0.9929019808769226
9290.0 0.9840841889381409
9300.0 0.977384626865387
9310.0 0.9706850647926331
9320.0 0.9643979072570801
9330.0 0.9581107497215271
9340.0 0.948663592338562
9350.0 0.9392164349555969
9360.0 0.9275515079498291
9370.0 0.9158865809440613
9380.0 0.9075750708580017
9390.0 0.8992635011672974
9400.0 0.8878387212753296
9410.0 0.876413881778717
9420.0 0.8684676289558411
9430.0 0.8605213761329651
9440.0 0.8540431261062622
9450.0 0.8571910858154297
9460.0 0.8584363460540771
9470.0 0.8574366569519043
9480.0 0.8587799668312073
9490.0 0.860123336315155
9500.0 0.8594346642494202
9510.0 0.8641645908355713
9520.0 0.8663671612739563
9530.0 0.8685696721076965
9540.0 0.8714320063591003
9550.0 0.8742943406105042
9560.0 0.8770944476127625
9570.0 0.8798945546150208
9580.0 0.8804467916488647
9590.0 0.8809991478919983
9600.0 0.8789223432540894
9610.0 0.8768455982208252
9620.0 0.8742223381996155
9630.0 0.8715990781784058
9640.0 0.8682371377944946
9650.0 0.8648751378059387
9660.0 0.8624185919761658
9670.0 0.8599621057510376
9680.0 0.8566763997077942
9690.0 0.8533907532691956
9700.0 0.8501051068305969
9710.0 0.8468194007873535
9720.0 0.8430153131484985
9730.0 0.8392112851142883
9740.0 0.8349037170410156
9750.0 0.8305960893630981
9760.0 0.8241205811500549
9770.0 0.8176450133323669
9780.0 0.8101672530174255
9790.0 0.8026896119117737
9800.0 0.7928295135498047
9810.0 0.7829694151878357
9820.0 0.7737067341804504
9830.0 0.7644440531730652
9840.0 0.7555633783340454
9850.0 0.7466827034950256
9860.0 0.7367954254150391
9870.0 0.7269081473350525
9880.0 0.7167473435401917
9890.0 0.706586480140686
9900.0 0.6920232176780701
9910.0 0.6774600148200989
9920.0 0.6547682285308838
9930.0 0.6320765018463135
9940.0 0.5914666652679443
9950.0 0.5508568286895752
9960.0 0.5009123086929321
9970.0 0.4509677588939667
9980.0 0.3939674198627472
9990.0 0.3369670808315277
10000.0 0.2765948176383972
10010.0 0.2162225842475891
10020.0 0.1600264012813568
10030.0 0.1038302406668663
10040.0 0.07162539660930634
10050.0 0.03942055255174637
10060.0 0.02718891203403473
10070.0 0.014957264997065067
10080.0 0.011058020405471325
10090.0 0.007158776745200157
10100.0 0.005472468677908182
10110.0 0.003786160610616207
10120.0 0.002786087803542614
10130.0 0.0017860153457149863
10140.0 0.0018465499160811305
10150.0 0.0
10160.0 0.0
10170.0 0.0
10180.0 0.0
10190.0 0.0
10200.0 0.0
