decam/transmission_system/n24/z_decam_sdss_c0004_9260.0_1520.0/2012-09-12T00:00:00.ecsv
# %ECSV 1.0
# ---
# datatype:
# - {name: wavelength, unit: Angstrom, datatype: float64}
# - {name: throughput, datatype: float64}
# meta: !!omap
# - {MODE: DETECTOR}
# - {TYPE: transmission_system}
# - {CALIBDATE: '2012-09-12T00:00:00'}
# - {INSTRUME: DECam}
# - {OBSTYPE: transmission_system}
# - {CALIBCLS: lsst.ip.isr.IntermediateSystemTransmissionCurve}
# - {DETECTOR: 55}
# - {DETECTOR_NAME: N24}
# - {SOURCE: z_band_per_detector_throughput.fits}
# - {FILTER: z DECam SDSS c0004 9260.0 1520.0}
# - {CALIB_CREATION_DATE: '2012-09-12'}
# - {CALIB_CREATION_TIME: '00:00:00'}
# schema: astropy-2.0
wavelength throughput
8200.0 0.0
8210.0 0.0
8220.0 0.0
8230.0 0.0
8240.0 0.0
8250.0 0.0
8260.0 0.005099218338727951
8270.0 0.005651507526636124
8280.0 0.005210141651332378
8290.0 0.005874298512935638
8300.0 0.006538445129990578
8310.0 0.006916389334946871
8320.0 0.008062704466283321
8330.0 0.00920903030782938
8340.0 0.010355345904827118
8350.0 0.015118264593183994
8360.0 0.016129013150930405
8370.0 0.01713976263999939
8380.0 0.01815051957964897
8390.0 0.027639979496598244
8400.0 0.03397673740983009
8410.0 0.040313489735126495
8420.0 0.046650245785713196
8430.0 0.09732604771852493
8440.0 0.0916498601436615
8450.0 0.14811047911643982
8460.0 0.20457109808921814
8470.0 0.4104664623737335
8480.0 0.4063716232776642
8490.0 0.5404069423675537
8500.0 0.6744422316551208
8510.0 0.7734254002571106
8520.0 0.8724086284637451
8530.0 0.9240586161613464
8540.0 0.9757086634635925
8550.0 0.9846060872077942
8560.0 0.9935036301612854
8570.0 0.9824547171592712
8580.0 0.9934453368186951
8590.0 0.9772526621818542
8600.0 0.9774523377418518
8610.0 0.9838222861289978
8620.0 0.9896573424339294
8630.0 0.9992308616638184
8640.0 1.0090445280075073
8650.0 1.009077548980713
8660.0 1.006800889968872
8670.0 1.0115574598312378
8680.0 1.0102527141571045
8690.0 1.0089480876922607
8700.0 1.0092403888702393
8710.0 1.0095326900482178
8720.0 1.0104888677597046
8730.0 1.0114448070526123
8740.0 1.0113775730133057
8750.0 1.013934850692749
8760.0 1.015459656715393
8770.0 1.016984462738037
8780.0 1.0185240507125854
8790.0 1.0200637578964233
8800.0 1.0215078592300415
8810.0 1.0229520797729492
8820.0 1.024558663368225
8830.0 1.026165246963501
8840.0 1.0270566940307617
8850.0 1.0279481410980225
8860.0 1.0289686918258667
8870.0 1.029989242553711
8880.0 1.0310132503509521
8890.0 1.032037377357483
8900.0 1.0286766290664673
8910.0 1.0275940895080566
8920.0 1.0268200635910034
8930.0 1.0260461568832397
8940.0 1.0252721309661865
8950.0 1.02488374710083
8960.0 1.0244953632354736
8970.0 1.0247620344161987
8980.0 1.0250288248062134
8990.0 1.0262255668640137
9000.0 1.027422308921814
9010.0 1.0292484760284424
9020.0 1.0310746431350708
9030.0 1.032584547996521
9040.0 1.0340944528579712
9050.0 1.0334261655807495
9060.0 1.0364197492599487
9070.0 1.0352240800857544
9080.0 1.03402841091156
9090.0 1.0314503908157349
9100.0 1.0288722515106201
9110.0 1.0262961387634277
9120.0 1.027408480644226
9130.0 1.0248267650604248
9140.0 1.0241036415100098
9150.0 1.0250786542892456
9160.0 1.024428129196167
9170.0 1.023777723312378
9180.0 1.024144172668457
9190.0 1.0245106220245361
9200.0 1.0229746103286743
9210.0 1.0214385986328125
9220.0 1.0194796323776245
9230.0 1.0175206661224365
9240.0 1.0117120742797852
9250.0 1.0059036016464233
9260.0 1.0018121004104614
9270.0 0.9977205991744995
9280.0 0.9899941086769104
9290.0 0.9822676181793213
9300.0 0.9769087433815002
9310.0 0.9715498089790344
9320.0 0.9661679267883301
9330.0 0.9607860445976257
9340.0 0.9519282579421997
9350.0 0.9430704116821289
9360.0 0.9312854409217834
9370.0 0.9195004105567932
9380.0 0.9105454087257385
9390.0 0.9015904664993286
9400.0 0.8894826769828796
9410.0 0.8773749470710754
9420.0 0.8689467906951904
9430.0 0.8605186343193054
9440.0 0.8549461960792542
9450.0 0.857936680316925
9460.0 0.8588403463363647
9470.0 0.8584769368171692
9480.0 0.8597809076309204
9490.0 0.8610848784446716
9500.0 0.86085444688797
9510.0 0.8641758561134338
9520.0 0.8651272058486938
9530.0 0.8660786151885986
9540.0 0.8672538995742798
9550.0 0.8684291839599609
9560.0 0.8694044947624207
9570.0 0.8703796863555908
9580.0 0.8697132468223572
9590.0 0.8690468072891235
9600.0 0.8664507865905762
9610.0 0.8638547658920288
9620.0 0.8616570830345154
9630.0 0.8594594597816467
9640.0 0.8568942546844482
9650.0 0.8543291091918945
9660.0 0.8526070713996887
9670.0 0.8508850336074829
9680.0 0.8485631942749023
9690.0 0.8462414145469666
9700.0 0.8439196348190308
9710.0 0.8415977954864502
9720.0 0.8371362686157227
9730.0 0.8326746821403503
9740.0 0.8277722001075745
9750.0 0.8228697776794434
9760.0 0.8161871433258057
9770.0 0.8095046281814575
9780.0 0.8000805974006653
9790.0 0.7906565070152283
9800.0 0.7829520106315613
9810.0 0.7752475738525391
9820.0 0.7659352421760559
9830.0 0.756622850894928
9840.0 0.7464350461959839
9850.0 0.7362473011016846
9860.0 0.7251070141792297
9870.0 0.7139666676521301
9880.0 0.7039229273796082
9890.0 0.6938791871070862
9900.0 0.681728184223175
9910.0 0.6695771813392639
9920.0 0.6502742767333984
9930.0 0.6309714317321777
9940.0 0.5903922319412231
9950.0 0.5498130321502686
9960.0 0.49346694350242615
9970.0 0.43712085485458374
9980.0 0.3692384958267212
9990.0 0.30135613679885864
10000.0 0.23551301658153534
10010.0 0.16966989636421204
10020.0 0.12151102721691132
10030.0 0.07335216552019119
10040.0 0.0508069172501564
10050.0 0.028261680155992508
10060.0 0.019881900399923325
10070.0 0.011502116918563843
10080.0 0.008696640841662884
10090.0 0.00589116383343935
10100.0 0.0046246726997196674
10110.0 0.0033581811003386974
10120.0 0.0025009657256305218
10130.0 0.0016437501180917025
10140.0 0.0017790885176509619
10150.0 0.0
10160.0 0.0
10170.0 0.0
10180.0 0.0
10190.0 0.0
10200.0 0.0
