decam/transmission_system/s24/y_decam_c0005_10095.0_1130.0/2012-09-12T00:00:00.ecsv
# %ECSV 1.0
# ---
# datatype:
# - {name: wavelength, unit: Angstrom, datatype: float64}
# - {name: throughput, datatype: float64}
# meta: !!omap
# - {MODE: DETECTOR}
# - {TYPE: transmission_system}
# - {CALIBDATE: '2012-09-12T00:00:00'}
# - {INSTRUME: DECam}
# - {OBSTYPE: transmission_system}
# - {CALIBCLS: lsst.ip.isr.IntermediateSystemTransmissionCurve}
# - {DETECTOR: 12}
# - {DETECTOR_NAME: S24}
# - {SOURCE: Y_band_per_detector_throughput.fits}
# - {FILTER: Y DECam c0005 10095.0 1130.0}
# - {CALIB_CREATION_DATE: '2012-09-12'}
# - {CALIB_CREATION_TIME: '00:00:00'}
# schema: astropy-2.0
wavelength throughput
9250.0 0.0
9260.0 0.0
9270.0 0.0
9280.0 0.0
9290.0 0.0
9300.0 0.0
9310.0 0.006863549817353487
9320.0 0.007677304092794657
9330.0 0.00849106814712286
9340.0 0.009513353928923607
9350.0 0.010535640642046928
9360.0 0.011814562603831291
9370.0 0.013093475252389908
9380.0 0.015280686318874359
9390.0 0.017467908561229706
9400.0 0.021343329921364784
9410.0 0.02521875873208046
9420.0 0.03317401930689812
9430.0 0.04112929105758667
9440.0 0.05942185968160629
9450.0 0.07771443575620651
9460.0 0.07896820455789566
9470.0 0.15616165101528168
9480.0 0.16030316054821014
9490.0 0.2940347492694855
9500.0 0.300484836101532
9510.0 0.4838651716709137
9520.0 0.5781252980232239
9530.0 0.6723853349685669
9540.0 0.7339220643043518
9550.0 0.7954587936401367
9560.0 0.8156706690788269
9570.0 0.8358824849128723
9580.0 0.8358328342437744
9590.0 0.8357831239700317
9600.0 0.8337591290473938
9610.0 0.8317351341247559
9620.0 0.8300557136535645
9630.0 0.828376293182373
9640.0 0.8272596001625061
9650.0 0.8261427879333496
9660.0 0.8238751292228699
9670.0 0.8216075301170349
9680.0 0.8182905316352844
9690.0 0.8149734735488892
9700.0 0.8123505115509033
9710.0 0.8097275495529175
9720.0 0.8015720844268799
9730.0 0.7934167385101318
9740.0 0.7882441878318787
9750.0 0.7830716967582703
9760.0 0.7780579328536987
9770.0 0.7730441689491272
9780.0 0.7673006057739258
9790.0 0.7615569829940796
9800.0 0.756178081035614
9810.0 0.7507992386817932
9820.0 0.7453553676605225
9830.0 0.7399114966392517
9840.0 0.7330456972122192
9850.0 0.7261799573898315
9860.0 0.7194985151290894
9870.0 0.7128170132637024
9880.0 0.7036960124969482
9890.0 0.6945749521255493
9900.0 0.6862574815750122
9910.0 0.6779400706291199
9920.0 0.6685705184936523
9930.0 0.6592010855674744
9940.0 0.6515548825263977
9950.0 0.6439086198806763
9960.0 0.6346470713615417
9970.0 0.6253855228424072
9980.0 0.6164312362670898
9990.0 0.6074768900871277
10000.0 0.5973687171936035
10010.0 0.5872605443000793
10020.0 0.5765740871429443
10030.0 0.5658875703811646
10040.0 0.5545344948768616
10050.0 0.5431814193725586
10060.0 0.5326725840568542
10070.0 0.5221636295318604
10080.0 0.5106134414672852
10090.0 0.4990631937980652
10100.0 0.4868279993534088
10110.0 0.47459280490875244
10120.0 0.4629027843475342
10130.0 0.45121270418167114
10140.0 0.43982407450675964
10150.0 0.42843547463417053
10160.0 0.4175632894039154
10170.0 0.4066911041736603
10180.0 0.39481237530708313
10190.0 0.3829336166381836
10200.0 0.37173527479171753
10210.0 0.3605368733406067
10220.0 0.3492729663848877
10230.0 0.3380090892314911
10240.0 0.32664352655410767
10250.0 0.31527796387672424
10260.0 0.30470237135887146
10270.0 0.2941267788410187
10280.0 0.2846885025501251
10290.0 0.27525022625923157
10300.0 0.2648937404155731
10310.0 0.2545372247695923
10320.0 0.24478067457675934
10330.0 0.23502413928508759
10340.0 0.22454498708248138
10350.0 0.21406583487987518
10360.0 0.20175272226333618
10370.0 0.189439594745636
10380.0 0.1795046180486679
10390.0 0.16956964135169983
10400.0 0.16389307379722595
10410.0 0.15821650624275208
10420.0 0.1537017524242401
10430.0 0.14918699860572815
10440.0 0.14457054436206818
10450.0 0.1399541050195694
10460.0 0.13541454076766968
10470.0 0.13087500631809235
10480.0 0.12665770947933197
10490.0 0.1224403902888298
10500.0 0.11775414645671844
10510.0 0.11306790262460709
10520.0 0.1095895990729332
10530.0 0.10611128062009811
10540.0 0.10359242558479309
10550.0 0.10107358545064926
10560.0 0.09918931126594543
10570.0 0.09730502963066101
10580.0 0.09432113170623779
10590.0 0.09133723378181458
10600.0 0.08437428623437881
10610.0 0.07741132378578186
10620.0 0.06497260183095932
10630.0 0.05253386124968529
10640.0 0.0396747887134552
10650.0 0.026815705001354218
10660.0 0.018912523984909058
10670.0 0.0110093355178833
10680.0 0.0075254119001328945
10690.0 0.00404147757217288
10700.0 0.0
10710.0 0.0
10720.0 0.0
10730.0 0.0
10740.0 0.0
10750.0 0.0
