decam/transmission_system/n13/g_decam_sdss_c0001_4720.0_1520.0/2012-09-12T00:00:00.ecsv
# %ECSV 1.0
# ---
# datatype:
# - {name: wavelength, unit: Angstrom, datatype: float64}
# - {name: throughput, datatype: float64}
# meta: !!omap
# - {MODE: DETECTOR}
# - {TYPE: transmission_system}
# - {CALIBDATE: '2012-09-12T00:00:00'}
# - {INSTRUME: DECam}
# - {OBSTYPE: transmission_system}
# - {CALIBCLS: lsst.ip.isr.IntermediateSystemTransmissionCurve}
# - {DETECTOR: 44}
# - {DETECTOR_NAME: N13}
# - {SOURCE: g_band_per_detector_throughput.fits}
# - {FILTER: g DECam SDSS c0001 4720.0 1520.0}
# - {CALIB_CREATION_DATE: '2012-09-12'}
# - {CALIB_CREATION_TIME: '00:00:00'}
# schema: astropy-2.0
wavelength throughput
3750.0 0.0
3760.0 0.0
3770.0 0.0
3780.0 0.0
3790.0 0.0
3800.0 0.0
3810.0 0.0008912681369110942
3820.0 0.0010893739527091384
3830.0 0.0010019107721745968
3840.0 0.0014116332167759538
3850.0 0.001696246792562306
3860.0 0.0019808602519333363
3870.0 0.002323972759768367
3880.0 0.002667095744982362
3890.0 0.003265182953327894
3900.0 0.0038632801733911037
3910.0 0.003910812549293041
3920.0 0.0072048138827085495
3930.0 0.015524196438491344
3940.0 0.023843567818403244
3950.0 0.024530677124857903
3960.0 0.14436401426792145
3970.0 0.24382774531841278
3980.0 0.3432914912700653
3990.0 0.3423004448413849
4000.0 0.37040647864341736
4010.0 0.3857914209365845
4020.0 0.401176393032074
4030.0 0.40704628825187683
4040.0 0.408366858959198
4050.0 0.40986955165863037
4060.0 0.4191265106201172
4070.0 0.4230421483516693
4080.0 0.4337696433067322
4090.0 0.434393972158432
4100.0 0.44016802310943604
4110.0 0.44459447264671326
4120.0 0.4490208923816681
4130.0 0.45224589109420776
4140.0 0.456901490688324
4150.0 0.45957866311073303
4160.0 0.47301673889160156
4170.0 0.4793750047683716
4180.0 0.4857332706451416
4190.0 0.4873341917991638
4200.0 0.4871233403682709
4210.0 0.48754677176475525
4220.0 0.4949960708618164
4230.0 0.49549558758735657
4240.0 0.5113340616226196
4250.0 0.516587495803833
4260.0 0.5218409299850464
4270.0 0.5254794955253601
4280.0 0.5345563292503357
4290.0 0.5345900058746338
4300.0 0.5444006323814392
4310.0 0.5480204820632935
4320.0 0.5516404509544373
4330.0 0.55650395154953
4340.0 0.5613674521446228
4350.0 0.5668993592262268
4360.0 0.572431206703186
4370.0 0.5772035717964172
4380.0 0.5819758772850037
4390.0 0.588873565196991
4400.0 0.5957711935043335
4410.0 0.5993750095367432
4420.0 0.6029788255691528
4430.0 0.6062262654304504
4440.0 0.609473705291748
4450.0 0.6126890778541565
4460.0 0.6159044504165649
4470.0 0.6179242134094238
4480.0 0.6199440360069275
4490.0 0.6231962442398071
4500.0 0.6264484524726868
4510.0 0.6296685338020325
4520.0 0.6328885555267334
4530.0 0.6374021172523499
4540.0 0.6419156789779663
4550.0 0.6438820362091064
4560.0 0.6458483934402466
4570.0 0.6463444232940674
4580.0 0.6468404531478882
4590.0 0.6513342261314392
4600.0 0.6558279395103455
4610.0 0.6595247387886047
4620.0 0.6632214784622192
4630.0 0.6660211086273193
4640.0 0.6688207983970642
4650.0 0.6708478331565857
4660.0 0.6728748679161072
4670.0 0.6721921563148499
4680.0 0.6715095043182373
4690.0 0.6728969216346741
4700.0 0.6742843389511108
4710.0 0.6768060922622681
4720.0 0.6793277263641357
4730.0 0.6832602620124817
4740.0 0.6871927976608276
4750.0 0.6913304924964905
4760.0 0.6954682469367981
4770.0 0.6958351135253906
4780.0 0.6962018609046936
4790.0 0.6970593333244324
4800.0 0.6979169249534607
4810.0 0.7002173662185669
4820.0 0.7025178670883179
4830.0 0.7028577327728271
4840.0 0.7031976580619812
4850.0 0.7032272219657898
4860.0 0.7032568454742432
4870.0 0.7061982750892639
4880.0 0.7091396450996399
4890.0 0.712923526763916
4900.0 0.7167073488235474
4910.0 0.717674970626831
4920.0 0.7186426520347595
4930.0 0.7166537642478943
4940.0 0.714664876461029
4950.0 0.7161659598350525
4960.0 0.7176671028137207
4970.0 0.7230027318000793
4980.0 0.7283383011817932
4990.0 0.730438232421875
5000.0 0.7325382828712463
5010.0 0.7347955703735352
5020.0 0.737052857875824
5030.0 0.7382159233093262
5040.0 0.7393789291381836
5050.0 0.7407481074333191
5060.0 0.7421172857284546
5070.0 0.7445355653762817
5080.0 0.7469539642333984
5090.0 0.7483441233634949
5100.0 0.7497342824935913
5110.0 0.7486698627471924
5120.0 0.7476054430007935
5130.0 0.7490351796150208
5140.0 0.7504650354385376
5150.0 0.7542667388916016
5160.0 0.7580683827400208
5170.0 0.7595224380493164
5180.0 0.7609765529632568
5190.0 0.762836754322052
5200.0 0.7646969556808472
5210.0 0.768288254737854
5220.0 0.7718794941902161
5230.0 0.7754361033439636
5240.0 0.778992772102356
5250.0 0.780959963798523
5260.0 0.7829271554946899
5270.0 0.7831735014915466
5280.0 0.7834197282791138
5290.0 0.7842894196510315
5300.0 0.7851591110229492
5310.0 0.7872089147567749
5320.0 0.7892587184906006
5330.0 0.7908385396003723
5340.0 0.792418360710144
5350.0 0.7937437295913696
5360.0 0.79506915807724
5370.0 0.790778398513794
5380.0 0.7864875197410583
5390.0 0.7811506986618042
5400.0 0.7758139371871948
5410.0 0.7784106135368347
5420.0 0.7810072302818298
5430.0 0.7817183136940002
5440.0 0.7824293971061707
5450.0 0.6988301873207092
5460.0 0.615230917930603
5470.0 0.41774895787239075
5480.0 0.22026696801185608
5490.0 0.1297089159488678
5500.0 0.039150841534137726
5510.0 0.02417091652750969
5520.0 0.009190991520881653
5530.0 0.005726342089474201
5540.0 0.002261703833937645
5550.0 0.001598066184669733
5560.0 0.0009344285354018211
5570.0 0.000753458181861788
5580.0 0.0005724774091504514
5590.0 0.0005120674031786621
5600.0 0.0004516470362432301
5610.0 0.0004098055651411414
5620.0 0.00036795370397157967
5630.0 0.0003355210938025266
5640.0 0.0003030781226698309
5650.0 0.0
5660.0 0.0
5670.0 0.0
5680.0 0.0
5690.0 0.0
5700.0 0.0
