decam/transmission_system/n6/i_decam_sdss_c0003_7835.0_1470.0/2012-09-12T00:00:00.ecsv
# %ECSV 1.0
# ---
# datatype:
# - {name: wavelength, unit: Angstrom, datatype: float64}
# - {name: throughput, datatype: float64}
# meta: !!omap
# - {MODE: DETECTOR}
# - {TYPE: transmission_system}
# - {CALIBDATE: '2012-09-12T00:00:00'}
# - {INSTRUME: DECam}
# - {OBSTYPE: transmission_system}
# - {CALIBCLS: lsst.ip.isr.IntermediateSystemTransmissionCurve}
# - {DETECTOR: 37}
# - {DETECTOR_NAME: N6}
# - {SOURCE: i_band_per_detector_throughput.fits}
# - {FILTER: i DECam SDSS c0003 7835.0 1470.0}
# - {CALIB_CREATION_DATE: '2012-09-12'}
# - {CALIB_CREATION_TIME: '00:00:00'}
# schema: astropy-2.0
wavelength throughput
6700.0 0.0
6710.0 0.0
6720.0 0.0
6730.0 0.0
6740.0 0.0
6750.0 0.0
6760.0 0.0007651206688024104
6770.0 0.0008737693424336612
6780.0 0.0009824179578572512
6790.0 0.0010897789616137743
6800.0 0.0011971502099186182
6810.0 0.0013515348546206951
6820.0 0.0015059193829074502
6830.0 0.001692154910415411
6840.0 0.001878380193375051
6850.0 0.0021423688158392906
6860.0 0.0024063473101705313
6870.0 0.00275989668443799
6880.0 0.003113436046987772
6890.0 0.0035976299550384283
6900.0 0.004081823863089085
6910.0 0.004790418315678835
6920.0 0.005499002989381552
6930.0 0.006782016716897488
6940.0 0.00806503091007471
6950.0 0.010719207115471363
6960.0 0.01337337400764227
6970.0 0.01957051269710064
6980.0 0.025767652317881584
6990.0 0.03997956961393356
7000.0 0.054191477596759796
7010.0 0.08314821869134903
7020.0 0.11210497468709946
7030.0 0.16251537203788757
7040.0 0.2129257768392563
7050.0 0.2875208556652069
7060.0 0.3621159493923187
7070.0 0.4522511959075928
7080.0 0.5423864722251892
7090.0 0.6280377507209778
7100.0 0.7136889696121216
7110.0 0.7791334986686707
7120.0 0.844577968120575
7130.0 0.8839426040649414
7140.0 0.9233072400093079
7150.0 0.9409185647964478
7160.0 0.9585298895835876
7170.0 0.9659035801887512
7180.0 0.9732773303985596
7190.0 0.9754589200019836
7200.0 0.9776404500007629
7210.0 0.979529082775116
7220.0 0.9814177751541138
7230.0 0.9841257333755493
7240.0 0.9868336319923401
7250.0 0.989849865436554
7260.0 0.992866039276123
7270.0 0.9958497881889343
7280.0 0.9988335371017456
7290.0 1.0001190900802612
7300.0 1.0014046430587769
7310.0 1.001339077949524
7320.0 1.0012733936309814
7330.0 0.9998713731765747
7340.0 0.9984692931175232
7350.0 0.9975458979606628
7360.0 0.9966225624084473
7370.0 0.9975162148475647
7380.0 0.9984098076820374
7390.0 1.0014796257019043
7400.0 1.0045496225357056
7410.0 1.006903052330017
7420.0 1.0092566013336182
7430.0 1.0100151300430298
7440.0 1.0107735395431519
7450.0 1.0099377632141113
7460.0 1.0091018676757812
7470.0 1.0078825950622559
7480.0 1.0066633224487305
7490.0 1.0067437887191772
7500.0 1.0068241357803345
7510.0 1.0074758529663086
7520.0 1.0081275701522827
7530.0 1.0089813470840454
7540.0 1.009835124015808
7550.0 1.0090631246566772
7560.0 1.0082911252975464
7570.0 1.0063447952270508
7580.0 1.0043983459472656
7590.0 0.9951308369636536
7600.0 0.9858633279800415
7610.0 0.9878673553466797
7620.0 0.9898714423179626
7630.0 0.9915968179702759
7640.0 0.9933222532272339
7650.0 0.9972923994064331
7660.0 1.0012624263763428
7670.0 1.0030291080474854
7680.0 1.004795789718628
7690.0 1.0044567584991455
7700.0 1.004117727279663
7710.0 1.0040366649627686
7720.0 1.003955602645874
7730.0 1.0039637088775635
7740.0 1.003971815109253
7750.0 1.0065356492996216
7760.0 1.0090996026992798
7770.0 1.0103471279144287
7780.0 1.0115947723388672
7790.0 1.012293815612793
7800.0 1.0129929780960083
7810.0 1.0123239755630493
7820.0 1.0116548538208008
7830.0 1.0105605125427246
7840.0 1.0094661712646484
7850.0 1.0093756914138794
7860.0 1.0092853307724
7870.0 1.0088486671447754
7880.0 1.00841224193573
7890.0 1.0060665607452393
7900.0 1.0037208795547485
7910.0 1.000174641609192
7920.0 0.99662846326828
7930.0 0.99285888671875
7940.0 0.9890892505645752
7950.0 0.9850720763206482
7960.0 0.981054961681366
7970.0 0.9797906875610352
7980.0 0.9785264134407043
7990.0 0.9815649390220642
8000.0 0.9846034049987793
8010.0 0.9882767796516418
8020.0 0.9919501543045044
8030.0 0.9935876727104187
8040.0 0.995225191116333
8050.0 0.9946430325508118
8060.0 0.9940608739852905
8070.0 0.9951408505439758
8080.0 0.9962208867073059
8090.0 0.9935045838356018
8100.0 0.9907883405685425
8110.0 0.982203483581543
8120.0 0.9881876707077026
8130.0 0.9871135354042053
8140.0 0.9860395193099976
8150.0 0.9862847328186035
8160.0 0.9865298271179199
8170.0 0.9905364513397217
8180.0 0.9894419312477112
8190.0 0.983408510684967
8200.0 0.9810291528701782
8210.0 0.9786498546600342
8220.0 0.9763365387916565
8230.0 0.9740232229232788
8240.0 0.9743971824645996
8250.0 0.9747710824012756
8260.0 0.9767348766326904
8270.0 0.9786986112594604
8280.0 0.9820600152015686
8290.0 0.9854212999343872
8300.0 0.9887826442718506
8310.0 0.9982290863990784
8320.0 1.0003039836883545
8330.0 1.0023788213729858
8340.0 1.0044536590576172
8350.0 1.003113865852356
8360.0 1.0013346672058105
8370.0 0.9995554685592651
8380.0 0.9977763295173645
8390.0 0.9995657801628113
8400.0 0.9933006167411804
8410.0 0.9941096305847168
8420.0 0.9949185252189636
8430.0 0.9924612641334534
8440.0 0.9994134306907654
8450.0 0.9969928860664368
8460.0 0.9945723414421082
8470.0 0.9992316961288452
8480.0 1.0038909912109375
8490.0 1.0062363147735596
8500.0 1.008581519126892
8510.0 0.9953917860984802
8520.0 0.9822020530700684
8530.0 0.9194284081459045
8540.0 0.8566546440124512
8550.0 0.7144933342933655
8560.0 0.5723320841789246
8570.0 0.279172420501709
8580.0 0.2774514853954315
8590.0 0.10571970790624619
8600.0 0.10342515259981155
8610.0 0.03743334487080574
8620.0 0.03743499889969826
8630.0 0.014372449368238449
8640.0 0.01449085958302021
8650.0 0.006172132212668657
8660.0 0.0063845072872936726
8670.0 0.003000155556946993
8680.0 0.0025151516310870647
8690.0 0.0020301477052271366
8700.0 0.0
8710.0 0.0
8720.0 0.0
8730.0 0.0
8740.0 0.0
8750.0 0.0
