decam/transmission_system/n6/r_decam_sdss_c0002_6415.0_1480.0/2012-09-12T00:00:00.ecsv
# %ECSV 1.0
# ---
# datatype:
# - {name: wavelength, unit: Angstrom, datatype: float64}
# - {name: throughput, datatype: float64}
# meta: !!omap
# - {MODE: DETECTOR}
# - {TYPE: transmission_system}
# - {CALIBDATE: '2012-09-12T00:00:00'}
# - {INSTRUME: DECam}
# - {OBSTYPE: transmission_system}
# - {CALIBCLS: lsst.ip.isr.IntermediateSystemTransmissionCurve}
# - {DETECTOR: 37}
# - {DETECTOR_NAME: N6}
# - {SOURCE: r_band_per_detector_throughput.fits}
# - {FILTER: r DECam SDSS c0002 6415.0 1480.0}
# - {CALIB_CREATION_DATE: '2012-09-12'}
# - {CALIB_CREATION_TIME: '00:00:00'}
# schema: astropy-2.0
wavelength throughput
5350.0 0.0
5360.0 0.0
5370.0 0.0
5380.0 0.0
5390.0 0.0
5400.0 0.0
5410.0 0.002532401354983449
5420.0 0.002826278330758214
5430.0 0.003249501343816519
5440.0 0.003672714112326503
5450.0 0.004195374436676502
5460.0 0.004718034062534571
5470.0 0.005268859211355448
5480.0 0.00581968342885375
5490.0 0.006622751243412495
5500.0 0.007425818592309952
5510.0 0.008353247307240963
5520.0 0.00928068719804287
5530.0 0.010415028780698776
5540.0 0.011549359187483788
5550.0 0.01314971037209034
5560.0 0.014750061556696892
5570.0 0.016996365040540695
5580.0 0.019242655485868454
5590.0 0.02292572520673275
5600.0 0.026608793064951897
5610.0 0.036034610122442245
5620.0 0.04546041786670685
5630.0 0.07856486737728119
5640.0 0.11166931688785553
5650.0 0.2051125168800354
5660.0 0.29855573177337646
5670.0 0.4500076472759247
5680.0 0.6014595627784729
5690.0 0.6903401017189026
5700.0 0.7792207598686218
5710.0 0.7948079109191895
5720.0 0.8103951811790466
5730.0 0.8157562613487244
5740.0 0.8211173415184021
5750.0 0.8263317942619324
5760.0 0.8315462470054626
5770.0 0.8334878087043762
5780.0 0.8354294300079346
5790.0 0.8375841975212097
5800.0 0.8397390246391296
5810.0 0.8450639843940735
5820.0 0.8503889441490173
5830.0 0.8515792489051819
5840.0 0.8527694940567017
5850.0 0.8521023988723755
5860.0 0.8514353036880493
5870.0 0.8487862944602966
5880.0 0.846137285232544
5890.0 0.8462931513786316
5900.0 0.8464489579200745
5910.0 0.8509740829467773
5920.0 0.8554992079734802
5930.0 0.8576382994651794
5940.0 0.8597774505615234
5950.0 0.8595276474952698
5960.0 0.8592779040336609
5970.0 0.8606234788894653
5980.0 0.8619691133499146
5990.0 0.8639501333236694
6000.0 0.8659311532974243
6010.0 0.8678616881370544
6020.0 0.8697922825813293
6030.0 0.8688276410102844
6040.0 0.8741306066513062
6050.0 0.8750791549682617
6060.0 0.8760277032852173
6070.0 0.8744463324546814
6080.0 0.8728650212287903
6090.0 0.873544454574585
6100.0 0.8742239475250244
6110.0 0.8781110644340515
6120.0 0.8819981217384338
6130.0 0.8842483162879944
6140.0 0.8864985108375549
6150.0 0.8876940608024597
6160.0 0.888889491558075
6170.0 0.8914456963539124
6180.0 0.8940017819404602
6190.0 0.8937596082687378
6200.0 0.8935174345970154
6210.0 0.8941207528114319
6220.0 0.8947240710258484
6230.0 0.89604651927948
6240.0 0.8973689079284668
6250.0 0.8971731066703796
6260.0 0.8969772458076477
6270.0 0.898398220539093
6280.0 0.8998191952705383
6290.0 0.9025813341140747
6300.0 0.9053434133529663
6310.0 0.9050368070602417
6320.0 0.9047300815582275
6330.0 0.9048402905464172
6340.0 0.9049506187438965
6350.0 0.907819926738739
6360.0 0.9106892943382263
6370.0 0.912395179271698
6380.0 0.9141010046005249
6390.0 0.9140438437461853
6400.0 0.9139865636825562
6410.0 0.9146822690963745
6420.0 0.9153780341148376
6430.0 0.9149120450019836
6440.0 0.9144460558891296
6450.0 0.9145165085792542
6460.0 0.9145869612693787
6470.0 0.9159691333770752
6480.0 0.917351245880127
6490.0 0.9171707630157471
6500.0 0.9169902801513672
6510.0 0.9168084263801575
6520.0 0.916626513004303
6530.0 0.919196367263794
6540.0 0.9217663407325745
6550.0 0.924082338809967
6560.0 0.9263983368873596
6570.0 0.9269835352897644
6580.0 0.927568793296814
6590.0 0.9281421303749084
6600.0 0.9287155866622925
6610.0 0.928300142288208
6620.0 0.9278846383094788
6630.0 0.9260965585708618
6640.0 0.9243084192276001
6650.0 0.9247941374778748
6660.0 0.9252798557281494
6670.0 0.9280908703804016
6680.0 0.9309019446372986
6690.0 0.9327509999275208
6700.0 0.9345999360084534
6710.0 0.9349930882453918
6720.0 0.9353862404823303
6730.0 0.9348463416099548
6740.0 0.9343064427375793
6750.0 0.9329857230186462
6760.0 0.9316648840904236
6770.0 0.9315356016159058
6780.0 0.9314063787460327
6790.0 0.9327062964439392
6800.0 0.9340062141418457
6810.0 0.9344358444213867
6820.0 0.934865415096283
6830.0 0.9351397752761841
6840.0 0.9354140758514404
6850.0 0.9357096552848816
6860.0 0.9360052347183228
6870.0 0.9357140064239502
6880.0 0.9354227781295776
6890.0 0.9349466562271118
6900.0 0.9344705939292908
6910.0 0.9330868124961853
6920.0 0.9317030310630798
6930.0 0.9314973950386047
6940.0 0.9312917590141296
6950.0 0.9306987524032593
6960.0 0.9301058053970337
6970.0 0.9289195537567139
6980.0 0.927733302116394
6990.0 0.9286774396896362
7000.0 0.9296215772628784
7010.0 0.9304444193840027
7020.0 0.9312672019004822
7030.0 0.9275858998298645
7040.0 0.923904538154602
7050.0 0.9210365414619446
7060.0 0.9181685447692871
7070.0 0.9066028594970703
7080.0 0.8950372338294983
7090.0 0.8771118521690369
7100.0 0.8591864109039307
7110.0 0.8578588366508484
7120.0 0.8565312623977661
7130.0 0.7680468559265137
7140.0 0.6795624494552612
7150.0 0.49222531914711
7160.0 0.30488815903663635
7170.0 0.1988716572523117
7180.0 0.09285516291856766
7190.0 0.060174278914928436
7200.0 0.02749338373541832
7210.0 0.017794571816921234
7220.0 0.008095759898424149
7230.0 0.006449631880968809
7240.0 0.004803503397852182
7250.0 0.003487994661554694
7260.0 0.0021724856924265623
7270.0 0.0016728698974475265
7280.0 0.0011732542188838124
7290.0 0.0009329538443125784
7300.0 0.0006926639471203089
7310.0 0.0006121276528574526
7320.0 0.000531601719558239
7330.0 0.0004764569748658687
7340.0 0.0004213122301734984
7350.0 0.0
7360.0 0.0
7370.0 0.0
7380.0 0.0
7390.0 0.0
7400.0 0.0
