decam/transmission_system/s27/i_decam_sdss_c0003_7835.0_1470.0/2012-09-12T00:00:00.ecsv
# %ECSV 1.0
# ---
# datatype:
# - {name: wavelength, unit: Angstrom, datatype: float64}
# - {name: throughput, datatype: float64}
# meta: !!omap
# - {MODE: DETECTOR}
# - {TYPE: transmission_system}
# - {CALIBDATE: '2012-09-12T00:00:00'}
# - {INSTRUME: DECam}
# - {OBSTYPE: transmission_system}
# - {CALIBCLS: lsst.ip.isr.IntermediateSystemTransmissionCurve}
# - {DETECTOR: 6}
# - {DETECTOR_NAME: S27}
# - {SOURCE: i_band_per_detector_throughput.fits}
# - {FILTER: i DECam SDSS c0003 7835.0 1470.0}
# - {CALIB_CREATION_DATE: '2012-09-12'}
# - {CALIB_CREATION_TIME: '00:00:00'}
# schema: astropy-2.0
wavelength throughput
6700.0 0.0
6710.0 0.0
6720.0 0.0
6730.0 0.0
6740.0 0.0
6750.0 0.0
6760.0 0.0009381048148497939
6770.0 0.0010765275219455361
6780.0 0.0012149502290412784
6790.0 0.001346020377241075
6800.0 0.0014770904090255499
6810.0 0.0016616851789876819
6820.0 0.0018462903099134564
6830.0 0.002082291292026639
6840.0 0.0023182816803455353
6850.0 0.0026353902649134398
6860.0 0.002952498383820057
6870.0 0.0033716715406626463
6880.0 0.003790854476392269
6890.0 0.004312050528824329
6900.0 0.004833246115595102
6910.0 0.00551963783800602
6920.0 0.006206018850207329
6930.0 0.007303399499505758
6940.0 0.008400770835578442
6950.0 0.010357879102230072
6960.0 0.012314978986978531
6970.0 0.016502272337675095
6980.0 0.02068955823779106
6990.0 0.03017849661409855
7000.0 0.03966744616627693
7010.0 0.059822700917720795
7020.0 0.07997796684503555
7030.0 0.1169920489192009
7040.0 0.15400613844394684
7050.0 0.2130129337310791
7060.0 0.27201971411705017
7070.0 0.3523084223270416
7080.0 0.43259716033935547
7090.0 0.5234522223472595
7100.0 0.6143072247505188
7110.0 0.6972822546958923
7120.0 0.7802572250366211
7130.0 0.8402915000915527
7140.0 0.9003257751464844
7150.0 0.9325054287910461
7160.0 0.9646850824356079
7170.0 0.9769188165664673
7180.0 0.9891526103019714
7190.0 0.9904088377952576
7200.0 0.9916651844978333
7210.0 0.991578996181488
7220.0 0.9914929270744324
7230.0 0.9937447905540466
7240.0 0.9959967136383057
7250.0 1.0002989768981934
7260.0 1.004601240158081
7270.0 1.0085479021072388
7280.0 1.012494444847107
7290.0 1.0131522417068481
7300.0 1.0138099193572998
7310.0 1.0118831396102905
7320.0 1.0099563598632812
7330.0 1.007491111755371
7340.0 1.005025863647461
7350.0 1.004314661026001
7360.0 1.003603458404541
7370.0 1.0049619674682617
7380.0 1.006320595741272
7390.0 1.0091731548309326
7400.0 1.0120257139205933
7410.0 1.0137220621109009
7420.0 1.0154184103012085
7430.0 1.0159841775894165
7440.0 1.0165499448776245
7450.0 1.0160939693450928
7460.0 1.015637993812561
7470.0 1.0146812200546265
7480.0 1.0137242078781128
7490.0 1.0135048627853394
7500.0 1.0132853984832764
7510.0 1.0131982564926147
7520.0 1.0131109952926636
7530.0 1.0133159160614014
7540.0 1.0135209560394287
7550.0 1.0125226974487305
7560.0 1.0115245580673218
7570.0 1.0096609592437744
7580.0 1.007797360420227
7590.0 0.9984530806541443
7600.0 0.9891088008880615
7610.0 0.9905683398246765
7620.0 0.9920278191566467
7630.0 0.9928249716758728
7640.0 0.9936221837997437
7650.0 0.9968932271003723
7660.0 1.0001643896102905
7670.0 1.0020923614501953
7680.0 1.0040203332901
7690.0 1.00430166721344
7700.0 1.0045830011367798
7710.0 1.0051757097244263
7720.0 1.0057684183120728
7730.0 1.00627601146698
7740.0 1.0067836046218872
7750.0 1.009419322013855
7760.0 1.0120550394058228
7770.0 1.012985110282898
7780.0 1.0139150619506836
7790.0 1.0140972137451172
7800.0 1.0142792463302612
7810.0 1.0132899284362793
7820.0 1.0123004913330078
7830.0 1.0112013816833496
7840.0 1.010102391242981
7850.0 1.0101888179779053
7860.0 1.0102753639221191
7870.0 1.010123610496521
7880.0 1.0099719762802124
7890.0 1.0075081586837769
7900.0 1.0050444602966309
7910.0 1.0009033679962158
7920.0 0.9967622756958008
7930.0 0.9920957684516907
7940.0 0.9874292612075806
7950.0 0.9828579425811768
7960.0 0.978286623954773
7970.0 0.976852297782898
7980.0 0.975417971611023
7990.0 0.9791091084480286
8000.0 0.9828002452850342
8010.0 0.9875073432922363
8020.0 0.9922145009040833
8030.0 0.9942528605461121
8040.0 0.9962912201881409
8050.0 0.9957131147384644
8060.0 0.9951350688934326
8070.0 0.9951292276382446
8080.0 0.9951233863830566
8090.0 0.9909743666648865
8100.0 0.9868253469467163
8110.0 0.9762328863143921
8120.0 0.982317328453064
8130.0 0.9812774062156677
8140.0 0.9802374243736267
8150.0 0.9810668230056763
8160.0 0.981896162033081
8170.0 0.9882314205169678
8180.0 0.9873944520950317
8190.0 0.9825190901756287
8200.0 0.9796707630157471
8210.0 0.9768224358558655
8220.0 0.9735127687454224
8230.0 0.9702031016349792
8240.0 0.9700122475624084
8250.0 0.9698213338851929
8260.0 0.9718835949897766
8270.0 0.9739459156990051
8280.0 0.9778013825416565
8290.0 0.9816569685935974
8300.0 0.9855124354362488
8310.0 0.996658444404602
8320.0 0.9986666440963745
8330.0 1.000674843788147
8340.0 1.0026830434799194
8350.0 0.9995216131210327
8360.0 0.9968277812004089
8370.0 0.9941338300704956
8380.0 0.991439938545227
8390.0 0.9913250803947449
8400.0 0.9856454133987427
8410.0 0.9862626194953918
8420.0 0.986879825592041
8430.0 0.9852055907249451
8440.0 0.991348922252655
8450.0 0.9896592497825623
8460.0 0.9879695177078247
8470.0 0.992992639541626
8480.0 0.9980157613754272
8490.0 0.999476432800293
8500.0 1.0009372234344482
8510.0 0.981403648853302
8520.0 0.9618701934814453
8530.0 0.8882396221160889
8540.0 0.814609169960022
8550.0 0.6735219359397888
8560.0 0.5324347615242004
8570.0 0.26022282242774963
8580.0 0.26241737604141235
8590.0 0.10073532164096832
8600.0 0.1001407727599144
8610.0 0.03591214120388031
8620.0 0.03613035008311272
8630.0 0.013561530038714409
8640.0 0.013630321249365807
8650.0 0.005670927930623293
8660.0 0.005495638120919466
8670.0 0.0025793833192437887
8680.0 0.002172724576666951
8690.0 0.0017660759622231126
8700.0 0.0
8710.0 0.0
8720.0 0.0
8730.0 0.0
8740.0 0.0
8750.0 0.0
