decam/transmission_system/n12/i_decam_sdss_c0003_7835.0_1470.0/2012-09-12T00:00:00.ecsv
# %ECSV 1.0
# ---
# datatype:
# - {name: wavelength, unit: Angstrom, datatype: float64}
# - {name: throughput, datatype: float64}
# meta: !!omap
# - {MODE: DETECTOR}
# - {TYPE: transmission_system}
# - {CALIBDATE: '2012-09-12T00:00:00'}
# - {INSTRUME: DECam}
# - {OBSTYPE: transmission_system}
# - {CALIBCLS: lsst.ip.isr.IntermediateSystemTransmissionCurve}
# - {DETECTOR: 43}
# - {DETECTOR_NAME: N12}
# - {SOURCE: i_band_per_detector_throughput.fits}
# - {FILTER: i DECam SDSS c0003 7835.0 1470.0}
# - {CALIB_CREATION_DATE: '2012-09-12'}
# - {CALIB_CREATION_TIME: '00:00:00'}
# schema: astropy-2.0
wavelength throughput
6700.0 0.0
6710.0 0.0
6720.0 0.0
6730.0 0.0
6740.0 0.0
6750.0 0.0
6760.0 0.0007054168381728232
6770.0 0.0008115004166029394
6780.0 0.0009175735176540911
6790.0 0.001013625180348754
6800.0 0.0011096663074567914
6810.0 0.001240456011146307
6820.0 0.001371256192214787
6830.0 0.0015472103841602802
6840.0 0.001723164808936417
6850.0 0.0019887734670192003
6860.0 0.0022543822415173054
6870.0 0.0026120757684111595
6880.0 0.0029697688296437263
6890.0 0.003458646358922124
6900.0 0.003947513643652201
6910.0 0.004689475521445274
6920.0 0.005431447643786669
6930.0 0.006900364998728037
6940.0 0.008369292132556438
6950.0 0.01176330167800188
6960.0 0.015157301910221577
6970.0 0.023606829345226288
6980.0 0.03205634653568268
6990.0 0.051820408552885056
7000.0 0.07158446311950684
7010.0 0.11085998266935349
7020.0 0.15013550221920013
7030.0 0.21477441489696503
7040.0 0.2794133424758911
7050.0 0.3674105107784271
7060.0 0.45540767908096313
7070.0 0.5492168068885803
7080.0 0.6430258750915527
7090.0 0.7200661897659302
7100.0 0.7971065044403076
7110.0 0.8472602963447571
7120.0 0.8974141478538513
7130.0 0.9219192266464233
7140.0 0.9464243054389954
7150.0 0.9560545682907104
7160.0 0.9656847715377808
7170.0 0.9711588621139526
7180.0 0.9766330122947693
7190.0 0.9791369438171387
7200.0 0.9816408753395081
7210.0 0.9837713837623596
7220.0 0.985901951789856
7230.0 0.9876999855041504
7240.0 0.9894980192184448
7250.0 0.9912925958633423
7260.0 0.9930872321128845
7270.0 0.9951606392860413
7280.0 0.9972341060638428
7290.0 0.9983664751052856
7300.0 0.9994988441467285
7310.0 0.9997111558914185
7320.0 0.9999234676361084
7330.0 0.9987999796867371
7340.0 0.9976765513420105
7350.0 0.996971845626831
7360.0 0.9962671995162964
7370.0 0.997343897819519
7380.0 0.9984205961227417
7390.0 1.0013418197631836
7400.0 1.004263162612915
7410.0 1.0059400796890259
7420.0 1.0076169967651367
7430.0 1.0077099800109863
7440.0 1.0078028440475464
7450.0 1.006809115409851
7460.0 1.0058155059814453
7470.0 1.0049577951431274
7480.0 1.00409996509552
7490.0 1.0047252178192139
7500.0 1.0053503513336182
7510.0 1.0060352087020874
7520.0 1.0067201852798462
7530.0 1.0071911811828613
7540.0 1.007662057876587
7550.0 1.0064582824707031
7560.0 1.0052543878555298
7570.0 1.0034457445144653
7580.0 1.0016369819641113
7590.0 0.9930081367492676
7600.0 0.984379231929779
7610.0 0.9870574474334717
7620.0 0.9897357225418091
7630.0 0.9917541742324829
7640.0 0.9937726259231567
7650.0 0.9976457953453064
7660.0 1.001518964767456
7670.0 1.002995491027832
7680.0 1.004472017288208
7690.0 1.0037349462509155
7700.0 1.0029977560043335
7710.0 1.0026530027389526
7720.0 1.0023082494735718
7730.0 1.002074956893921
7740.0 1.0018417835235596
7750.0 1.004143476486206
7760.0 1.0064451694488525
7770.0 1.007393717765808
7780.0 1.0083422660827637
7790.0 1.0090415477752686
7800.0 1.0097408294677734
7810.0 1.0093234777450562
7820.0 1.0089061260223389
7830.0 1.0080937147140503
7840.0 1.0072813034057617
7850.0 1.0069977045059204
7860.0 1.0067139863967896
7870.0 1.0057276487350464
7880.0 1.0047411918640137
7890.0 1.0018813610076904
7900.0 0.999021589756012
7910.0 0.9956858158111572
7920.0 0.9923500418663025
7930.0 0.9896332621574402
7940.0 0.9869164824485779
7950.0 0.9841963052749634
7960.0 0.9814760684967041
7970.0 0.9808806777000427
7980.0 0.9802852272987366
7990.0 0.9831336140632629
8000.0 0.9859819412231445
8010.0 0.988921046257019
8020.0 0.9918600916862488
8030.0 0.9924488067626953
8040.0 0.9930376410484314
8050.0 0.9919182658195496
8060.0 0.9907989501953125
8070.0 0.9923838973045349
8080.0 0.9939688444137573
8090.0 0.9925242066383362
8100.0 0.9910796880722046
8110.0 0.9849111437797546
8120.0 0.9901699423789978
8130.0 0.9892098307609558
8140.0 0.9882497787475586
8150.0 0.9870951175689697
8160.0 0.9859405159950256
8170.0 0.9869668483734131
8180.0 0.9856076836585999
8190.0 0.9788444638252258
8200.0 0.9769393801689148
8210.0 0.9750342965126038
8220.0 0.9742283821105957
8230.0 0.9734223484992981
8240.0 0.9749416708946228
8250.0 0.9764609336853027
8260.0 0.9789162874221802
8270.0 0.9813715815544128
8280.0 0.9842315316200256
8290.0 0.987091600894928
8300.0 0.9899515509605408
8310.0 0.9963087439537048
8320.0 0.997758686542511
8330.0 0.9992086887359619
8340.0 1.000658631324768
8350.0 1.000035047531128
8360.0 0.9990904331207275
8370.0 0.9981458783149719
8380.0 0.9972012639045715
8390.0 1.00090491771698
8400.0 0.9955412149429321
8410.0 0.9967439770698547
8420.0 0.9979467988014221
8430.0 0.9958094954490662
8440.0 1.0019780397415161
8450.0 1.0000555515289307
8460.0 0.9981330037117004
8470.0 1.0041366815567017
8480.0 1.010140299797058
8490.0 1.0148953199386597
8500.0 1.0196503400802612
8510.0 1.0062119960784912
8520.0 0.992773711681366
8530.0 0.9254047870635986
8540.0 0.8580359220504761
8550.0 0.7095928192138672
8560.0 0.5611496567726135
8570.0 0.26344746351242065
8580.0 0.262065052986145
8590.0 0.09666837006807327
8600.0 0.09521907567977905
8610.0 0.034832797944545746
8620.0 0.034608323127031326
8630.0 0.01355308759957552
8640.0 0.013793242163956165
8650.0 0.0058654192835092545
8660.0 0.006262337323278189
8670.0 0.002906658686697483
8680.0 0.002490289742127061
8690.0 0.0020739210303872824
8700.0 0.0
8710.0 0.0
8720.0 0.0
8730.0 0.0
8740.0 0.0
8750.0 0.0
