decam/transmission_system/s11/y_decam_c0005_10095.0_1130.0/2012-09-12T00:00:00.ecsv
# %ECSV 1.0
# ---
# datatype:
# - {name: wavelength, unit: Angstrom, datatype: float64}
# - {name: throughput, datatype: float64}
# meta: !!omap
# - {MODE: DETECTOR}
# - {TYPE: transmission_system}
# - {CALIBDATE: '2012-09-12T00:00:00'}
# - {INSTRUME: DECam}
# - {OBSTYPE: transmission_system}
# - {CALIBCLS: lsst.ip.isr.IntermediateSystemTransmissionCurve}
# - {DETECTOR: 22}
# - {DETECTOR_NAME: S11}
# - {SOURCE: Y_band_per_detector_throughput.fits}
# - {FILTER: Y DECam c0005 10095.0 1130.0}
# - {CALIB_CREATION_DATE: '2012-09-12'}
# - {CALIB_CREATION_TIME: '00:00:00'}
# schema: astropy-2.0
wavelength throughput
9250.0 0.0
9260.0 0.0
9270.0 0.0
9280.0 0.0
9290.0 0.0
9300.0 0.0
9310.0 0.006139273755252361
9320.0 0.006962415762245655
9330.0 0.007785558234900236
9340.0 0.008959549479186535
9350.0 0.010133541189134121
9360.0 0.011561966501176357
9370.0 0.012990382499992847
9380.0 0.015204917639493942
9390.0 0.017419451847672462
9400.0 0.021202601492404938
9410.0 0.02498576045036316
9420.0 0.03243735432624817
9430.0 0.03988894820213318
9440.0 0.05640716478228569
9450.0 0.07292536646127701
9460.0 0.07612691074609756
9470.0 0.1528959721326828
9480.0 0.15857578814029694
9490.0 0.315833181142807
9500.0 0.32043978571891785
9510.0 0.5546074509620667
9520.0 0.6585909128189087
9530.0 0.7625744342803955
9540.0 0.8066114783287048
9550.0 0.8506485819816589
9560.0 0.8601381778717041
9570.0 0.8696278929710388
9580.0 0.869105875492096
9590.0 0.8685838580131531
9600.0 0.8659992218017578
9610.0 0.8634145259857178
9620.0 0.8598024249076843
9630.0 0.8561903834342957
9640.0 0.8539968729019165
9650.0 0.8518033027648926
9660.0 0.8495125770568848
9670.0 0.847221851348877
9680.0 0.8444605469703674
9690.0 0.8416993021965027
9700.0 0.8395549654960632
9710.0 0.8374106287956238
9720.0 0.828952431678772
9730.0 0.8204941749572754
9740.0 0.814559817314148
9750.0 0.8086255192756653
9760.0 0.8020008206367493
9770.0 0.795376181602478
9780.0 0.7879388928413391
9790.0 0.780501663684845
9800.0 0.7736856341362
9810.0 0.7668696641921997
9820.0 0.7603234052658081
9830.0 0.7537771463394165
9840.0 0.7461314797401428
9850.0 0.7384858727455139
9860.0 0.7314228415489197
9870.0 0.7243598103523254
9880.0 0.7147106528282166
9890.0 0.7050614953041077
9900.0 0.6960553526878357
9910.0 0.6870490908622742
9920.0 0.6768515110015869
9930.0 0.6666539907455444
9940.0 0.6581599116325378
9950.0 0.6496658325195312
9960.0 0.6395531296730042
9970.0 0.629440426826477
9980.0 0.6196627020835876
9990.0 0.6098849773406982
10000.0 0.5991724729537964
10010.0 0.5884599685668945
10020.0 0.5772191882133484
10030.0 0.5659784078598022
10040.0 0.5540953874588013
10050.0 0.5422122478485107
10060.0 0.5311351418495178
10070.0 0.5200580358505249
10080.0 0.5078223943710327
10090.0 0.4955867528915405
10100.0 0.4827316701412201
10110.0 0.46987655758857727
10120.0 0.45862889289855957
10130.0 0.44738125801086426
10140.0 0.4351887106895447
10150.0 0.4229961931705475
10160.0 0.41142737865448
10170.0 0.39985859394073486
10180.0 0.38752055168151855
10190.0 0.3751824200153351
10200.0 0.3636513352394104
10210.0 0.3521202504634857
10220.0 0.34039562940597534
10230.0 0.32867100834846497
10240.0 0.3169516921043396
10250.0 0.30523237586021423
10260.0 0.2943417727947235
10270.0 0.2834511399269104
10280.0 0.273649126291275
10290.0 0.26384711265563965
10300.0 0.25304123759269714
10310.0 0.24223540723323822
10320.0 0.23154519498348236
10330.0 0.2208549976348877
10340.0 0.2086382359266281
10350.0 0.19642147421836853
10360.0 0.18411719799041748
10370.0 0.17181292176246643
10380.0 0.16523054242134094
10390.0 0.15864819288253784
10400.0 0.15418829023838043
10410.0 0.14972837269306183
10420.0 0.1456068903207779
10430.0 0.14148542284965515
10440.0 0.1373330056667328
10450.0 0.1331806182861328
10460.0 0.12927405536174774
10470.0 0.12536747753620148
10480.0 0.12192335724830627
10490.0 0.11847921460866928
10500.0 0.11464973539113998
10510.0 0.1108202412724495
10520.0 0.10810194164514542
10530.0 0.10538363456726074
10540.0 0.10364708304405212
10550.0 0.1019105389714241
10560.0 0.1011175736784935
10570.0 0.1003245934844017
10580.0 0.09944254904985428
10590.0 0.09856051206588745
10600.0 0.09551915526390076
10610.0 0.09247779846191406
10620.0 0.08365602791309357
10630.0 0.07483425736427307
10640.0 0.061325300484895706
10650.0 0.047816336154937744
10660.0 0.03548784926533699
10670.0 0.023159367963671684
10680.0 0.016203826293349266
10690.0 0.009248275309801102
10700.0 0.0
10710.0 0.0
10720.0 0.0
10730.0 0.0
10740.0 0.0
10750.0 0.0
