decam/transmission_system/n15/y_decam_c0005_10095.0_1130.0/2012-09-12T00:00:00.ecsv
# %ECSV 1.0
# ---
# datatype:
# - {name: wavelength, unit: Angstrom, datatype: float64}
# - {name: throughput, datatype: float64}
# meta: !!omap
# - {MODE: DETECTOR}
# - {TYPE: transmission_system}
# - {CALIBDATE: '2012-09-12T00:00:00'}
# - {INSTRUME: DECam}
# - {OBSTYPE: transmission_system}
# - {CALIBCLS: lsst.ip.isr.IntermediateSystemTransmissionCurve}
# - {DETECTOR: 46}
# - {DETECTOR_NAME: N15}
# - {SOURCE: Y_band_per_detector_throughput.fits}
# - {FILTER: Y DECam c0005 10095.0 1130.0}
# - {CALIB_CREATION_DATE: '2012-09-12'}
# - {CALIB_CREATION_TIME: '00:00:00'}
# schema: astropy-2.0
wavelength throughput
9250.0 0.0
9260.0 0.0
9270.0 0.0
9280.0 0.0
9290.0 0.0
9300.0 0.0
9310.0 0.006408184766769409
9320.0 0.007266927044838667
9330.0 0.008125669322907925
9340.0 0.009229706600308418
9350.0 0.010333733633160591
9360.0 0.011709009297192097
9370.0 0.013084284029901028
9380.0 0.015338688157498837
9390.0 0.01759309135377407
9400.0 0.02157152071595192
9410.0 0.02554995007812977
9420.0 0.03357766941189766
9430.0 0.041605394333601
9440.0 0.060052044689655304
9450.0 0.07849869877099991
9460.0 0.0808863639831543
9470.0 0.16456195712089539
9480.0 0.16858240962028503
9490.0 0.32385170459747314
9500.0 0.3345099091529846
9510.0 0.5524935126304626
9520.0 0.6546690464019775
9530.0 0.7568446397781372
9540.0 0.8031219840049744
9550.0 0.8493992686271667
9560.0 0.8580220937728882
9570.0 0.8666449785232544
9580.0 0.8648580312728882
9590.0 0.8630711436271667
9600.0 0.860539436340332
9610.0 0.8580077290534973
9620.0 0.8549290895462036
9630.0 0.8518503904342651
9640.0 0.8500169515609741
9650.0 0.8481835126876831
9660.0 0.8460260033607483
9670.0 0.8438684940338135
9680.0 0.8404558897018433
9690.0 0.837043285369873
9700.0 0.8344055414199829
9710.0 0.8317678570747375
9720.0 0.8229249715805054
9730.0 0.8140820860862732
9740.0 0.8080214858055115
9750.0 0.8019608855247498
9760.0 0.7956512570381165
9770.0 0.7893415689468384
9780.0 0.7826438546180725
9790.0 0.7759461998939514
9800.0 0.7700061202049255
9810.0 0.7640660405158997
9820.0 0.7582387328147888
9830.0 0.7524113655090332
9840.0 0.7450765371322632
9850.0 0.7377417087554932
9860.0 0.7306833267211914
9870.0 0.7236249446868896
9880.0 0.7138980031013489
9890.0 0.7041710019111633
9900.0 0.6951387524604797
9910.0 0.6861065626144409
9920.0 0.675944447517395
9930.0 0.6657822728157043
9940.0 0.6575162410736084
9950.0 0.6492500901222229
9960.0 0.6393025517463684
9970.0 0.6293548941612244
9980.0 0.6197292804718018
9990.0 0.6101037263870239
10000.0 0.5993192195892334
10010.0 0.5885347127914429
10020.0 0.5771083831787109
10030.0 0.565682053565979
10040.0 0.5535460114479065
10050.0 0.541409969329834
10060.0 0.5301780700683594
10070.0 0.51894611120224
10080.0 0.5066125392913818
10090.0 0.4942788779735565
10100.0 0.48139500617980957
10110.0 0.46851110458374023
10120.0 0.457137793302536
10130.0 0.4457644522190094
10140.0 0.4336647689342499
10150.0 0.42156508564949036
10160.0 0.41013801097869873
10170.0 0.3987109661102295
10180.0 0.38638097047805786
10190.0 0.3740510046482086
10200.0 0.36260947585105896
10210.0 0.3511679768562317
10220.0 0.33957532048225403
10230.0 0.32798269391059875
10240.0 0.31648382544517517
10250.0 0.3049849569797516
10260.0 0.2942659556865692
10270.0 0.28354692459106445
10280.0 0.27399110794067383
10290.0 0.2644352614879608
10300.0 0.2538769543170929
10310.0 0.2433186024427414
10320.0 0.23300780355930328
10330.0 0.22269697487354279
10340.0 0.21102626621723175
10350.0 0.19935555756092072
10360.0 0.1867901235818863
10370.0 0.17422468960285187
10380.0 0.1669904589653015
10390.0 0.15975619852542877
10400.0 0.1550949215888977
10410.0 0.15043364465236664
10420.0 0.14628036320209503
10430.0 0.14212706685066223
10440.0 0.13803957402706146
10450.0 0.1339520663022995
10460.0 0.13006381690502167
10470.0 0.12617556750774384
10480.0 0.12264936417341232
10490.0 0.119123175740242
10500.0 0.11508429050445557
10510.0 0.11104538291692734
10520.0 0.10824328660964966
10530.0 0.10544121265411377
10540.0 0.10346230119466782
10550.0 0.10148335993289948
10560.0 0.10037066787481308
10570.0 0.09925799071788788
10580.0 0.09766227006912231
10590.0 0.09606653451919556
10600.0 0.09158491343259811
10610.0 0.08710328489542007
10620.0 0.07657980918884277
10630.0 0.06605635583400726
10640.0 0.0523543581366539
10650.0 0.03865234553813934
10660.0 0.027994899079203606
10670.0 0.01733745075762272
10680.0 0.012018567882478237
10690.0 0.006699673365801573
10700.0 0.0
10710.0 0.0
10720.0 0.0
10730.0 0.0
10740.0 0.0
10750.0 0.0
