decam/transmission_system/s28/z_decam_sdss_c0004_9260.0_1520.0/2012-09-12T00:00:00.ecsv
# %ECSV 1.0
# ---
# datatype:
# - {name: wavelength, unit: Angstrom, datatype: float64}
# - {name: throughput, datatype: float64}
# meta: !!omap
# - {MODE: DETECTOR}
# - {TYPE: transmission_system}
# - {CALIBDATE: '2012-09-12T00:00:00'}
# - {INSTRUME: DECam}
# - {OBSTYPE: transmission_system}
# - {CALIBCLS: lsst.ip.isr.IntermediateSystemTransmissionCurve}
# - {DETECTOR: 7}
# - {DETECTOR_NAME: S28}
# - {SOURCE: z_band_per_detector_throughput.fits}
# - {FILTER: z DECam SDSS c0004 9260.0 1520.0}
# - {CALIB_CREATION_DATE: '2012-09-12'}
# - {CALIB_CREATION_TIME: '00:00:00'}
# schema: astropy-2.0
wavelength throughput
8200.0 0.0
8210.0 0.0
8220.0 0.0
8230.0 0.0
8240.0 0.0
8250.0 0.0
8260.0 0.005460183136165142
8270.0 0.006175756920129061
8280.0 0.006094441749155521
8290.0 0.006605158559978008
8300.0 0.0071158865466713905
8310.0 0.007677719462662935
8320.0 0.00883356761187315
8330.0 0.009989416226744652
8340.0 0.011145265772938728
8350.0 0.016061311587691307
8360.0 0.017129646614193916
8370.0 0.01819799095392227
8380.0 0.019266335293650627
8390.0 0.029485665261745453
8400.0 0.03638376668095589
8410.0 0.04328186810016632
8420.0 0.050179969519376755
8430.0 0.10520154237747192
8440.0 0.09923208504915237
8450.0 0.15675689280033112
8460.0 0.21428167819976807
8470.0 0.414424329996109
8480.0 0.40903595089912415
8490.0 0.53650963306427
8500.0 0.6639832854270935
8510.0 0.7601738572120667
8520.0 0.8563644886016846
8530.0 0.9081015586853027
8540.0 0.9598387479782104
8550.0 0.9703993201255798
8560.0 0.980959951877594
8570.0 0.9731597304344177
8580.0 0.9825072884559631
8590.0 0.9676672220230103
8600.0 0.9662052392959595
8610.0 0.9731088876724243
8620.0 0.9778273701667786
8630.0 0.9887158274650574
8640.0 0.9965948462486267
8650.0 0.9993115663528442
8660.0 0.9968008995056152
8670.0 1.0032939910888672
8680.0 1.002536416053772
8690.0 1.0017788410186768
8700.0 1.0016436576843262
8710.0 1.0015084743499756
8720.0 1.0015851259231567
8730.0 1.001661777496338
8740.0 0.9996563792228699
8750.0 1.00288724899292
8760.0 1.0047107934951782
8770.0 1.006534457206726
8780.0 1.0090118646621704
8790.0 1.0114893913269043
8800.0 1.014488935470581
8810.0 1.0174884796142578
8820.0 1.0204541683197021
8830.0 1.023419976234436
8840.0 1.0253791809082031
8850.0 1.0273383855819702
8860.0 1.0286344289779663
8870.0 1.029930591583252
8880.0 1.0305845737457275
8890.0 1.0312385559082031
8900.0 1.027021050453186
8910.0 1.025128722190857
8920.0 1.0234718322753906
8930.0 1.0218151807785034
8940.0 1.020158290863037
8950.0 1.0189940929412842
8960.0 1.0178297758102417
8970.0 1.0180000066757202
8980.0 1.0181703567504883
8990.0 1.0198265314102173
9000.0 1.0214827060699463
9010.0 1.0239481925964355
9020.0 1.0264136791229248
9030.0 1.028676986694336
9040.0 1.030940294265747
9050.0 1.031040906906128
9060.0 1.034690499305725
9070.0 1.0334290266036987
9080.0 1.0321674346923828
9090.0 1.0295242071151733
9100.0 1.0268809795379639
9110.0 1.0239171981811523
9120.0 1.0247516632080078
9130.0 1.0231297016143799
9140.0 1.0215890407562256
9150.0 1.0238388776779175
9160.0 1.0240585803985596
9170.0 1.0242785215377808
9180.0 1.0258809328079224
9190.0 1.027483344078064
9200.0 1.0271790027618408
9210.0 1.0268746614456177
9220.0 1.0257292985916138
9230.0 1.0245840549468994
9240.0 1.0187311172485352
9250.0 1.012878179550171
9260.0 1.0080262422561646
9270.0 1.0031741857528687
9280.0 0.9940605759620667
9290.0 0.9849468469619751
9300.0 0.9778811931610107
9310.0 0.9708155393600464
9320.0 0.9642899632453918
9330.0 0.9577642679214478
9340.0 0.9483813047409058
9350.0 0.938998281955719
9360.0 0.9274019002914429
9370.0 0.9158055186271667
9380.0 0.9077174663543701
9390.0 0.8996294736862183
9400.0 0.8882160782814026
9410.0 0.8768026828765869
9420.0 0.8688793182373047
9430.0 0.8609559535980225
9440.0 0.8548535108566284
9450.0 0.8580347895622253
9460.0 0.8592823147773743
9470.0 0.8582963943481445
9480.0 0.859531044960022
9490.0 0.8607656359672546
9500.0 0.860335648059845
9510.0 0.8648092746734619
9520.0 0.8669221997261047
9530.0 0.869035005569458
9540.0 0.871917724609375
9550.0 0.874800443649292
9560.0 0.8776073455810547
9570.0 0.8804143071174622
9580.0 0.8808372616767883
9590.0 0.8812601566314697
9600.0 0.8787198066711426
9610.0 0.8761793971061707
9620.0 0.8731975555419922
9630.0 0.8702158331871033
9640.0 0.8663564324378967
9650.0 0.8624970316886902
9660.0 0.8596051335334778
9670.0 0.8567131757736206
9680.0 0.8535136580467224
9690.0 0.850314199924469
9700.0 0.847114622592926
9710.0 0.8439151644706726
9720.0 0.840305745601654
9730.0 0.836696207523346
9740.0 0.8326005339622498
9750.0 0.8285048007965088
9760.0 0.8220229744911194
9770.0 0.8155410885810852
9780.0 0.8079235553741455
9790.0 0.8003060221672058
9800.0 0.790680468082428
9810.0 0.7810549736022949
9820.0 0.7718851566314697
9830.0 0.7627153992652893
9840.0 0.7536804676055908
9850.0 0.7446455955505371
9860.0 0.7346421480178833
9870.0 0.7246387600898743
9880.0 0.714582085609436
9890.0 0.7045254111289978
9900.0 0.6902228593826294
9910.0 0.675920307636261
9920.0 0.6536900997161865
9930.0 0.6314599514007568
9940.0 0.5909733176231384
9950.0 0.5504867434501648
9960.0 0.5008757710456848
9970.0 0.4512648284435272
9980.0 0.3962901532649994
9990.0 0.3413154184818268
10000.0 0.27950671315193176
10010.0 0.21769800782203674
10020.0 0.15928834676742554
10030.0 0.10087867826223373
10040.0 0.06942915171384811
10050.0 0.0379796139895916
10060.0 0.026271484792232513
10070.0 0.014563368633389473
10080.0 0.010747537948191166
10090.0 0.006931707262992859
10100.0 0.005336663220077753
10110.0 0.003741629421710968
10120.0 0.0027951644733548164
10130.0 0.0018487100023776293
10140.0 0.001899565802887082
10150.0 0.0
10160.0 0.0
10170.0 0.0
10180.0 0.0
10190.0 0.0
10200.0 0.0
