decam/transmission_system/n27/i_decam_sdss_c0003_7835.0_1470.0/2012-09-12T00:00:00.ecsv
# %ECSV 1.0
# ---
# datatype:
# - {name: wavelength, unit: Angstrom, datatype: float64}
# - {name: throughput, datatype: float64}
# meta: !!omap
# - {MODE: DETECTOR}
# - {TYPE: transmission_system}
# - {CALIBDATE: '2012-09-12T00:00:00'}
# - {INSTRUME: DECam}
# - {OBSTYPE: transmission_system}
# - {CALIBCLS: lsst.ip.isr.IntermediateSystemTransmissionCurve}
# - {DETECTOR: 58}
# - {DETECTOR_NAME: N27}
# - {SOURCE: i_band_per_detector_throughput.fits}
# - {FILTER: i DECam SDSS c0003 7835.0 1470.0}
# - {CALIB_CREATION_DATE: '2012-09-12'}
# - {CALIB_CREATION_TIME: '00:00:00'}
# schema: astropy-2.0
wavelength throughput
6700.0 0.0
6710.0 0.0
6720.0 0.0
6730.0 0.0
6740.0 0.0
6750.0 0.0
6760.0 0.0008836351335048676
6770.0 0.0010163355618715286
6780.0 0.001149046584032476
6790.0 0.0012837410904467106
6800.0 0.001418425003066659
6810.0 0.0016011401312425733
6820.0 0.0017838655039668083
6830.0 0.002012835815548897
6840.0 0.0022418058943003416
6850.0 0.002548861550167203
6860.0 0.0028559172060340643
6870.0 0.003259232034906745
6880.0 0.0036625470966100693
6890.0 0.004184085875749588
6900.0 0.0047056241892278194
6910.0 0.005388920661062002
6920.0 0.006072206888347864
6930.0 0.007188602816313505
6940.0 0.008304988034069538
6950.0 0.010274622589349747
6960.0 0.01224425621330738
6970.0 0.016446568071842194
6980.0 0.020648878067731857
6990.0 0.03038659319281578
7000.0 0.0401243157684803
7010.0 0.061214886605739594
7020.0 0.08230545371770859
7030.0 0.12136689573526382
7040.0 0.16042833030223846
7050.0 0.2221929132938385
7060.0 0.28395751118659973
7070.0 0.3649715185165405
7080.0 0.4459855258464813
7090.0 0.532961905002594
7100.0 0.6199381351470947
7110.0 0.6959785223007202
7120.0 0.7720188498497009
7130.0 0.8274304270744324
7140.0 0.8828420042991638
7150.0 0.9149184823036194
7160.0 0.9469950199127197
7170.0 0.9612401127815247
7180.0 0.9754851460456848
7190.0 0.9772165417671204
7200.0 0.9789479970932007
7210.0 0.9776158928871155
7220.0 0.976283848285675
7230.0 0.9773769378662109
7240.0 0.978469967842102
7250.0 0.9834579229354858
7260.0 0.9884458780288696
7270.0 0.9951913952827454
7280.0 1.0019367933273315
7290.0 1.005152940750122
7300.0 1.008368968963623
7310.0 1.006529450416565
7320.0 1.0046900510787964
7330.0 0.9999858140945435
7340.0 0.9952816367149353
7350.0 0.9924538731575012
7360.0 0.9896260499954224
7370.0 0.9909525513648987
7380.0 0.9922789931297302
7390.0 0.9971203804016113
7400.0 1.0019617080688477
7410.0 1.0059356689453125
7420.0 1.0099096298217773
7430.0 1.011406660079956
7440.0 1.0129036903381348
7450.0 1.0120115280151367
7460.0 1.0111192464828491
7470.0 1.0096650123596191
7480.0 1.0082107782363892
7490.0 1.008323073387146
7500.0 1.0084353685379028
7510.0 1.0094295740127563
7520.0 1.0104237794876099
7530.0 1.0116384029388428
7540.0 1.0128530263900757
7550.0 1.0118937492370605
7560.0 1.0109343528747559
7570.0 1.0083014965057373
7580.0 1.0056686401367188
7590.0 0.9953853487968445
7600.0 0.9851019978523254
7610.0 0.98617023229599
7620.0 0.9872384667396545
7630.0 0.988259494304657
7640.0 0.9892805218696594
7650.0 0.9928179979324341
7660.0 0.9963554739952087
7670.0 0.9981355667114258
7680.0 0.9999157786369324
7690.0 0.9999393224716187
7700.0 0.9999629259109497
7710.0 1.0008472204208374
7720.0 1.001731514930725
7730.0 1.0032362937927246
7740.0 1.0047409534454346
7750.0 1.0089999437332153
7760.0 1.0132590532302856
7770.0 1.0154950618743896
7780.0 1.0177310705184937
7790.0 1.0181819200515747
7800.0 1.0186330080032349
7810.0 1.0171126127243042
7820.0 1.015592336654663
7830.0 1.0138479471206665
7840.0 1.0121036767959595
7850.0 1.0125811100006104
7860.0 1.0130586624145508
7870.0 1.0143121480941772
7880.0 1.0155656337738037
7890.0 1.0145455598831177
7900.0 1.0135256052017212
7910.0 1.00957453250885
7920.0 1.0056235790252686
7930.0 0.9990854859352112
7940.0 0.9925473928451538
7950.0 0.9848381280899048
7960.0 0.9771288633346558
7970.0 0.9735256433486938
7980.0 0.9699224233627319
7990.0 0.9735136032104492
8000.0 0.9771047830581665
8010.0 0.9829626679420471
8020.0 0.9888206124305725
8030.0 0.9937202334403992
8040.0 0.9986198544502258
8050.0 1.0005848407745361
8060.0 1.0025497674942017
8070.0 1.0031487941741943
8080.0 1.003747820854187
8090.0 0.9982627034187317
8100.0 0.9927777051925659
8110.0 0.9807838201522827
8120.0 0.9854324460029602
8130.0 0.9850090146064758
8140.0 0.9845856428146362
8150.0 0.9877693057060242
8160.0 0.9909530878067017
8170.0 1.00308358669281
8180.0 1.0020544528961182
8190.0 0.999700665473938
8200.0 0.9949979782104492
8210.0 0.99029541015625
8220.0 0.9828916788101196
8230.0 0.9754879474639893
8240.0 0.9713274836540222
8250.0 0.9671670794487
8260.0 0.9678245782852173
8270.0 0.9684820771217346
8280.0 0.9736989140510559
8290.0 0.9789158701896667
8300.0 0.984132707118988
8310.0 1.0026257038116455
8320.0 1.006639838218689
8330.0 1.0106539726257324
8340.0 1.0146679878234863
8350.0 1.0113006830215454
8360.0 1.0067722797393799
8370.0 1.0022437572479248
8380.0 0.997715413570404
8390.0 0.9902105331420898
8400.0 0.9853532314300537
8410.0 0.9842519760131836
8420.0 0.9831507205963135
8430.0 0.9837677478790283
8440.0 0.9894323945045471
8450.0 0.9901936054229736
8460.0 0.9909548759460449
8470.0 0.9983640909194946
8480.0 1.0057733058929443
8490.0 1.0103034973144531
8500.0 1.0148338079452515
8510.0 1.0060789585113525
8520.0 0.9973241686820984
8530.0 0.948728084564209
8540.0 0.9001320004463196
8550.0 0.7827280759811401
8560.0 0.6653241515159607
8570.0 0.3856191039085388
8580.0 0.3844825029373169
8590.0 0.16851693391799927
8600.0 0.16610673069953918
8610.0 0.06187673285603523
8620.0 0.06083129718899727
8630.0 0.021598687395453453
8640.0 0.021874506026506424
8650.0 0.00852233823388815
8660.0 0.008007497526705265
8670.0 0.00371517869643867
8680.0 0.002944584935903549
8690.0 0.0021740018855780363
8700.0 0.0
8710.0 0.0
8720.0 0.0
8730.0 0.0
8740.0 0.0
8750.0 0.0
