decam/transmission_system/s5/g_decam_sdss_c0001_4720.0_1520.0/2012-09-12T00:00:00.ecsv
# %ECSV 1.0
# ---
# datatype:
# - {name: wavelength, unit: Angstrom, datatype: float64}
# - {name: throughput, datatype: float64}
# meta: !!omap
# - {MODE: DETECTOR}
# - {TYPE: transmission_system}
# - {CALIBDATE: '2012-09-12T00:00:00'}
# - {INSTRUME: DECam}
# - {OBSTYPE: transmission_system}
# - {CALIBCLS: lsst.ip.isr.IntermediateSystemTransmissionCurve}
# - {DETECTOR: 29}
# - {DETECTOR_NAME: S5}
# - {SOURCE: g_band_per_detector_throughput.fits}
# - {FILTER: g DECam SDSS c0001 4720.0 1520.0}
# - {CALIB_CREATION_DATE: '2012-09-12'}
# - {CALIB_CREATION_TIME: '00:00:00'}
# schema: astropy-2.0
wavelength throughput
3750.0 0.0
3760.0 0.0
3770.0 0.0
3780.0 0.0
3790.0 0.0
3800.0 0.0
3810.0 0.0007009096443653107
3820.0 0.0009013313101604581
3830.0 0.0009175839368253946
3840.0 0.0011527956230565906
3850.0 0.0013471731217578053
3860.0 0.0015415506204590201
3870.0 0.0018935527186840773
3880.0 0.0022455654107034206
3890.0 0.0028238999657332897
3900.0 0.003402224276214838
3910.0 0.0035634005907922983
3920.0 0.006735533010214567
3930.0 0.013447138480842113
3940.0 0.02015874534845352
3950.0 0.0209063570946455
3960.0 0.1183081567287445
3970.0 0.2280903160572052
3980.0 0.3378725051879883
3990.0 0.33541637659072876
4000.0 0.3708737790584564
4010.0 0.3880804777145386
4020.0 0.4052872061729431
4030.0 0.4096500277519226
4040.0 0.4155500531196594
4050.0 0.415509432554245
4060.0 0.4237898290157318
4070.0 0.42788490653038025
4080.0 0.4413191080093384
4090.0 0.4420863687992096
4100.0 0.44707217812538147
4110.0 0.45110341906547546
4120.0 0.45513468980789185
4130.0 0.4578360617160797
4140.0 0.4641073942184448
4150.0 0.46660366654396057
4160.0 0.4789716303348541
4170.0 0.4875395596027374
4180.0 0.49610745906829834
4190.0 0.4973453879356384
4200.0 0.49801430106163025
4210.0 0.4991562068462372
4220.0 0.5011953711509705
4230.0 0.5016065835952759
4240.0 0.5188345909118652
4250.0 0.5223725438117981
4260.0 0.525910496711731
4270.0 0.5292758941650391
4280.0 0.5384383797645569
4290.0 0.5381777286529541
4300.0 0.5492349863052368
4310.0 0.5522553324699402
4320.0 0.5552757382392883
4330.0 0.5590222477912903
4340.0 0.5627686977386475
4350.0 0.5687469244003296
4360.0 0.5747252106666565
4370.0 0.5788674354553223
4380.0 0.583009660243988
4390.0 0.5892353057861328
4400.0 0.5954608917236328
4410.0 0.598807156085968
4420.0 0.6021534204483032
4430.0 0.6053102016448975
4440.0 0.6084669828414917
4450.0 0.6116512417793274
4460.0 0.6148355007171631
4470.0 0.617972731590271
4480.0 0.6211098432540894
4490.0 0.6236053705215454
4500.0 0.6261008381843567
4510.0 0.6290959715843201
4520.0 0.6320911049842834
4530.0 0.6368057727813721
4540.0 0.6415203809738159
4550.0 0.6431019306182861
4560.0 0.6446835994720459
4570.0 0.6453540325164795
4580.0 0.6460245251655579
4590.0 0.6492975354194641
4600.0 0.6525705456733704
4610.0 0.6567699313163757
4620.0 0.6609693169593811
4630.0 0.6644784808158875
4640.0 0.6679876446723938
4650.0 0.670174777507782
4660.0 0.6723619699478149
4670.0 0.6724534034729004
4680.0 0.6725447773933411
4690.0 0.6736322045326233
4700.0 0.6747197508811951
4710.0 0.6763493418693542
4720.0 0.6779788732528687
4730.0 0.6811753511428833
4740.0 0.684371829032898
4750.0 0.6892476081848145
4760.0 0.694123387336731
4770.0 0.6944515109062195
4780.0 0.694779634475708
4790.0 0.6944259405136108
4800.0 0.6940722465515137
4810.0 0.6985133290290833
4820.0 0.7029544115066528
4830.0 0.7042523622512817
4840.0 0.7055503129959106
4850.0 0.7031388878822327
4860.0 0.7007275223731995
4870.0 0.7035194635391235
4880.0 0.7063113451004028
4890.0 0.7101810574531555
4900.0 0.714050829410553
4910.0 0.715065062046051
4920.0 0.7160792350769043
4930.0 0.715578556060791
4940.0 0.7150779366493225
4950.0 0.715502142906189
4960.0 0.7159263491630554
4970.0 0.7188869714736938
4980.0 0.7218475341796875
4990.0 0.7241613268852234
5000.0 0.726475179195404
5010.0 0.7287139296531677
5020.0 0.7309527397155762
5030.0 0.7309167981147766
5040.0 0.730880856513977
5050.0 0.7325004935264587
5060.0 0.73412024974823
5070.0 0.7388098239898682
5080.0 0.7434994578361511
5090.0 0.7457559704780579
5100.0 0.7480125427246094
5110.0 0.7457295060157776
5120.0 0.7434465289115906
5130.0 0.7438528537750244
5140.0 0.744259238243103
5150.0 0.7466784119606018
5160.0 0.7490975856781006
5170.0 0.7487175464630127
5180.0 0.7483373880386353
5190.0 0.750290036201477
5200.0 0.7522427439689636
5210.0 0.7568129301071167
5220.0 0.761383056640625
5230.0 0.7637679576873779
5240.0 0.7661527991294861
5250.0 0.766817569732666
5260.0 0.767482340335846
5270.0 0.76750648021698
5280.0 0.7675306797027588
5290.0 0.7678114771842957
5300.0 0.7680922746658325
5310.0 0.7700150609016418
5320.0 0.7719377875328064
5330.0 0.7749250531196594
5340.0 0.7779123783111572
5350.0 0.7819968461990356
5360.0 0.7860813140869141
5370.0 0.7865856289863586
5380.0 0.7870899438858032
5390.0 0.7877414226531982
5400.0 0.7883930206298828
5410.0 0.8016068935394287
5420.0 0.8148208260536194
5430.0 0.852299690246582
5440.0 0.8897784948348999
5450.0 0.880835771560669
5460.0 0.871893048286438
5470.0 0.6483656764030457
5480.0 0.42483827471733093
5490.0 0.2543714642524719
5500.0 0.0839046761393547
5510.0 0.05128871276974678
5520.0 0.018672754988074303
5530.0 0.0113689498975873
5540.0 0.004065145272761583
5550.0 0.0027317428030073643
5560.0 0.0013983403332531452
5570.0 0.001070254947990179
5580.0 0.0007421696209348738
5590.0 0.0006429193890653551
5600.0 0.0005436692154034972
5610.0 0.000484983145724982
5620.0 0.0004262866568751633
5630.0 0.0003863560559693724
5640.0 0.00034642545506358147
5650.0 0.0
5660.0 0.0
5670.0 0.0
5680.0 0.0
5690.0 0.0
5700.0 0.0
