decam/transmission_system/n23/r_decam_sdss_c0002_6415.0_1480.0/2012-09-12T00:00:00.ecsv
# %ECSV 1.0
# ---
# datatype:
# - {name: wavelength, unit: Angstrom, datatype: float64}
# - {name: throughput, datatype: float64}
# meta: !!omap
# - {MODE: DETECTOR}
# - {TYPE: transmission_system}
# - {CALIBDATE: '2012-09-12T00:00:00'}
# - {INSTRUME: DECam}
# - {OBSTYPE: transmission_system}
# - {CALIBCLS: lsst.ip.isr.IntermediateSystemTransmissionCurve}
# - {DETECTOR: 54}
# - {DETECTOR_NAME: N23}
# - {SOURCE: r_band_per_detector_throughput.fits}
# - {FILTER: r DECam SDSS c0002 6415.0 1480.0}
# - {CALIB_CREATION_DATE: '2012-09-12'}
# - {CALIB_CREATION_TIME: '00:00:00'}
# schema: astropy-2.0
wavelength throughput
5350.0 0.0
5360.0 0.0
5370.0 0.0
5380.0 0.0
5390.0 0.0
5400.0 0.0
5410.0 0.0027308082208037376
5420.0 0.003043097909539938
5430.0 0.003483684966340661
5440.0 0.003924261312931776
5450.0 0.004481046926230192
5460.0 0.005037842784076929
5470.0 0.00562021741643548
5480.0 0.006202591583132744
5490.0 0.00705704465508461
5500.0 0.007911487482488155
5510.0 0.00885785836726427
5520.0 0.00980423018336296
5530.0 0.010971887037158012
5540.0 0.01213954295963049
5550.0 0.013780863024294376
5560.0 0.015422183088958263
5570.0 0.01766461320221424
5580.0 0.019907040521502495
5590.0 0.023572195321321487
5600.0 0.027237359434366226
5610.0 0.0362471304833889
5620.0 0.04525689408183098
5630.0 0.0781361386179924
5640.0 0.11101539433002472
5650.0 0.2118135243654251
5660.0 0.3126116394996643
5670.0 0.47446706891059875
5680.0 0.6363224983215332
5690.0 0.7164533734321594
5700.0 0.7965842485427856
5710.0 0.8087797164916992
5720.0 0.8209752440452576
5730.0 0.8252651691436768
5740.0 0.8295551538467407
5750.0 0.8351085782051086
5760.0 0.8406620621681213
5770.0 0.843981921672821
5780.0 0.8473019003868103
5790.0 0.8491454124450684
5800.0 0.8509889841079712
5810.0 0.8561432957649231
5820.0 0.8612976670265198
5830.0 0.8623837828636169
5840.0 0.8634698987007141
5850.0 0.8622758388519287
5860.0 0.8610817193984985
5870.0 0.8585096001625061
5880.0 0.8559374213218689
5890.0 0.855987012386322
5900.0 0.8560366034507751
5910.0 0.8602058291435242
5920.0 0.864375114440918
5930.0 0.866170346736908
5940.0 0.8679655194282532
5950.0 0.8665482997894287
5960.0 0.8651310205459595
5970.0 0.865902841091156
5980.0 0.8666747212409973
5990.0 0.8692466616630554
6000.0 0.8718185424804688
6010.0 0.8734336495399475
6020.0 0.8750487565994263
6030.0 0.8769459128379822
6040.0 0.8794521689414978
6050.0 0.880311906337738
6060.0 0.8811716437339783
6070.0 0.8796284198760986
6080.0 0.878085196018219
6090.0 0.878480851650238
6100.0 0.8788765668869019
6110.0 0.8824970126152039
6120.0 0.8861173987388611
6130.0 0.888659656047821
6140.0 0.8912020325660706
6150.0 0.8917545676231384
6160.0 0.8923070430755615
6170.0 0.8941811323165894
6180.0 0.8960552215576172
6190.0 0.8960965871810913
6200.0 0.8961378931999207
6210.0 0.8960837125778198
6220.0 0.8960294723510742
6230.0 0.8972757458686829
6240.0 0.8985220789909363
6250.0 0.8983482718467712
6260.0 0.8981744647026062
6270.0 0.8989114761352539
6280.0 0.8996485471725464
6290.0 0.9021413922309875
6300.0 0.9046342968940735
6310.0 0.9047412872314453
6320.0 0.9048482179641724
6330.0 0.9040989875793457
6340.0 0.9033498167991638
6350.0 0.9057750105857849
6360.0 0.9082000851631165
6370.0 0.9101448655128479
6380.0 0.9120897054672241
6390.0 0.9120113849639893
6400.0 0.9119331240653992
6410.0 0.9129180312156677
6420.0 0.913902997970581
6430.0 0.9132698178291321
6440.0 0.9126366376876831
6450.0 0.9118334054946899
6460.0 0.911030113697052
6470.0 0.9120662808418274
6480.0 0.9131024479866028
6490.0 0.9133805632591248
6500.0 0.9136586785316467
6510.0 0.9128632545471191
6520.0 0.9120678901672363
6530.0 0.9141126871109009
6540.0 0.9161575436592102
6550.0 0.9186741709709167
6560.0 0.9211908578872681
6570.0 0.9216777086257935
6580.0 0.9221645593643188
6590.0 0.9225459098815918
6600.0 0.92292720079422
6610.0 0.922359824180603
6620.0 0.9217924475669861
6630.0 0.9203688502311707
6640.0 0.9189451932907104
6650.0 0.9186110496520996
6660.0 0.9182769060134888
6670.0 0.9207394123077393
6680.0 0.9232019186019897
6690.0 0.9252093434333801
6700.0 0.9272167682647705
6710.0 0.9274773597717285
6720.0 0.9277380108833313
6730.0 0.9271922707557678
6740.0 0.9266465902328491
6750.0 0.9253294467926025
6760.0 0.9240122437477112
6770.0 0.9233728051185608
6780.0 0.9227334260940552
6790.0 0.9236764311790466
6800.0 0.9246194362640381
6810.0 0.9250202775001526
6820.0 0.9254211783409119
6830.0 0.925567626953125
6840.0 0.9257140755653381
6850.0 0.9255895018577576
6860.0 0.9254649877548218
6870.0 0.9249227643013
6880.0 0.9243804216384888
6890.0 0.9238779544830322
6900.0 0.9233754277229309
6910.0 0.9216655492782593
6920.0 0.9199556708335876
6930.0 0.9191515445709229
6940.0 0.9183474779129028
6950.0 0.9177603125572205
6960.0 0.9171732068061829
6970.0 0.9157658219337463
6980.0 0.9143584966659546
6990.0 0.9145267009735107
7000.0 0.9146949648857117
7010.0 0.9156970381736755
7020.0 0.916699230670929
7030.0 0.9133017659187317
7040.0 0.9099043607711792
7050.0 0.9063305854797363
7060.0 0.9027568697929382
7070.0 0.8935419917106628
7080.0 0.8843269944190979
7090.0 0.8635887503623962
7100.0 0.8428504467010498
7110.0 0.8380799293518066
7120.0 0.8333094716072083
7130.0 0.7842323780059814
7140.0 0.7351553440093994
7150.0 0.557659924030304
7160.0 0.38016459345817566
7170.0 0.2498459666967392
7180.0 0.11952733993530273
7190.0 0.07723890244960785
7200.0 0.03495047986507416
7210.0 0.022484367713332176
7220.0 0.01001825649291277
7230.0 0.007899222895503044
7240.0 0.005780178587883711
7250.0 0.0041101542301476
7260.0 0.002440140349790454
7270.0 0.0018610474653542042
7280.0 0.001281954813748598
7290.0 0.0010188488522544503
7300.0 0.0007557428907603025
7310.0 0.000643677543848753
7320.0 0.000531622557900846
7330.0 0.00048056949162855744
7340.0 0.0004295268445275724
7350.0 0.0
7360.0 0.0
7370.0 0.0
7380.0 0.0
7390.0 0.0
7400.0 0.0
