decam/transmission_system/n31/i_decam_sdss_c0003_7835.0_1470.0/2012-09-12T00:00:00.ecsv
# %ECSV 1.0
# ---
# datatype:
# - {name: wavelength, unit: Angstrom, datatype: float64}
# - {name: throughput, datatype: float64}
# meta: !!omap
# - {MODE: DETECTOR}
# - {TYPE: transmission_system}
# - {CALIBDATE: '2012-09-12T00:00:00'}
# - {INSTRUME: DECam}
# - {OBSTYPE: transmission_system}
# - {CALIBCLS: lsst.ip.isr.IntermediateSystemTransmissionCurve}
# - {DETECTOR: 62}
# - {DETECTOR_NAME: N31}
# - {SOURCE: i_band_per_detector_throughput.fits}
# - {FILTER: i DECam SDSS c0003 7835.0 1470.0}
# - {CALIB_CREATION_DATE: '2012-09-12'}
# - {CALIB_CREATION_TIME: '00:00:00'}
# schema: astropy-2.0
wavelength throughput
6700.0 0.0
6710.0 0.0
6720.0 0.0
6730.0 0.0
6740.0 0.0
6750.0 0.0
6760.0 0.0013400072930380702
6770.0 0.0015521745663136244
6780.0 0.0017643313622102141
6790.0 0.001980745932087302
6800.0 0.0021971603855490685
6810.0 0.002445872873067856
6820.0 0.0026945851277559996
6830.0 0.0029855750035494566
6840.0 0.0032765751238912344
6850.0 0.003656139364466071
6860.0 0.0040356931276619434
6870.0 0.00450139120221138
6880.0 0.004967089276760817
6890.0 0.005513229873031378
6900.0 0.006059381645172834
6910.0 0.00670750392600894
6920.0 0.007355636451393366
6930.0 0.008242147974669933
6940.0 0.009128659963607788
6950.0 0.010407312773168087
6960.0 0.011685975827276707
6970.0 0.013979104347527027
6980.0 0.016272233799099922
6990.0 0.021390236914157867
7000.0 0.02650824375450611
7010.0 0.038420312106609344
7020.0 0.05033239349722862
7030.0 0.07505124807357788
7040.0 0.09977009892463684
7050.0 0.1440100222826004
7060.0 0.18824997544288635
7070.0 0.2550444006919861
7080.0 0.3218388557434082
7090.0 0.4084773063659668
7100.0 0.4951157867908478
7110.0 0.5866464376449585
7120.0 0.6781770586967468
7130.0 0.7535500526428223
7140.0 0.8289230465888977
7150.0 0.8763169050216675
7160.0 0.9237107634544373
7170.0 0.94516521692276
7180.0 0.9666197896003723
7190.0 0.968801736831665
7200.0 0.9709836840629578
7210.0 0.9678380489349365
7220.0 0.9646923542022705
7230.0 0.9654468894004822
7240.0 0.9662013053894043
7250.0 0.9729710221290588
7260.0 0.9797407388687134
7270.0 0.988612174987793
7280.0 0.9974836707115173
7290.0 1.0013090372085571
7300.0 1.0051344633102417
7310.0 1.0020899772644043
7320.0 0.9990454912185669
7330.0 0.9926417469978333
7340.0 0.9862380623817444
7350.0 0.9829942584037781
7360.0 0.9797505140304565
7370.0 0.9818859696388245
7380.0 0.9840215444564819
7390.0 0.9899175763130188
7400.0 0.9958136081695557
7410.0 1.0003916025161743
7420.0 1.0049697160720825
7430.0 1.006598711013794
7440.0 1.0082275867462158
7450.0 1.007431983947754
7460.0 1.006636381149292
7470.0 1.0054594278335571
7480.0 1.0042824745178223
7490.0 1.0047680139541626
7500.0 1.0052534341812134
7510.0 1.0064810514450073
7520.0 1.0077087879180908
7530.0 1.008958101272583
7540.0 1.0102074146270752
7550.0 1.0091983079910278
7560.0 1.008189082145691
7570.0 1.0053774118423462
7580.0 1.0025657415390015
7590.0 0.9920305013656616
7600.0 0.9814952611923218
7610.0 0.9820445775985718
7620.0 0.9825939536094666
7630.0 0.9828745126724243
7640.0 0.9831551909446716
7650.0 0.9862379431724548
7660.0 0.9893205761909485
7670.0 0.990906298160553
7680.0 0.9924919605255127
7690.0 0.9930256009101868
7700.0 0.9935592412948608
7710.0 0.9956485033035278
7720.0 0.9977377653121948
7730.0 1.0008610486984253
7740.0 1.0039844512939453
7750.0 1.0095913410186768
7760.0 1.0151983499526978
7770.0 1.0178883075714111
7780.0 1.0205782651901245
7790.0 1.0205808877944946
7800.0 1.0205833911895752
7810.0 1.0183144807815552
7820.0 1.0160454511642456
7830.0 1.0142816305160522
7840.0 1.0125178098678589
7850.0 1.0139795541763306
7860.0 1.0154415369033813
7870.0 1.0182287693023682
7880.0 1.0210161209106445
7890.0 1.0208758115768433
7900.0 1.020735502243042
7910.0 1.016085147857666
7920.0 1.01143479347229
7930.0 1.0028635263442993
7940.0 0.9942921996116638
7950.0 0.9845247864723206
7960.0 0.9747573733329773
7970.0 0.9706858992576599
7980.0 0.9666144251823425
7990.0 0.9716807007789612
8000.0 0.9767469167709351
8010.0 0.9854617118835449
8020.0 0.9941765069961548
8030.0 1.0009009838104248
8040.0 1.0076254606246948
8050.0 1.01026451587677
8060.0 1.0129034519195557
8070.0 1.01212477684021
8080.0 1.0113462209701538
8090.0 1.0035796165466309
8100.0 0.9958131313323975
8110.0 0.9810174703598022
8120.0 0.9862538576126099
8130.0 0.9868739247322083
8140.0 0.9874940514564514
8150.0 0.9936282634735107
8160.0 0.9997625350952148
8170.0 1.01753830909729
8180.0 1.0165190696716309
8190.0 1.0159754753112793
8200.0 1.0096662044525146
8210.0 1.00335693359375
8220.0 0.9931906461715698
8230.0 0.9830242395401001
8240.0 0.9770120978355408
8250.0 0.9709998965263367
8260.0 0.9722777009010315
8270.0 0.9735555052757263
8280.0 0.9804421067237854
8290.0 0.9873287081718445
8300.0 0.9942153096199036
8310.0 1.0182942152023315
8320.0 1.022890567779541
8330.0 1.0274869203567505
8340.0 1.03208327293396
8350.0 1.0251723527908325
8360.0 1.0184653997421265
8370.0 1.0117584466934204
8380.0 1.0050514936447144
8390.0 0.9927363991737366
8400.0 0.987652599811554
8410.0 0.9860767722129822
8420.0 0.9845010042190552
8430.0 0.9869444370269775
8440.0 0.9930609464645386
8450.0 0.995661199092865
8460.0 0.9982614517211914
8470.0 1.0082110166549683
8480.0 1.0181604623794556
8490.0 1.0237338542938232
8500.0 1.0293071269989014
8510.0 1.0171639919281006
8520.0 1.0050208568572998
8530.0 0.9482901692390442
8540.0 0.8915594220161438
8550.0 0.7695142030715942
8560.0 0.6474689841270447
8570.0 0.3803280293941498
8580.0 0.377536416053772
8590.0 0.17344020307064056
8600.0 0.16983303427696228
8610.0 0.06517188251018524
8620.0 0.06379903852939606
8630.0 0.022176815196871758
8640.0 0.022634901106357574
8650.0 0.008451034314930439
8660.0 0.007838064804673195
8670.0 0.0033901878632605076
8680.0 0.0026632428634911776
8690.0 0.0019363082246854901
8700.0 0.0
8710.0 0.0
8720.0 0.0
8730.0 0.0
8740.0 0.0
8750.0 0.0
