decam/transmission_system/s30/g_decam_sdss_c0001_4720.0_1520.0/2012-09-12T00:00:00.ecsv
# %ECSV 1.0
# ---
# datatype:
# - {name: wavelength, unit: Angstrom, datatype: float64}
# - {name: throughput, datatype: float64}
# meta: !!omap
# - {MODE: DETECTOR}
# - {TYPE: transmission_system}
# - {CALIBDATE: '2012-09-12T00:00:00'}
# - {INSTRUME: DECam}
# - {OBSTYPE: transmission_system}
# - {CALIBCLS: lsst.ip.isr.IntermediateSystemTransmissionCurve}
# - {DETECTOR: 2}
# - {DETECTOR_NAME: S30}
# - {SOURCE: g_band_per_detector_throughput.fits}
# - {FILTER: g DECam SDSS c0001 4720.0 1520.0}
# - {CALIB_CREATION_DATE: '2012-09-12'}
# - {CALIB_CREATION_TIME: '00:00:00'}
# schema: astropy-2.0
wavelength throughput
3750.0 0.0
3760.0 0.0
3770.0 0.0
3780.0 0.0
3790.0 0.0
3800.0 0.0
3810.0 0.0009725625859573483
3820.0 0.0011784933740273118
3830.0 0.0011916670482605696
3840.0 0.001630644197575748
3850.0 0.0019008845556527376
3860.0 0.0021711252629756927
3870.0 0.0025945298839360476
3880.0 0.0030179349705576897
3890.0 0.003693972248584032
3900.0 0.004370014648884535
3910.0 0.0043675899505615234
3920.0 0.007292650640010834
3930.0 0.01413067989051342
3940.0 0.020968718454241753
3950.0 0.02211778610944748
3960.0 0.11518304795026779
3970.0 0.21859759092330933
3980.0 0.32201212644577026
3990.0 0.31984737515449524
4000.0 0.3575836420059204
4010.0 0.37402084469795227
4020.0 0.39045804738998413
4030.0 0.39658933877944946
4040.0 0.4009258449077606
4050.0 0.4025055766105652
4060.0 0.4123424291610718
4070.0 0.4161592125892639
4080.0 0.4290325939655304
4090.0 0.4292544722557068
4100.0 0.43852776288986206
4110.0 0.4423730671405792
4120.0 0.4462184011936188
4130.0 0.4486154019832611
4140.0 0.4548115134239197
4150.0 0.45709580183029175
4160.0 0.4705909490585327
4170.0 0.47856879234313965
4180.0 0.4865466356277466
4190.0 0.48744508624076843
4200.0 0.4896193742752075
4210.0 0.48918595910072327
4220.0 0.496776282787323
4230.0 0.49730420112609863
4240.0 0.5117930173873901
4250.0 0.5168765783309937
4260.0 0.5219600200653076
4270.0 0.5249580144882202
4280.0 0.5369211435317993
4290.0 0.5365638732910156
4300.0 0.5477546453475952
4310.0 0.551622748374939
4320.0 0.5554908514022827
4330.0 0.5602117776870728
4340.0 0.5649327039718628
4350.0 0.570360541343689
4360.0 0.5757883787155151
4370.0 0.5802403688430786
4380.0 0.5846923589706421
4390.0 0.5915836095809937
4400.0 0.5984749794006348
4410.0 0.6027804613113403
4420.0 0.6070858836174011
4430.0 0.610131025314331
4440.0 0.6131761074066162
4450.0 0.6166056990623474
4460.0 0.6200351715087891
4470.0 0.6220130920410156
4480.0 0.6239910125732422
4490.0 0.6272227764129639
4500.0 0.6304546594619751
4510.0 0.633449912071228
4520.0 0.636445164680481
4530.0 0.6405397653579712
4540.0 0.6446343660354614
4550.0 0.647162675857544
4560.0 0.6496909260749817
4570.0 0.6505463123321533
4580.0 0.6514015793800354
4590.0 0.6548858880996704
4600.0 0.658370316028595
4610.0 0.6619583368301392
4620.0 0.6655464172363281
4630.0 0.6677345633506775
4640.0 0.6699226498603821
4650.0 0.672203779220581
4660.0 0.6744848489761353
4670.0 0.6742831468582153
4680.0 0.6740814447402954
4690.0 0.6746463775634766
4700.0 0.6752113699913025
4710.0 0.677811861038208
4720.0 0.6804124116897583
4730.0 0.6839368343353271
4740.0 0.6874611973762512
4750.0 0.6911797523498535
4760.0 0.6948983073234558
4770.0 0.6955420970916748
4780.0 0.6961859464645386
4790.0 0.6968040466308594
4800.0 0.6974220871925354
4810.0 0.6993104219436646
4820.0 0.7011988162994385
4830.0 0.7012077569961548
4840.0 0.7012167572975159
4850.0 0.7011477947235107
4860.0 0.7010787725448608
4870.0 0.704176664352417
4880.0 0.7072744369506836
4890.0 0.710698664188385
4900.0 0.7141228914260864
4910.0 0.7162358164787292
4920.0 0.7183487415313721
4930.0 0.7170618772506714
4940.0 0.7157750129699707
4950.0 0.7149360775947571
4960.0 0.7140970826148987
4970.0 0.7200796604156494
4980.0 0.7260622978210449
4990.0 0.7296522855758667
5000.0 0.7332422733306885
5010.0 0.7348387241363525
5020.0 0.7364351749420166
5030.0 0.7376734018325806
5040.0 0.7389115691184998
5050.0 0.740763783454895
5060.0 0.7426159381866455
5070.0 0.7443301677703857
5080.0 0.7460443377494812
5090.0 0.7478152513504028
5100.0 0.7495860457420349
5110.0 0.7494373917579651
5120.0 0.7492887377738953
5130.0 0.7493054866790771
5140.0 0.7493222951889038
5150.0 0.7521156072616577
5160.0 0.7549089193344116
5170.0 0.7577365636825562
5180.0 0.7605640888214111
5190.0 0.7636144161224365
5200.0 0.7666646838188171
5210.0 0.7695154547691345
5220.0 0.7723661661148071
5230.0 0.7754355669021606
5240.0 0.7785048484802246
5250.0 0.781631588935852
5260.0 0.7847583293914795
5270.0 0.7858572602272034
5280.0 0.7869561910629272
5290.0 0.7877258658409119
5300.0 0.7884956002235413
5310.0 0.7908437252044678
5320.0 0.7931917905807495
5330.0 0.7949085831642151
5340.0 0.7966254353523254
5350.0 0.7977252006530762
5360.0 0.7988249063491821
5370.0 0.7954924702644348
5380.0 0.7921600341796875
5390.0 0.7860800623893738
5400.0 0.7800000905990601
5410.0 0.7802013158798218
5420.0 0.780402421951294
5430.0 0.7834020256996155
5440.0 0.7864015698432922
5450.0 0.7226287722587585
5460.0 0.6588560342788696
5470.0 0.46865683794021606
5480.0 0.2784577012062073
5490.0 0.16443344950675964
5500.0 0.050409212708473206
5510.0 0.0307704359292984
5520.0 0.011131661012768745
5530.0 0.00693865492939949
5540.0 0.0027456432580947876
5550.0 0.00191048055421561
5560.0 0.0010753229726105928
5570.0 0.0008479052921757102
5580.0 0.0006204928504303098
5590.0 0.0005407562130130827
5600.0 0.0004610195755958557
5610.0 0.0004150188760831952
5620.0 0.0003690077573992312
5630.0 0.0003436318365857005
5640.0 0.00031825073529034853
5650.0 0.0
5660.0 0.0
5670.0 0.0
5680.0 0.0
5690.0 0.0
5700.0 0.0
