decam/transmission_system/n13/i_decam_sdss_c0003_7835.0_1470.0/2012-09-12T00:00:00.ecsv
# %ECSV 1.0
# ---
# datatype:
# - {name: wavelength, unit: Angstrom, datatype: float64}
# - {name: throughput, datatype: float64}
# meta: !!omap
# - {MODE: DETECTOR}
# - {TYPE: transmission_system}
# - {CALIBDATE: '2012-09-12T00:00:00'}
# - {INSTRUME: DECam}
# - {OBSTYPE: transmission_system}
# - {CALIBCLS: lsst.ip.isr.IntermediateSystemTransmissionCurve}
# - {DETECTOR: 44}
# - {DETECTOR_NAME: N13}
# - {SOURCE: i_band_per_detector_throughput.fits}
# - {FILTER: i DECam SDSS c0003 7835.0 1470.0}
# - {CALIB_CREATION_DATE: '2012-09-12'}
# - {CALIB_CREATION_TIME: '00:00:00'}
# schema: astropy-2.0
wavelength throughput
6700.0 0.0
6710.0 0.0
6720.0 0.0
6730.0 0.0
6740.0 0.0
6750.0 0.0
6760.0 0.0009305341518484056
6770.0 0.0010829456150531769
6780.0 0.0012353673810139298
6790.0 0.001371879130601883
6800.0 0.0015084013575688004
6810.0 0.0016925495583564043
6820.0 0.00187669787555933
6830.0 0.002128619235008955
6840.0 0.002380550839006901
6850.0 0.0026992999482899904
6860.0 0.00301804905757308
6870.0 0.0034380839206278324
6880.0 0.0038581290282309055
6890.0 0.004371203947812319
6900.0 0.004884289111942053
6910.0 0.005524685140699148
6920.0 0.0061650704592466354
6930.0 0.007194387726485729
6940.0 0.008223704993724823
6950.0 0.009801643900573254
6960.0 0.011379584670066833
6970.0 0.014538880437612534
6980.0 0.017698166891932487
6990.0 0.02492627501487732
7000.0 0.0321543924510479
7010.0 0.04829257354140282
7020.0 0.06443075835704803
7030.0 0.09626644849777222
7040.0 0.1281021386384964
7050.0 0.18232585489749908
7060.0 0.23654957115650177
7070.0 0.31395936012268066
7080.0 0.39136916399002075
7090.0 0.48211464285850525
7100.0 0.5728601217269897
7110.0 0.6586816906929016
7120.0 0.7445032596588135
7130.0 0.809163510799408
7140.0 0.8738237619400024
7150.0 0.9098177552223206
7160.0 0.9458117485046387
7170.0 0.9600846171379089
7180.0 0.9743574261665344
7190.0 0.9766479134559631
7200.0 0.9789384603500366
7210.0 0.9802230596542358
7220.0 0.9815076589584351
7230.0 0.9852340221405029
7240.0 0.9889603853225708
7250.0 0.9940987229347229
7260.0 0.9992370009422302
7270.0 1.003071665763855
7280.0 1.006906270980835
7290.0 1.0073577165603638
7300.0 1.0078091621398926
7310.0 1.006337285041809
7320.0 1.0048654079437256
7330.0 1.0033597946166992
7340.0 1.0018541812896729
7350.0 1.0021024942398071
7360.0 1.0023508071899414
7370.0 1.0041128396987915
7380.0 1.005874752998352
7390.0 1.008568286895752
7400.0 1.0112617015838623
7410.0 1.0126757621765137
7420.0 1.0140897035598755
7430.0 1.014510154724121
7440.0 1.0149307250976562
7450.0 1.0145220756530762
7460.0 1.0141133069992065
7470.0 1.0133936405181885
7480.0 1.0126739740371704
7490.0 1.0126720666885376
7500.0 1.0126700401306152
7510.0 1.0125058889389038
7520.0 1.0123416185379028
7530.0 1.0125919580459595
7540.0 1.0128422975540161
7550.0 1.0119655132293701
7560.0 1.0110887289047241
7570.0 1.0095505714416504
7580.0 1.008012294769287
7590.0 0.9989211559295654
7600.0 0.989829957485199
7610.0 0.9914224147796631
7620.0 0.9930148720741272
7630.0 0.9937363266944885
7640.0 0.9944579005241394
7650.0 0.9979611039161682
7660.0 1.0014642477035522
7670.0 1.0031710863113403
7680.0 1.0048779249191284
7690.0 1.005112886428833
7700.0 1.0053479671478271
7710.0 1.0059925317764282
7720.0 1.0066370964050293
7730.0 1.0069825649261475
7740.0 1.0073280334472656
7750.0 1.009759545326233
7760.0 1.0121909379959106
7770.0 1.012810230255127
7780.0 1.0134295225143433
7790.0 1.0136409997940063
7800.0 1.0138524770736694
7810.0 1.0132540464401245
7820.0 1.01265549659729
7830.0 1.0119473934173584
7840.0 1.0112392902374268
7850.0 1.011513352394104
7860.0 1.0117872953414917
7870.0 1.0111140012741089
7880.0 1.010440707206726
7890.0 1.0074414014816284
7900.0 1.0044420957565308
7910.0 1.0001025199890137
7920.0 0.9957630634307861
7930.0 0.9915243983268738
7940.0 0.9872856736183167
7950.0 0.9835362434387207
7960.0 0.9797868132591248
7970.0 0.9791886210441589
7980.0 0.9785903692245483
7990.0 0.9824222922325134
8000.0 0.9862542748451233
8010.0 0.9903247356414795
8020.0 0.9943951964378357
8030.0 0.9957950115203857
8040.0 0.9971948266029358
8050.0 0.9958298206329346
8060.0 0.9944648146629333
8070.0 0.9946507811546326
8080.0 0.9948368072509766
8090.0 0.9917588829994202
8100.0 0.9886809587478638
8110.0 0.9806970357894897
8120.0 0.9866300821304321
8130.0 0.9860873818397522
8140.0 0.985544741153717
8150.0 0.9858848452568054
8160.0 0.986224889755249
8170.0 0.9895823001861572
8180.0 0.9887486696243286
8190.0 0.9814452528953552
8200.0 0.9786662459373474
8210.0 0.9758872985839844
8220.0 0.9738588333129883
8230.0 0.9718303680419922
8240.0 0.9730578064918518
8250.0 0.9742853045463562
8260.0 0.9772764444351196
8270.0 0.9802676439285278
8280.0 0.9841581583023071
8290.0 0.9880486130714417
8300.0 0.991939127445221
8310.0 1.0001152753829956
8320.0 1.001288890838623
8330.0 1.0024625062942505
8340.0 1.003636121749878
8350.0 0.9994657635688782
8360.0 0.9973039627075195
8370.0 0.9951422214508057
8380.0 0.992980420589447
8390.0 0.9949262142181396
8400.0 0.9892008304595947
8410.0 0.9906044602394104
8420.0 0.9920080900192261
8430.0 0.9911670088768005
8440.0 0.9974312782287598
8450.0 0.9953455328941345
8460.0 0.993259847164154
8470.0 0.9974281191825867
8480.0 1.001596450805664
8490.0 1.003029227256775
8500.0 1.0044620037078857
8510.0 0.9884264469146729
8520.0 0.9723907709121704
8530.0 0.9027234315872192
8540.0 0.8330561518669128
8550.0 0.6843488216400146
8560.0 0.535641610622406
8570.0 0.2497941106557846
8580.0 0.2476726472377777
8590.0 0.09104378521442413
8600.0 0.08923397958278656
8610.0 0.03250713273882866
8620.0 0.03226400539278984
8630.0 0.0122489919885993
8640.0 0.012442362494766712
8650.0 0.005295164417475462
8660.0 0.005017674993723631
8670.0 0.002506781369447708
8680.0 0.0021053252276033163
8690.0 0.00170386943500489
8700.0 0.0
8710.0 0.0
8720.0 0.0
8730.0 0.0
8740.0 0.0
8750.0 0.0
