decam/transmission_system/n25/y_decam_c0005_10095.0_1130.0/2012-09-12T00:00:00.ecsv
# %ECSV 1.0
# ---
# datatype:
# - {name: wavelength, unit: Angstrom, datatype: float64}
# - {name: throughput, datatype: float64}
# meta: !!omap
# - {MODE: DETECTOR}
# - {TYPE: transmission_system}
# - {CALIBDATE: '2012-09-12T00:00:00'}
# - {INSTRUME: DECam}
# - {OBSTYPE: transmission_system}
# - {CALIBCLS: lsst.ip.isr.IntermediateSystemTransmissionCurve}
# - {DETECTOR: 56}
# - {DETECTOR_NAME: N25}
# - {SOURCE: Y_band_per_detector_throughput.fits}
# - {FILTER: Y DECam c0005 10095.0 1130.0}
# - {CALIB_CREATION_DATE: '2012-09-12'}
# - {CALIB_CREATION_TIME: '00:00:00'}
# schema: astropy-2.0
wavelength throughput
9250.0 0.0
9260.0 0.0
9270.0 0.0
9280.0 0.0
9290.0 0.0
9300.0 0.0
9310.0 0.007572757545858622
9320.0 0.0084233982488513
9330.0 0.009274040348827839
9340.0 0.0103207528591156
9350.0 0.011367454193532467
9360.0 0.012717068195343018
9370.0 0.014066691510379314
9380.0 0.016365066170692444
9390.0 0.018663449212908745
9400.0 0.022793574258685112
9410.0 0.02692369930446148
9420.0 0.03547787666320801
9430.0 0.044032055884599686
9440.0 0.06368382275104523
9450.0 0.08333557844161987
9460.0 0.08431307971477509
9470.0 0.16741788387298584
9480.0 0.1693882942199707
9490.0 0.311877965927124
9500.0 0.31973761320114136
9510.0 0.5079137086868286
9520.0 0.6008644700050354
9530.0 0.6938152313232422
9540.0 0.751578152179718
9550.0 0.8093410134315491
9560.0 0.8284711837768555
9570.0 0.8476014137268066
9580.0 0.8485807180404663
9590.0 0.8495600819587708
9600.0 0.8485408425331116
9610.0 0.8475215435028076
9620.0 0.8465512990951538
9630.0 0.8455810546875
9640.0 0.8449942469596863
9650.0 0.8444074392318726
9660.0 0.8425323963165283
9670.0 0.8406572341918945
9680.0 0.8371042609214783
9690.0 0.833551287651062
9700.0 0.8308996558189392
9710.0 0.8282479643821716
9720.0 0.8197111487388611
9730.0 0.811174213886261
9740.0 0.8058792352676392
9750.0 0.8005842566490173
9760.0 0.7952772378921509
9770.0 0.789970338344574
9780.0 0.784331738948822
9790.0 0.7786930799484253
9800.0 0.7733553051948547
9810.0 0.7680174112319946
9820.0 0.7625119090080261
9830.0 0.7570063471794128
9840.0 0.7498244047164917
9850.0 0.7426424026489258
9860.0 0.7357239723205566
9870.0 0.728805661201477
9880.0 0.7193829417228699
9890.0 0.7099602818489075
9900.0 0.7013809680938721
9910.0 0.6928015351295471
9920.0 0.6829925775527954
9930.0 0.6731836795806885
9940.0 0.6651349663734436
9950.0 0.657086193561554
9960.0 0.6471955180168152
9970.0 0.6373049020767212
9980.0 0.6275574564933777
9990.0 0.6178100109100342
10000.0 0.60694819688797
10010.0 0.596086323261261
10020.0 0.584505558013916
10030.0 0.5729246735572815
10040.0 0.5607653260231018
10050.0 0.5486059188842773
10060.0 0.5373282432556152
10070.0 0.5260505676269531
10080.0 0.5136201977729797
10090.0 0.5011898279190063
10100.0 0.4882303476333618
10110.0 0.4752708971500397
10120.0 0.46397170424461365
10130.0 0.45267248153686523
10140.0 0.4403475821018219
10150.0 0.42802268266677856
10160.0 0.4162690043449402
10170.0 0.4045153260231018
10180.0 0.3918853998184204
10190.0 0.379255473613739
10200.0 0.3674188554286957
10210.0 0.35558223724365234
10220.0 0.34368452429771423
10230.0 0.33178678154945374
10240.0 0.31997135281562805
10250.0 0.30815595388412476
10260.0 0.29722192883491516
10270.0 0.28628790378570557
10280.0 0.276519238948822
10290.0 0.2667505443096161
10300.0 0.25590506196022034
10310.0 0.24505957961082458
10320.0 0.2343369573354721
10330.0 0.22361433506011963
10340.0 0.2114161252975464
10350.0 0.19921790063381195
10360.0 0.18638919293880463
10370.0 0.1735604852437973
10380.0 0.1663055568933487
10390.0 0.15905064344406128
10400.0 0.15426339209079742
10410.0 0.14947612583637238
10420.0 0.14510563015937805
10430.0 0.14073511958122253
10440.0 0.13632704317569733
10450.0 0.1319189816713333
10460.0 0.1276480257511139
10470.0 0.12337706983089447
10480.0 0.11934535950422287
10490.0 0.11531363427639008
10500.0 0.11084846407175064
10510.0 0.1063832938671112
10520.0 0.10295873135328293
10530.0 0.09953416883945465
10540.0 0.09704959392547607
10550.0 0.0945650190114975
10560.0 0.09265503287315369
10570.0 0.09074503928422928
10580.0 0.08810240030288696
10590.0 0.08545977622270584
10600.0 0.07948392629623413
10610.0 0.07350808382034302
10620.0 0.06228960305452347
10630.0 0.05107112228870392
10640.0 0.03891406208276749
10650.0 0.026757007464766502
10660.0 0.018996644765138626
10670.0 0.0112362802028656
10680.0 0.007706891279667616
10690.0 0.004177511669695377
10700.0 0.0
10710.0 0.0
10720.0 0.0
10730.0 0.0
10740.0 0.0
10750.0 0.0
