decam/transmission_system/s14/i_decam_sdss_c0003_7835.0_1470.0/2012-09-12T00:00:00.ecsv
# %ECSV 1.0
# ---
# datatype:
# - {name: wavelength, unit: Angstrom, datatype: float64}
# - {name: throughput, datatype: float64}
# meta: !!omap
# - {MODE: DETECTOR}
# - {TYPE: transmission_system}
# - {CALIBDATE: '2012-09-12T00:00:00'}
# - {INSTRUME: DECam}
# - {OBSTYPE: transmission_system}
# - {CALIBCLS: lsst.ip.isr.IntermediateSystemTransmissionCurve}
# - {DETECTOR: 13}
# - {DETECTOR_NAME: S14}
# - {SOURCE: i_band_per_detector_throughput.fits}
# - {FILTER: i DECam SDSS c0003 7835.0 1470.0}
# - {CALIB_CREATION_DATE: '2012-09-12'}
# - {CALIB_CREATION_TIME: '00:00:00'}
# schema: astropy-2.0
wavelength throughput
6700.0 0.0
6710.0 0.0
6720.0 0.0
6730.0 0.0
6740.0 0.0
6750.0 0.0
6760.0 0.0011335727758705616
6770.0 0.0013061105273663998
6780.0 0.0014786378014832735
6790.0 0.0016595458146184683
6800.0 0.0018404539441689849
6810.0 0.0020728097297251225
6820.0 0.002305165398865938
6830.0 0.00259893829934299
6840.0 0.0028927011881023645
6850.0 0.003242605598643422
6860.0 0.0035924995318055153
6870.0 0.004037552047520876
6880.0 0.004482604563236237
6890.0 0.005015919916331768
6900.0 0.0055492352694272995
6910.0 0.006186432670801878
6920.0 0.006823640316724777
6930.0 0.007715790998190641
6940.0 0.008607951924204826
6950.0 0.009903199970722198
6960.0 0.01119843777269125
6970.0 0.013348647393286228
6980.0 0.015498857013881207
6990.0 0.02025946043431759
7000.0 0.025020062923431396
7010.0 0.036298029124736786
7020.0 0.047575995326042175
7030.0 0.07170262187719345
7040.0 0.09582928568124771
7050.0 0.14004945755004883
7060.0 0.18426963686943054
7070.0 0.25234851241111755
7080.0 0.3204273581504822
7090.0 0.4091206192970276
7100.0 0.497813880443573
7110.0 0.5917053818702698
7120.0 0.6855968832969666
7130.0 0.7631431818008423
7140.0 0.8406893610954285
7150.0 0.8880017995834351
7160.0 0.9353141784667969
7170.0 0.9548355937004089
7180.0 0.9743570685386658
7190.0 0.9745226502418518
7200.0 0.9746882319450378
7210.0 0.9710073471069336
7220.0 0.9673264026641846
7230.0 0.9685894846916199
7240.0 0.9698525071144104
7250.0 0.9770681262016296
7260.0 0.9842837452888489
7270.0 0.9934418201446533
7280.0 1.0025999546051025
7290.0 1.0056018829345703
7300.0 1.0086039304733276
7310.0 1.0043939352035522
7320.0 1.0001839399337769
7330.0 0.9932883977890015
7340.0 0.9863928556442261
7350.0 0.9833920001983643
7360.0 0.9803910851478577
7370.0 0.9831361174583435
7380.0 0.9858811497688293
7390.0 0.9920981526374817
7400.0 0.9983152151107788
7410.0 1.0026522874832153
7420.0 1.0069893598556519
7430.0 1.0081884860992432
7440.0 1.009387493133545
7450.0 1.0083428621292114
7460.0 1.007298231124878
7470.0 1.0063625574111938
7480.0 1.0054270029067993
7490.0 1.006273627281189
7500.0 1.0071203708648682
7510.0 1.0084797143936157
7520.0 1.0098388195037842
7530.0 1.0107938051223755
7540.0 1.0117487907409668
7550.0 1.0102225542068481
7560.0 1.0086963176727295
7570.0 1.0054819583892822
7580.0 1.0022674798965454
7590.0 0.9916962385177612
7600.0 0.9811249375343323
7610.0 0.9820092916488647
7620.0 0.982893705368042
7630.0 0.9836803674697876
7640.0 0.9844669103622437
7650.0 0.9873890280723572
7660.0 0.9903111457824707
7670.0 0.9917353391647339
7680.0 0.9931595325469971
7690.0 0.9938026070594788
7700.0 0.9944456815719604
7710.0 0.9967595934867859
7720.0 0.9990735650062561
7730.0 1.0024932622909546
7740.0 1.0059130191802979
7750.0 1.011572003364563
7760.0 1.0172309875488281
7770.0 1.0196936130523682
7780.0 1.0221561193466187
7790.0 1.0216654539108276
7800.0 1.021174669265747
7810.0 1.0185809135437012
7820.0 1.0159870386123657
7830.0 1.0144749879837036
7840.0 1.0129629373550415
7850.0 1.0150045156478882
7860.0 1.0170462131500244
7870.0 1.0202525854110718
7880.0 1.0234589576721191
7890.0 1.0229169130325317
7900.0 1.0223749876022339
7910.0 1.0164339542388916
7920.0 1.0104928016662598
7930.0 1.0007150173187256
7940.0 0.9909372329711914
7950.0 0.9809707403182983
7960.0 0.9710041880607605
7970.0 0.9678244590759277
7980.0 0.9646446704864502
7990.0 0.9711549282073975
8000.0 0.9776651859283447
8010.0 0.9876869916915894
8020.0 0.9977089166641235
8030.0 1.004909873008728
8040.0 1.0121108293533325
8050.0 1.0138349533081055
8060.0 1.0155590772628784
8070.0 1.0127947330474854
8080.0 1.0100303888320923
8090.0 1.0009807348251343
8100.0 0.9919310808181763
8110.0 0.976399838924408
8120.0 0.9829915761947632
8130.0 0.984607994556427
8140.0 0.9862244129180908
8150.0 0.993834912776947
8160.0 1.0014454126358032
8170.0 1.0204637050628662
8180.0 1.0185071229934692
8190.0 1.015952467918396
8200.0 1.0076663494110107
8210.0 0.9993800520896912
8220.0 0.9879395365715027
8230.0 0.9764989614486694
8240.0 0.9705219268798828
8250.0 0.9645447731018066
8260.0 0.9673197269439697
8270.0 0.970094621181488
8280.0 0.9780517220497131
8290.0 0.9860088229179382
8300.0 0.9939659237861633
8310.0 1.0192956924438477
8320.0 1.022994041442871
8330.0 1.0266923904418945
8340.0 1.030390739440918
8350.0 1.020171880722046
8360.0 1.01276433467865
8370.0 1.005356788635254
8380.0 0.9979492425918579
8390.0 0.9862631559371948
8400.0 0.9805234670639038
8410.0 0.9797271490097046
8420.0 0.9789308905601501
8430.0 0.9809191226959229
8440.0 0.9879056215286255
8450.0 0.9898061156272888
8460.0 0.9917066693305969
8470.0 1.0014249086380005
8480.0 1.0111433267593384
8490.0 1.018883466720581
8500.0 1.0266234874725342
8510.0 1.0154472589492798
8520.0 1.004271149635315
8530.0 0.9424365758895874
8540.0 0.8806020617485046
8550.0 0.7497752904891968
8560.0 0.6189485192298889
8570.0 0.3340311646461487
8580.0 0.3439699709415436
8590.0 0.14132553339004517
8600.0 0.1442418247461319
8610.0 0.05125700682401657
8620.0 0.05296780541539192
8630.0 0.0176666472107172
8640.0 0.01841026172041893
8650.0 0.007018619682639837
8660.0 0.006381692830473185
8670.0 0.002895359881222248
8680.0 0.002315238816663623
8690.0 0.0017351181013509631
8700.0 0.0
8710.0 0.0
8720.0 0.0
8730.0 0.0
8740.0 0.0
8750.0 0.0
