decam/transmission_system/n19/y_decam_c0005_10095.0_1130.0/2012-09-12T00:00:00.ecsv
# %ECSV 1.0
# ---
# datatype:
# - {name: wavelength, unit: Angstrom, datatype: float64}
# - {name: throughput, datatype: float64}
# meta: !!omap
# - {MODE: DETECTOR}
# - {TYPE: transmission_system}
# - {CALIBDATE: '2012-09-12T00:00:00'}
# - {INSTRUME: DECam}
# - {OBSTYPE: transmission_system}
# - {CALIBCLS: lsst.ip.isr.IntermediateSystemTransmissionCurve}
# - {DETECTOR: 50}
# - {DETECTOR_NAME: N19}
# - {SOURCE: Y_band_per_detector_throughput.fits}
# - {FILTER: Y DECam c0005 10095.0 1130.0}
# - {CALIB_CREATION_DATE: '2012-09-12'}
# - {CALIB_CREATION_TIME: '00:00:00'}
# schema: astropy-2.0
wavelength throughput
9250.0 0.0
9260.0 0.0
9270.0 0.0
9280.0 0.0
9290.0 0.0
9300.0 0.0
9310.0 0.0072451080195605755
9320.0 0.008008847013115883
9330.0 0.008772597648203373
9340.0 0.009707098826766014
9350.0 0.010641600005328655
9360.0 0.011875824071466923
9370.0 0.01311005000025034
9380.0 0.01516035571694374
9390.0 0.017210660502314568
9400.0 0.02077316679060459
9410.0 0.02433566376566887
9420.0 0.03150072693824768
9430.0 0.038665786385536194
9440.0 0.0553416945040226
9450.0 0.0720175951719284
9460.0 0.07171805202960968
9470.0 0.1436793953180313
9480.0 0.14567086100578308
9490.0 0.2743949294090271
9500.0 0.2754746675491333
9510.0 0.4590660333633423
9520.0 0.5544589757919312
9530.0 0.64985191822052
9540.0 0.7191722393035889
9550.0 0.7884925603866577
9560.0 0.8185684680938721
9570.0 0.8486444354057312
9580.0 0.851692795753479
9590.0 0.8547412753105164
9600.0 0.8522928357124329
9610.0 0.8498443365097046
9620.0 0.8471407294273376
9630.0 0.8444371223449707
9640.0 0.8425073027610779
9650.0 0.8405775427818298
9660.0 0.83760005235672
9670.0 0.8346226811408997
9680.0 0.8305702209472656
9690.0 0.8265178203582764
9700.0 0.8231225609779358
9710.0 0.81972736120224
9720.0 0.8108890056610107
9730.0 0.802050769329071
9740.0 0.7965298891067505
9750.0 0.7910090088844299
9760.0 0.7856360077857971
9770.0 0.7802630066871643
9780.0 0.7745171785354614
9790.0 0.7687713503837585
9800.0 0.7631310820579529
9810.0 0.757490873336792
9820.0 0.7518996000289917
9830.0 0.7463083863258362
9840.0 0.7390085458755493
9850.0 0.7317085862159729
9860.0 0.7246606349945068
9870.0 0.7176126837730408
9880.0 0.7081222534179688
9890.0 0.6986318230628967
9900.0 0.6900227665901184
9910.0 0.6814136505126953
9920.0 0.6718969345092773
9930.0 0.6623802185058594
9940.0 0.6544225215911865
9950.0 0.6464647650718689
9960.0 0.6368257999420166
9970.0 0.6271867752075195
9980.0 0.617824912071228
9990.0 0.6084630489349365
10000.0 0.5978680849075317
10010.0 0.5872730612754822
10020.0 0.576198935508728
10030.0 0.5651247501373291
10040.0 0.5533802509307861
10050.0 0.5416356921195984
10060.0 0.5308210849761963
10070.0 0.5200064182281494
10080.0 0.5081552863121033
10090.0 0.49630415439605713
10100.0 0.48380425572395325
10110.0 0.47130441665649414
10120.0 0.46006083488464355
10130.0 0.4488172233104706
10140.0 0.4370914101600647
10150.0 0.4253656268119812
10160.0 0.4142490327358246
10170.0 0.40313243865966797
10180.0 0.39103588461875916
10190.0 0.37893933057785034
10200.0 0.3677091598510742
10210.0 0.3564789891242981
10220.0 0.3451906740665436
10230.0 0.33390235900878906
10240.0 0.32252782583236694
10250.0 0.31115326285362244
10260.0 0.3006882667541504
10270.0 0.29022330045700073
10280.0 0.2808513641357422
10290.0 0.27147942781448364
10300.0 0.26097244024276733
10310.0 0.2504654824733734
10320.0 0.24021132290363312
10330.0 0.22995717823505402
10340.0 0.21833649277687073
10350.0 0.20671580731868744
10360.0 0.19406184554100037
10370.0 0.1814078688621521
10380.0 0.17390485107898712
10390.0 0.16640186309814453
10400.0 0.16144129633903503
10410.0 0.15648072957992554
10420.0 0.15209564566612244
10430.0 0.14771053194999695
10440.0 0.14318236708641052
10450.0 0.1386542171239853
10460.0 0.13410399854183197
10470.0 0.12955379486083984
10480.0 0.12533162534236908
10490.0 0.12110944092273712
10500.0 0.11638569831848145
10510.0 0.11166197806596756
10520.0 0.10828254371881485
10530.0 0.10490311682224274
10540.0 0.10238002985715866
10550.0 0.09985694289207458
10560.0 0.09786661714315414
10570.0 0.0958762913942337
10580.0 0.09242375940084457
10590.0 0.08897122740745544
10600.0 0.08094095438718796
10610.0 0.07291068881750107
10620.0 0.05990854650735855
10630.0 0.04690641537308693
10640.0 0.03482392802834511
10650.0 0.02274143137037754
10660.0 0.015930170193314552
10670.0 0.009118909016251564
10680.0 0.006235003471374512
10690.0 0.0033510983921587467
10700.0 0.0
10710.0 0.0
10720.0 0.0
10730.0 0.0
10740.0 0.0
10750.0 0.0
