decam/transmission_system/n30/i_decam_sdss_c0003_7835.0_1470.0/2012-09-12T00:00:00.ecsv
# %ECSV 1.0
# ---
# datatype:
# - {name: wavelength, unit: Angstrom, datatype: float64}
# - {name: throughput, datatype: float64}
# meta: !!omap
# - {MODE: DETECTOR}
# - {TYPE: transmission_system}
# - {CALIBDATE: '2012-09-12T00:00:00'}
# - {INSTRUME: DECam}
# - {OBSTYPE: transmission_system}
# - {CALIBCLS: lsst.ip.isr.IntermediateSystemTransmissionCurve}
# - {DETECTOR: 61}
# - {DETECTOR_NAME: N30}
# - {SOURCE: i_band_per_detector_throughput.fits}
# - {FILTER: i DECam SDSS c0003 7835.0 1470.0}
# - {CALIB_CREATION_DATE: '2012-09-12'}
# - {CALIB_CREATION_TIME: '00:00:00'}
# schema: astropy-2.0
wavelength throughput
6700.0 0.0
6710.0 0.0
6720.0 0.0
6730.0 0.0
6740.0 0.0
6750.0 0.0
6760.0 0.0011438229121267796
6770.0 0.0013187595177441835
6780.0 0.0014936961233615875
6790.0 0.0016975239850580692
6800.0 0.0019013624405488372
6810.0 0.002142462180927396
6820.0 0.0023835727479308844
6830.0 0.002657177858054638
6840.0 0.002930783201009035
6850.0 0.0032859945204108953
6860.0 0.0036411951296031475
6870.0 0.004085260909050703
6880.0 0.004529316909611225
6890.0 0.005070493556559086
6900.0 0.005611659958958626
6910.0 0.006268225610256195
6920.0 0.006924801040440798
6930.0 0.007849778980016708
6940.0 0.008774757385253906
6950.0 0.010184635408222675
6960.0 0.01159452460706234
6970.0 0.014269636943936348
6980.0 0.016944749280810356
6990.0 0.023058434948325157
7000.0 0.029172109439969063
7010.0 0.043226130306720734
7020.0 0.05728014558553696
7030.0 0.08569489419460297
7040.0 0.11410962045192719
7050.0 0.16318364441394806
7060.0 0.21225765347480774
7070.0 0.28331372141838074
7080.0 0.35436975955963135
7090.0 0.44203633069992065
7100.0 0.5297028422355652
7110.0 0.6185296177864075
7120.0 0.7073563933372498
7130.0 0.7788525223731995
7140.0 0.8503485321998596
7150.0 0.8948600888252258
7160.0 0.9393715262413025
7170.0 0.9595573544502258
7180.0 0.9797431826591492
7190.0 0.9817519187927246
7200.0 0.9837605357170105
7210.0 0.980627715587616
7220.0 0.9774948358535767
7230.0 0.977790892124176
7240.0 0.9780869483947754
7250.0 0.9841715693473816
7260.0 0.9902562499046326
7270.0 0.9989223480224609
7280.0 1.0075883865356445
7290.0 1.011587142944336
7300.0 1.0155858993530273
7310.0 1.0127912759780884
7320.0 1.0099964141845703
7330.0 1.003584861755371
7340.0 0.9971731901168823
7350.0 0.9935060739517212
7360.0 0.9898388981819153
7370.0 0.9914543032646179
7380.0 0.9930697083473206
7390.0 0.9986954927444458
7400.0 1.0043213367462158
7410.0 1.0087822675704956
7420.0 1.0132431983947754
7430.0 1.0148088932037354
7440.0 1.0163747072219849
7450.0 1.0154681205749512
7460.0 1.0145615339279175
7470.0 1.0131734609603882
7480.0 1.0117853879928589
7490.0 1.0120797157287598
7500.0 1.0123740434646606
7510.0 1.0134822130203247
7520.0 1.0145902633666992
7530.0 1.0156787633895874
7540.0 1.016767144203186
7550.0 1.0156091451644897
7560.0 1.0144511461257935
7570.0 1.011486530303955
7580.0 1.0085220336914062
7590.0 0.9978256821632385
7600.0 0.9871293306350708
7610.0 0.9876866340637207
7620.0 0.9882439374923706
7630.0 0.9887239336967468
7640.0 0.989203929901123
7650.0 0.9923135638237
7660.0 0.9954232573509216
7670.0 0.9967185854911804
7680.0 0.9980138540267944
7690.0 0.9980823397636414
7700.0 0.9981508851051331
7710.0 0.9996703267097473
7720.0 1.0011898279190063
7730.0 1.0037873983383179
7740.0 1.006385087966919
7750.0 1.011518120765686
7760.0 1.0166511535644531
7770.0 1.019217848777771
7780.0 1.0217844247817993
7790.0 1.021882176399231
7800.0 1.0219800472259521
7810.0 1.019710898399353
7820.0 1.0174416303634644
7830.0 1.0154707431793213
7840.0 1.0134997367858887
7850.0 1.0145713090896606
7860.0 1.0156430006027222
7870.0 1.0180633068084717
7880.0 1.020483374595642
7890.0 1.020273208618164
7900.0 1.020063042640686
7910.0 1.0154646635055542
7920.0 1.010866403579712
7930.0 1.0024386644363403
7940.0 0.9940108060836792
7950.0 0.9843822717666626
7960.0 0.974753737449646
7970.0 0.9705042243003845
7980.0 0.966254711151123
7990.0 0.9706538915634155
8000.0 0.975053071975708
8010.0 0.9792366623878479
8020.0 0.9834202527999878
8030.0 0.9899110198020935
8040.0 0.9964017868041992
8050.0 0.99916672706604
8060.0 1.0019316673278809
8070.0 1.0015243291854858
8080.0 1.0011168718338013
8090.0 0.9937697052955627
8100.0 0.9864224791526794
8110.0 0.9717877507209778
8120.0 0.9764910340309143
8130.0 0.9766461253166199
8140.0 0.9768011569976807
8150.0 0.9820423722267151
8160.0 0.98728346824646
8170.0 1.0039011240005493
8180.0 1.0027629137039185
8190.0 1.0022718906402588
8200.0 0.9962731599807739
8210.0 0.9902743697166443
8220.0 0.980455219745636
8230.0 0.9706360697746277
8240.0 0.9644007682800293
8250.0 0.9581655263900757
8260.0 0.9590379595756531
8270.0 0.9599103331565857
8280.0 0.9663032293319702
8290.0 0.97269606590271
8300.0 0.9790889620780945
8310.0 1.0023579597473145
8320.0 1.0068562030792236
8330.0 1.0113544464111328
8340.0 1.015852689743042
8350.0 1.0100634098052979
8360.0 1.0036894083023071
8370.0 0.9973154664039612
8380.0 0.9909414649009705
8390.0 0.9785269498825073
8400.0 0.9741201996803284
8410.0 0.9720327258110046
8420.0 0.9699451923370361
8430.0 0.9722626805305481
8440.0 0.9777991771697998
8450.0 0.9802237153053284
8460.0 0.9826483130455017
8470.0 0.9921854138374329
8480.0 1.0017225742340088
8490.0 1.0075961351394653
8500.0 1.0134698152542114
8510.0 1.0028712749481201
8520.0 0.992272675037384
8530.0 0.9383412599563599
8540.0 0.8844099640846252
8550.0 0.7653566002845764
8560.0 0.6463032960891724
8570.0 0.37946367263793945
8580.0 0.37844258546829224
8590.0 0.17225681245326996
8600.0 0.17056259512901306
8610.0 0.06493457406759262
8620.0 0.06408075988292694
8630.0 0.02225303091108799
8640.0 0.022759614512324333
8650.0 0.00845337100327015
8660.0 0.007941064424812794
8670.0 0.0035922089591622353
8680.0 0.0027990795206278563
8690.0 0.0020059505477547646
8700.0 0.0
8710.0 0.0
8720.0 0.0
8730.0 0.0
8740.0 0.0
8750.0 0.0
