decam/transmission_system/s23/z_decam_sdss_c0004_9260.0_1520.0/2012-09-12T00:00:00.ecsv
# %ECSV 1.0
# ---
# datatype:
# - {name: wavelength, unit: Angstrom, datatype: float64}
# - {name: throughput, datatype: float64}
# meta: !!omap
# - {MODE: DETECTOR}
# - {TYPE: transmission_system}
# - {CALIBDATE: '2012-09-12T00:00:00'}
# - {INSTRUME: DECam}
# - {OBSTYPE: transmission_system}
# - {CALIBCLS: lsst.ip.isr.IntermediateSystemTransmissionCurve}
# - {DETECTOR: 11}
# - {DETECTOR_NAME: S23}
# - {SOURCE: z_band_per_detector_throughput.fits}
# - {FILTER: z DECam SDSS c0004 9260.0 1520.0}
# - {CALIB_CREATION_DATE: '2012-09-12'}
# - {CALIB_CREATION_TIME: '00:00:00'}
# schema: astropy-2.0
wavelength throughput
8200.0 0.0
8210.0 0.0
8220.0 0.0
8230.0 0.0
8240.0 0.0
8250.0 0.0
8260.0 0.004463755525648594
8270.0 0.005047916434705257
8280.0 0.0051750922575592995
8290.0 0.0055158683098852634
8300.0 0.00585664389654994
8310.0 0.0061885095201432705
8320.0 0.007262077648192644
8330.0 0.008335634134709835
8340.0 0.009409192018210888
8350.0 0.013795007951557636
8360.0 0.014639896340668201
8370.0 0.015484784729778767
8380.0 0.016329672187566757
8390.0 0.024866528809070587
8400.0 0.030366508290171623
8410.0 0.035866498947143555
8420.0 0.04136647656559944
8430.0 0.0842180997133255
8440.0 0.07929494976997375
8450.0 0.12739057838916779
8460.0 0.17548620700836182
8470.0 0.3706764280796051
8480.0 0.365858793258667
8490.0 0.502626895904541
8500.0 0.639394998550415
8510.0 0.7442712783813477
8520.0 0.8491474390029907
8530.0 0.908927321434021
8540.0 0.9687071442604065
8550.0 0.9834647178649902
8560.0 0.9982223510742188
8570.0 0.9868969321250916
8580.0 0.9989689588546753
8590.0 0.9789750576019287
8600.0 0.979585587978363
8610.0 0.984959602355957
8620.0 0.9913749694824219
8630.0 1.001800775527954
8640.0 1.011651635169983
8650.0 1.0115989446640015
8660.0 1.009583830833435
8670.0 1.013515830039978
8680.0 1.01149320602417
8690.0 1.0094704627990723
8700.0 1.0092839002609253
8710.0 1.0090972185134888
8720.0 1.00991690158844
8730.0 1.0107364654541016
8740.0 1.011247158050537
8750.0 1.0140914916992188
8760.0 1.0161383152008057
8770.0 1.018185019493103
8780.0 1.020282506942749
8790.0 1.022379994392395
8800.0 1.0239092111587524
8810.0 1.0254385471343994
8820.0 1.0271564722061157
8830.0 1.0288742780685425
8840.0 1.029736876487732
8850.0 1.0305994749069214
8860.0 1.031602382659912
8870.0 1.0326052904129028
8880.0 1.0335960388183594
8890.0 1.034586787223816
8900.0 1.0311845541000366
8910.0 1.0297907590866089
8920.0 1.0287259817123413
8930.0 1.0276612043380737
8940.0 1.0265964269638062
8950.0 1.0257302522659302
8960.0 1.0248640775680542
8970.0 1.0252110958099365
8980.0 1.0255579948425293
8990.0 1.0270111560821533
9000.0 1.028464436531067
9010.0 1.0307379961013794
9020.0 1.033011555671692
9030.0 1.0349571704864502
9040.0 1.036902904510498
9050.0 1.0359158515930176
9060.0 1.0392074584960938
9070.0 1.0379011631011963
9080.0 1.0365948677062988
9090.0 1.0334491729736328
9100.0 1.0303035974502563
9110.0 1.0269899368286133
9120.0 1.0279933214187622
9130.0 1.0257333517074585
9140.0 1.0245109796524048
9150.0 1.0256822109222412
9160.0 1.0256205797195435
9170.0 1.0255589485168457
9180.0 1.0261907577514648
9190.0 1.026822566986084
9200.0 1.0252339839935303
9210.0 1.023645281791687
9220.0 1.0216996669769287
9230.0 1.0197539329528809
9240.0 1.013432264328003
9250.0 1.0071104764938354
9260.0 1.002493977546692
9270.0 0.9978774785995483
9280.0 0.9896961450576782
9290.0 0.9815148115158081
9300.0 0.9757326245307922
9310.0 0.9699504971504211
9320.0 0.9645386934280396
9330.0 0.959126889705658
9340.0 0.9505972862243652
9350.0 0.9420676231384277
9360.0 0.9304977059364319
9370.0 0.9189277291297913
9380.0 0.9102362394332886
9390.0 0.9015446901321411
9400.0 0.8893206715583801
9410.0 0.8770965933799744
9420.0 0.8683801293373108
9430.0 0.8596636056900024
9440.0 0.854148268699646
9450.0 0.8561484217643738
9460.0 0.8571401834487915
9470.0 0.8560341000556946
9480.0 0.8571662306785583
9490.0 0.8582984209060669
9500.0 0.8585867285728455
9510.0 0.862377405166626
9520.0 0.8639477491378784
9530.0 0.8655181527137756
9540.0 0.867093026638031
9550.0 0.8686679005622864
9560.0 0.8698027729988098
9570.0 0.8709376454353333
9580.0 0.8700410723686218
9590.0 0.8691444396972656
9600.0 0.8658891916275024
9610.0 0.862634003162384
9620.0 0.860038697719574
9630.0 0.8574434518814087
9640.0 0.8548241853713989
9650.0 0.8522049188613892
9660.0 0.8507832884788513
9670.0 0.8493616580963135
9680.0 0.8474202156066895
9690.0 0.8454788327217102
9700.0 0.843537449836731
9710.0 0.8415960073471069
9720.0 0.837566077709198
9730.0 0.8335361480712891
9740.0 0.8290938138961792
9750.0 0.8246514201164246
9760.0 0.8182277083396912
9770.0 0.8118039965629578
9780.0 0.8036483526229858
9790.0 0.7954927682876587
9800.0 0.788129448890686
9810.0 0.7807660698890686
9820.0 0.7725021839141846
9830.0 0.7642383575439453
9840.0 0.7552011609077454
9850.0 0.7461639642715454
9860.0 0.7355430722236633
9870.0 0.7249221801757812
9880.0 0.7149949669837952
9890.0 0.7050678133964539
9900.0 0.6949858069419861
9910.0 0.6849038600921631
9920.0 0.6719240546226501
9930.0 0.6589441299438477
9940.0 0.6256802082061768
9950.0 0.5924164056777954
9960.0 0.5314654111862183
9970.0 0.4705144166946411
9980.0 0.38405829668045044
9990.0 0.2976021468639374
10000.0 0.2210775911808014
10010.0 0.14455300569534302
10020.0 0.10123506188392639
10030.0 0.05791711434721947
10040.0 0.04054238647222519
10050.0 0.023167654871940613
10060.0 0.016540801152586937
10070.0 0.009913938120007515
10080.0 0.007643988821655512
10090.0 0.005374028347432613
10100.0 0.004292277619242668
10110.0 0.0032105259597301483
10120.0 0.0024236280005425215
10130.0 0.0016367401694878936
10140.0 0.0017470089951530099
10150.0 0.0
10160.0 0.0
10170.0 0.0
10180.0 0.0
10190.0 0.0
10200.0 0.0
