decam/transmission_system/s7/i_decam_sdss_c0003_7835.0_1470.0/2012-09-12T00:00:00.ecsv
# %ECSV 1.0
# ---
# datatype:
# - {name: wavelength, unit: Angstrom, datatype: float64}
# - {name: throughput, datatype: float64}
# meta: !!omap
# - {MODE: DETECTOR}
# - {TYPE: transmission_system}
# - {CALIBDATE: '2012-09-12T00:00:00'}
# - {INSTRUME: DECam}
# - {OBSTYPE: transmission_system}
# - {CALIBCLS: lsst.ip.isr.IntermediateSystemTransmissionCurve}
# - {DETECTOR: 31}
# - {DETECTOR_NAME: S7}
# - {SOURCE: i_band_per_detector_throughput.fits}
# - {FILTER: i DECam SDSS c0003 7835.0 1470.0}
# - {CALIB_CREATION_DATE: '2012-09-12'}
# - {CALIB_CREATION_TIME: '00:00:00'}
# schema: astropy-2.0
wavelength throughput
6700.0 0.0
6710.0 0.0
6720.0 0.0
6730.0 0.0
6740.0 0.0
6750.0 0.0
6760.0 0.001181977684609592
6770.0 0.00136997876688838
6780.0 0.0015579693717882037
6790.0 0.00177217205055058
6800.0 0.001986385090276599
6810.0 0.0022379739675670862
6820.0 0.002489552367478609
6830.0 0.0027849560137838125
6840.0 0.0030803594272583723
6850.0 0.003447513561695814
6860.0 0.003814667696133256
6870.0 0.004247122909873724
6880.0 0.004679568111896515
6890.0 0.005212042015045881
6900.0 0.005744526628404856
6910.0 0.006385784596204758
6920.0 0.007027042098343372
6930.0 0.007847931236028671
6940.0 0.008668829686939716
6950.0 0.009874630719423294
6960.0 0.011080441996455193
6970.0 0.013127028942108154
6980.0 0.01517360657453537
6990.0 0.01956651359796524
7000.0 0.023959435522556305
7010.0 0.03402005136013031
7020.0 0.044080667197704315
7030.0 0.06516198068857193
7040.0 0.08624328672885895
7050.0 0.12523877620697021
7060.0 0.16423426568508148
7070.0 0.2257135510444641
7080.0 0.28719282150268555
7090.0 0.3707420825958252
7100.0 0.45429131388664246
7110.0 0.5479303598403931
7120.0 0.6415694355964661
7130.0 0.7232520580291748
7140.0 0.8049346208572388
7150.0 0.8581390380859375
7160.0 0.9113433957099915
7170.0 0.9362473487854004
7180.0 0.9611511826515198
7190.0 0.9646503329277039
7200.0 0.9681494235992432
7210.0 0.9662685394287109
7220.0 0.9643876552581787
7230.0 0.9665157794952393
7240.0 0.968643844127655
7250.0 0.9762358665466309
7260.0 0.9838279485702515
7270.0 0.9922495484352112
7280.0 1.000671148300171
7290.0 1.0035293102264404
7300.0 1.0063873529434204
7310.0 1.0029617547988892
7320.0 0.9995362162590027
7330.0 0.9941784143447876
7340.0 0.9888206124305725
7350.0 0.9869232773780823
7360.0 0.9850258827209473
7370.0 0.9879297614097595
7380.0 0.9908337593078613
7390.0 0.9962571859359741
7400.0 1.0016804933547974
7410.0 1.005313515663147
7420.0 1.0089465379714966
7430.0 1.0098388195037842
7440.0 1.0107311010360718
7450.0 1.0099400281906128
7460.0 1.0091488361358643
7470.0 1.0082610845565796
7480.0 1.0073732137680054
7490.0 1.0079377889633179
7500.0 1.0085023641586304
7510.0 1.0092695951461792
7520.0 1.010036826133728
7530.0 1.0106908082962036
7540.0 1.0113447904586792
7550.0 1.010013461112976
7560.0 1.008682131767273
7570.0 1.0061084032058716
7580.0 1.0035346746444702
7590.0 0.9935660362243652
7600.0 0.9835973978042603
7610.0 0.9844433665275574
7620.0 0.9852893948554993
7630.0 0.9855137467384338
7640.0 0.9857381582260132
7650.0 0.9887555241584778
7660.0 0.9917729496955872
7670.0 0.9930611252784729
7680.0 0.9943493604660034
7690.0 0.9949009418487549
7700.0 0.9954524636268616
7710.0 0.9976273775100708
7720.0 0.99980229139328
7730.0 1.002713918685913
7740.0 1.0056254863739014
7750.0 1.0105936527252197
7760.0 1.015561819076538
7770.0 1.0174081325531006
7780.0 1.0192545652389526
7790.0 1.0186845064163208
7800.0 1.018114447593689
7810.0 1.0157434940338135
7820.0 1.013372540473938
7830.0 1.0119324922561646
7840.0 1.0104924440383911
7850.0 1.012126088142395
7860.0 1.013759732246399
7870.0 1.0162025690078735
7880.0 1.0186455249786377
7890.0 1.0177018642425537
7900.0 1.0167583227157593
7910.0 1.0114556550979614
7920.0 1.0061529874801636
7930.0 0.9977906942367554
7940.0 0.9894282817840576
7950.0 0.9807570576667786
7960.0 0.9720858335494995
7970.0 0.9690601825714111
7980.0 0.9660346508026123
7990.0 0.9715883135795593
8000.0 0.9771419167518616
8010.0 0.9870330691337585
8020.0 0.9969242811203003
8030.0 1.0024269819259644
8040.0 1.007929801940918
8050.0 1.009218454360962
8060.0 1.0105071067810059
8070.0 1.0084972381591797
8080.0 1.0064873695373535
8090.0 0.9989199042320251
8100.0 0.991352379322052
8110.0 0.9770021438598633
8120.0 0.9830430150032043
8130.0 0.9838460683822632
8140.0 0.9846490621566772
8150.0 0.9902021884918213
8160.0 0.9957552552223206
8170.0 1.0110348463058472
8180.0 1.0097346305847168
8190.0 1.0074050426483154
8200.0 1.0012803077697754
8210.0 0.9951554536819458
8220.0 0.986315906047821
8230.0 0.9774763584136963
8240.0 0.9735188484191895
8250.0 0.9695612788200378
8260.0 0.9718366861343384
8270.0 0.9741120338439941
8280.0 0.981072723865509
8290.0 0.9880334734916687
8300.0 0.9949941635131836
8310.0 1.0152887105941772
8320.0 1.0189012289047241
8330.0 1.0225138664245605
8340.0 1.0261263847351074
8350.0 1.0179998874664307
8360.0 1.0120649337768555
8370.0 1.0061299800872803
8380.0 1.000195026397705
8390.0 0.9923110604286194
8400.0 0.9862381219863892
8410.0 0.9862819314002991
8420.0 0.986325740814209
8430.0 0.9884450435638428
8440.0 0.9956655502319336
8450.0 0.9971194267272949
8460.0 0.9985733032226562
8470.0 1.0068747997283936
8480.0 1.0151762962341309
8490.0 1.019618272781372
8500.0 1.0240603685379028
8510.0 1.0078479051589966
8520.0 0.9916354417800903
8530.0 0.9241918325424194
8540.0 0.8567481637001038
8550.0 0.7249234318733215
8560.0 0.5930988192558289
8570.0 0.32317855954170227
8580.0 0.3221232295036316
8590.0 0.13662299513816833
8600.0 0.13436205685138702
8610.0 0.04924552142620087
8620.0 0.04878406971693039
8630.0 0.01754150725901127
8640.0 0.01730394922196865
8650.0 0.006744807120412588
8660.0 0.006459591444581747
8670.0 0.002934864489361644
8680.0 0.002406544517725706
8690.0 0.0018782244296744466
8700.0 0.0
8710.0 0.0
8720.0 0.0
8730.0 0.0
8740.0 0.0
8750.0 0.0
