decam/transmission_system/s5/i_decam_sdss_c0003_7835.0_1470.0/2012-09-12T00:00:00.ecsv
# %ECSV 1.0
# ---
# datatype:
# - {name: wavelength, unit: Angstrom, datatype: float64}
# - {name: throughput, datatype: float64}
# meta: !!omap
# - {MODE: DETECTOR}
# - {TYPE: transmission_system}
# - {CALIBDATE: '2012-09-12T00:00:00'}
# - {INSTRUME: DECam}
# - {OBSTYPE: transmission_system}
# - {CALIBCLS: lsst.ip.isr.IntermediateSystemTransmissionCurve}
# - {DETECTOR: 29}
# - {DETECTOR_NAME: S5}
# - {SOURCE: i_band_per_detector_throughput.fits}
# - {FILTER: i DECam SDSS c0003 7835.0 1470.0}
# - {CALIB_CREATION_DATE: '2012-09-12'}
# - {CALIB_CREATION_TIME: '00:00:00'}
# schema: astropy-2.0
wavelength throughput
6700.0 0.0
6710.0 0.0
6720.0 0.0
6730.0 0.0
6740.0 0.0
6750.0 0.0
6760.0 0.0006105283391661942
6770.0 0.0007105573895387352
6780.0 0.000810586498118937
6790.0 0.0009159431210719049
6800.0 0.0010213101049885154
6810.0 0.0011360029457136989
6820.0 0.0012506956700235605
6830.0 0.0014223092002794147
6840.0 0.0015939122531563044
6850.0 0.0018506312044337392
6860.0 0.0021073506213724613
6870.0 0.0024654173757880926
6880.0 0.0028234950732439756
6890.0 0.0033299752976745367
6900.0 0.0038364657666534185
6910.0 0.004654705990105867
6920.0 0.00547294644638896
6930.0 0.007219176739454269
6940.0 0.008965417742729187
6950.0 0.0132078155875206
6960.0 0.01745021343231201
6970.0 0.028924060985445976
6980.0 0.04039791226387024
6990.0 0.06840606778860092
7000.0 0.0964142456650734
7010.0 0.1510210484266281
7020.0 0.20562784373760223
7030.0 0.28941765427589417
7040.0 0.3732074797153473
7050.0 0.47405028343200684
7060.0 0.5748931169509888
7070.0 0.6659871935844421
7080.0 0.7570813894271851
7090.0 0.8160496354103088
7100.0 0.8750178813934326
7110.0 0.9037529826164246
7120.0 0.9324880242347717
7130.0 0.9442995190620422
7140.0 0.9561110138893127
7150.0 0.9629310369491577
7160.0 0.9697511196136475
7170.0 0.9760434031486511
7180.0 0.9823356866836548
7190.0 0.984941303730011
7200.0 0.9875469207763672
7210.0 0.9880368709564209
7220.0 0.9885268807411194
7230.0 0.9886147379875183
7240.0 0.9887025952339172
7250.0 0.9902961850166321
7260.0 0.9918898344039917
7270.0 0.9949872493743896
7280.0 0.9980846047401428
7290.0 0.9995558261871338
7300.0 1.00102698802948
7310.0 1.0000827312469482
7320.0 0.9991382956504822
7330.0 0.9967710375785828
7340.0 0.9944038987159729
7350.0 0.9939433336257935
7360.0 0.9934828877449036
7370.0 0.9958156943321228
7380.0 0.998148500919342
7390.0 1.0016734600067139
7400.0 1.0051982402801514
7410.0 1.0062947273254395
7420.0 1.007391333580017
7430.0 1.0064213275909424
7440.0 1.0054514408111572
7450.0 1.0043129920959473
7460.0 1.0031744241714478
7470.0 1.0032442808151245
7480.0 1.0033140182495117
7490.0 1.0048813819885254
7500.0 1.0064486265182495
7510.0 1.0071375370025635
7520.0 1.007826328277588
7530.0 1.0074396133422852
7540.0 1.0070527791976929
7550.0 1.0049549341201782
7560.0 1.0028570890426636
7570.0 1.000937581062317
7580.0 0.9990180134773254
7590.0 0.9911527633666992
7600.0 0.9832875728607178
7610.0 0.9868577718734741
7620.0 0.9904279112815857
7630.0 0.9927605986595154
7640.0 0.9950933456420898
7650.0 0.9985756874084473
7660.0 1.0020580291748047
7670.0 1.0028183460235596
7680.0 1.0035786628723145
7690.0 1.0024446249008179
7700.0 1.0013107061386108
7710.0 1.0010149478912354
7720.0 1.0007191896438599
7730.0 1.001042366027832
7740.0 1.0013656616210938
7750.0 1.0040132999420166
7760.0 1.0066609382629395
7770.0 1.0077844858169556
7780.0 1.0089081525802612
7790.0 1.0094860792160034
7800.0 1.010063886642456
7810.0 1.0095423460006714
7820.0 1.0090209245681763
7830.0 1.008098840713501
7840.0 1.0071768760681152
7850.0 1.006899118423462
7860.0 1.0066214799880981
7870.0 1.0055484771728516
7880.0 1.004475474357605
7890.0 1.0014336109161377
7900.0 0.99839186668396
7910.0 0.9947606325149536
7920.0 0.9911293983459473
7930.0 0.9882218241691589
7940.0 0.9853143095970154
7950.0 0.9826272130012512
7960.0 0.9799401760101318
7970.0 0.9796122908592224
7980.0 0.979284405708313
7990.0 0.9825226664543152
8000.0 0.9857609868049622
8010.0 0.9891769289970398
8020.0 0.9925929307937622
8030.0 0.993330180644989
8040.0 0.9940673112869263
8050.0 0.9930399656295776
8060.0 0.992012619972229
8070.0 0.9935734272003174
8080.0 0.9951342344284058
8090.0 0.9935457110404968
8100.0 0.9919572472572327
8110.0 0.9857728481292725
8120.0 0.9910020232200623
8130.0 0.9898907542228699
8140.0 0.9887794256210327
8150.0 0.9874041676521301
8160.0 0.9860289692878723
8170.0 0.9860935807228088
8180.0 0.9854803681373596
8190.0 0.9775404930114746
8200.0 0.9755364060401917
8210.0 0.9735324382781982
8220.0 0.972584068775177
8230.0 0.971635639667511
8240.0 0.973229706287384
8250.0 0.9748238325119019
8260.0 0.9770923256874084
8270.0 0.979360818862915
8280.0 0.982217013835907
8290.0 0.9850731492042542
8300.0 0.9879293441772461
8310.0 0.9943892955780029
8320.0 0.9960366487503052
8330.0 0.9976840019226074
8340.0 0.9993314146995544
8350.0 0.9989644885063171
8360.0 0.9981073141098022
8370.0 0.9972501397132874
8380.0 0.9963929653167725
8390.0 1.0011703968048096
8400.0 0.9952787756919861
8410.0 0.9975163340568542
8420.0 0.9997539520263672
8430.0 1.001677393913269
8440.0 1.0071557760238647
8450.0 1.00900137424469
8460.0 1.0108469724655151
8470.0 1.0245189666748047
8480.0 1.0381908416748047
8490.0 1.0514106750488281
8500.0 1.0646305084228516
8510.0 1.0522141456604004
8520.0 1.0397977828979492
8530.0 0.9593514800071716
8540.0 0.8789051175117493
8550.0 0.7189249992370605
8560.0 0.558944821357727
8570.0 0.26530683040618896
8580.0 0.26635289192199707
8590.0 0.10088814795017242
8600.0 0.10036208480596542
8610.0 0.0364537313580513
8620.0 0.036827437579631805
8630.0 0.01374177448451519
8640.0 0.014155307784676552
8650.0 0.005971222650259733
8660.0 0.006012191530317068
8670.0 0.00287774670869112
8680.0 0.0024338779039680958
8690.0 0.0019900198094546795
8700.0 0.0
8710.0 0.0
8720.0 0.0
8730.0 0.0
8740.0 0.0
8750.0 0.0
