decam/transmission_system/n14/r_decam_sdss_c0002_6415.0_1480.0/2012-09-12T00:00:00.ecsv
# %ECSV 1.0
# ---
# datatype:
# - {name: wavelength, unit: Angstrom, datatype: float64}
# - {name: throughput, datatype: float64}
# meta: !!omap
# - {MODE: DETECTOR}
# - {TYPE: transmission_system}
# - {CALIBDATE: '2012-09-12T00:00:00'}
# - {INSTRUME: DECam}
# - {OBSTYPE: transmission_system}
# - {CALIBCLS: lsst.ip.isr.IntermediateSystemTransmissionCurve}
# - {DETECTOR: 45}
# - {DETECTOR_NAME: N14}
# - {SOURCE: r_band_per_detector_throughput.fits}
# - {FILTER: r DECam SDSS c0002 6415.0 1480.0}
# - {CALIB_CREATION_DATE: '2012-09-12'}
# - {CALIB_CREATION_TIME: '00:00:00'}
# schema: astropy-2.0
wavelength throughput
5350.0 0.0
5360.0 0.0
5370.0 0.0
5380.0 0.0
5390.0 0.0
5400.0 0.0
5410.0 0.0032248885836452246
5420.0 0.0035388192627578974
5430.0 0.0040681567043066025
5440.0 0.0045974948443472385
5450.0 0.005248255096375942
5460.0 0.005899014882743359
5470.0 0.006524830590933561
5480.0 0.007150635123252869
5490.0 0.008116229437291622
5500.0 0.009081833995878696
5510.0 0.010079050436615944
5520.0 0.011076267808675766
5530.0 0.012299608439207077
5540.0 0.013522950001060963
5550.0 0.015196225605905056
5560.0 0.01686948910355568
5570.0 0.019014496356248856
5580.0 0.021159503608942032
5590.0 0.02435268461704254
5600.0 0.027545858174562454
5610.0 0.034487590193748474
5620.0 0.041429318487644196
5630.0 0.06750534474849701
5640.0 0.09358137100934982
5650.0 0.19189764559268951
5660.0 0.2902138829231262
5670.0 0.46410542726516724
5680.0 0.6379969716072083
5690.0 0.7169348001480103
5700.0 0.7958726286888123
5710.0 0.804137110710144
5720.0 0.812401533126831
5730.0 0.8164388537406921
5740.0 0.8204761147499084
5750.0 0.8241119384765625
5760.0 0.8277478218078613
5770.0 0.8301872611045837
5780.0 0.8326266407966614
5790.0 0.8348648548126221
5800.0 0.8371030688285828
5810.0 0.8421890139579773
5820.0 0.8472749590873718
5830.0 0.849587082862854
5840.0 0.8518993258476257
5850.0 0.850576639175415
5860.0 0.8492538928985596
5870.0 0.8466774225234985
5880.0 0.8441008925437927
5890.0 0.8448968529701233
5900.0 0.8456926941871643
5910.0 0.8498623371124268
5920.0 0.8540319800376892
5930.0 0.8561418056488037
5940.0 0.8582517504692078
5950.0 0.8578771948814392
5960.0 0.8575026392936707
5970.0 0.8584938645362854
5980.0 0.8594852089881897
5990.0 0.8617700338363647
6000.0 0.8640549182891846
6010.0 0.8671088814735413
6020.0 0.8701627850532532
6030.0 0.8687755465507507
6040.0 0.8747485280036926
6050.0 0.87504643201828
6060.0 0.8753443360328674
6070.0 0.8746300935745239
6080.0 0.8739158511161804
6090.0 0.8750647902488708
6100.0 0.8762137293815613
6110.0 0.8795802593231201
6120.0 0.882946789264679
6130.0 0.8859663605690002
6140.0 0.8889858722686768
6150.0 0.8907230496406555
6160.0 0.8924602270126343
6170.0 0.8935455679893494
6180.0 0.8946309685707092
6190.0 0.8942235112190247
6200.0 0.8938160538673401
6210.0 0.8946609497070312
6220.0 0.8955057859420776
6230.0 0.8960922360420227
6240.0 0.8966786861419678
6250.0 0.8972716927528381
6260.0 0.8978646397590637
6270.0 0.899688184261322
6280.0 0.9015117883682251
6290.0 0.9033329486846924
6300.0 0.9051541686058044
6310.0 0.9056605100631714
6320.0 0.9061668515205383
6330.0 0.90682053565979
6340.0 0.9074742794036865
6350.0 0.909306526184082
6360.0 0.9111388325691223
6370.0 0.9129500389099121
6380.0 0.9147613644599915
6390.0 0.91511470079422
6400.0 0.9154680967330933
6410.0 0.9159815311431885
6420.0 0.9164949655532837
6430.0 0.9164528250694275
6440.0 0.9164108037948608
6450.0 0.9163947701454163
6460.0 0.9163786768913269
6470.0 0.9167765378952026
6480.0 0.9171743392944336
6490.0 0.9173653721809387
6500.0 0.9175564050674438
6510.0 0.9182382225990295
6520.0 0.9189200401306152
6530.0 0.9208458662033081
6540.0 0.9227717518806458
6550.0 0.9248366951942444
6560.0 0.9269016981124878
6570.0 0.9279377460479736
6580.0 0.9289738535881042
6590.0 0.9289674162864685
6600.0 0.9289609789848328
6610.0 0.9283081889152527
6620.0 0.9276553988456726
6630.0 0.9262425303459167
6640.0 0.9248296618461609
6650.0 0.9252234697341919
6660.0 0.9256172180175781
6670.0 0.9279456734657288
6680.0 0.9302741289138794
6690.0 0.9321728348731995
6700.0 0.9340715408325195
6710.0 0.9349231719970703
6720.0 0.9357748031616211
6730.0 0.9353063106536865
6740.0 0.9348378777503967
6750.0 0.9339468479156494
6760.0 0.9330559372901917
6770.0 0.9330794215202332
6780.0 0.9331028461456299
6790.0 0.9340034127235413
6800.0 0.9349039196968079
6810.0 0.9353107810020447
6820.0 0.9357175827026367
6830.0 0.935966432094574
6840.0 0.9362152218818665
6850.0 0.9363229870796204
6860.0 0.9364306926727295
6870.0 0.9358111619949341
6880.0 0.9351917505264282
6890.0 0.9345385432243347
6900.0 0.9338852763175964
6910.0 0.9329258799552917
6920.0 0.9319665431976318
6930.0 0.9312835931777954
6940.0 0.930600643157959
6950.0 0.9298885464668274
6960.0 0.9291764497756958
6970.0 0.92916339635849
6980.0 0.9291503429412842
6990.0 0.9298372268676758
7000.0 0.9305240511894226
7010.0 0.9303169250488281
7020.0 0.9301099181175232
7030.0 0.9266180396080017
7040.0 0.923126220703125
7050.0 0.9170989394187927
7060.0 0.91107177734375
7070.0 0.896992027759552
7080.0 0.8829123377799988
7090.0 0.8707715272903442
7100.0 0.8586307168006897
7110.0 0.8385415077209473
7120.0 0.8184522986412048
7130.0 0.7197744250297546
7140.0 0.6210966110229492
7150.0 0.459541916847229
7160.0 0.29798728227615356
7170.0 0.19269442558288574
7180.0 0.08740158379077911
7190.0 0.05648696422576904
7200.0 0.025572340935468674
7210.0 0.016532575711607933
7220.0 0.007492802571505308
7230.0 0.005897799972444773
7240.0 0.0043027871288359165
7250.0 0.0030831012409180403
7260.0 0.0018634152365848422
7270.0 0.0014078530948609114
7280.0 0.0009523012558929622
7290.0 0.0007702716393396258
7300.0 0.0005882523255422711
7310.0 0.0005131163634359837
7320.0 0.0004379906749818474
7330.0 0.00038513061008416116
7340.0 0.0003322705742903054
7350.0 0.0
7360.0 0.0
7370.0 0.0
7380.0 0.0
7390.0 0.0
7400.0 0.0
