decam/transmission_system/s15/i_decam_sdss_c0003_7835.0_1470.0/2012-09-12T00:00:00.ecsv
# %ECSV 1.0
# ---
# datatype:
# - {name: wavelength, unit: Angstrom, datatype: float64}
# - {name: throughput, datatype: float64}
# meta: !!omap
# - {MODE: DETECTOR}
# - {TYPE: transmission_system}
# - {CALIBDATE: '2012-09-12T00:00:00'}
# - {INSTRUME: DECam}
# - {OBSTYPE: transmission_system}
# - {CALIBCLS: lsst.ip.isr.IntermediateSystemTransmissionCurve}
# - {DETECTOR: 14}
# - {DETECTOR_NAME: S15}
# - {SOURCE: i_band_per_detector_throughput.fits}
# - {FILTER: i DECam SDSS c0003 7835.0 1470.0}
# - {CALIB_CREATION_DATE: '2012-09-12'}
# - {CALIB_CREATION_TIME: '00:00:00'}
# schema: astropy-2.0
wavelength throughput
6700.0 0.0
6710.0 0.0
6720.0 0.0
6730.0 0.0
6740.0 0.0
6750.0 0.0
6760.0 0.0008151974761858582
6770.0 0.000935093208681792
6780.0 0.0010549889411777258
6790.0 0.001159982057288289
6800.0 0.0012649752898141742
6810.0 0.0014147176407277584
6820.0 0.0015644601080566645
6830.0 0.001756075187586248
6840.0 0.0019476799061521888
6850.0 0.002208698308095336
6860.0 0.0024697170592844486
6870.0 0.002834243467077613
6880.0 0.003198770107701421
6890.0 0.00368698313832283
6900.0 0.004175195936113596
6910.0 0.004878546576946974
6920.0 0.005581896286457777
6930.0 0.006816983222961426
6940.0 0.008052069693803787
6950.0 0.010471689514815807
6960.0 0.012891308404505253
6970.0 0.01847745291888714
6980.0 0.02406359650194645
6990.0 0.03708774968981743
7000.0 0.05011190474033356
7010.0 0.07729554176330566
7020.0 0.10447917878627777
7030.0 0.15278051793575287
7040.0 0.20108184218406677
7050.0 0.27402496337890625
7060.0 0.34696805477142334
7070.0 0.43714308738708496
7080.0 0.5273181200027466
7090.0 0.6153496503829956
7100.0 0.7033812403678894
7110.0 0.7719530463218689
7120.0 0.8405249118804932
7130.0 0.8827354311943054
7140.0 0.9249459505081177
7150.0 0.9443047046661377
7160.0 0.9636635184288025
7170.0 0.97098308801651
7180.0 0.9783025979995728
7190.0 0.9786046743392944
7200.0 0.9789068102836609
7210.0 0.9787276983261108
7220.0 0.978548526763916
7230.0 0.9806528091430664
7240.0 0.982757031917572
7250.0 0.9869968295097351
7260.0 0.9912365674972534
7270.0 0.995814859867096
7280.0 1.0003931522369385
7290.0 1.001745581626892
7300.0 1.0030981302261353
7310.0 1.0013141632080078
7320.0 0.9995302557945251
7330.0 0.9961162805557251
7340.0 0.9927023649215698
7350.0 0.9909023642539978
7360.0 0.9891024231910706
7370.0 0.99065762758255
7380.0 0.9922128915786743
7390.0 0.9964975714683533
7400.0 1.0007822513580322
7410.0 1.0040770769119263
7420.0 1.0073717832565308
7430.0 1.0084089040756226
7440.0 1.0094460248947144
7450.0 1.0084112882614136
7460.0 1.0073765516281128
7470.0 1.0060280561447144
7480.0 1.004679560661316
7490.0 1.0050125122070312
7500.0 1.0053455829620361
7510.0 1.0063201189041138
7520.0 1.007294774055481
7530.0 1.0082764625549316
7540.0 1.0092581510543823
7550.0 1.008050799369812
7560.0 1.0068434476852417
7570.0 1.004149317741394
7580.0 1.0014551877975464
7590.0 0.9916678071022034
7600.0 0.9818803668022156
7610.0 0.9837725758552551
7620.0 0.9856647849082947
7630.0 0.987634003162384
7640.0 0.9896032810211182
7650.0 0.9933760166168213
7660.0 0.9971487522125244
7670.0 0.9990687966346741
7680.0 1.0009887218475342
7690.0 1.000924825668335
7700.0 1.0008608102798462
7710.0 1.0013502836227417
7720.0 1.0018397569656372
7730.0 1.0029470920562744
7740.0 1.004054307937622
7750.0 1.0077365636825562
7760.0 1.0114189386367798
7770.0 1.013178825378418
7780.0 1.0149388313293457
7790.0 1.0153090953826904
7800.0 1.0156793594360352
7810.0 1.0143687725067139
7820.0 1.0130581855773926
7830.0 1.0116990804672241
7840.0 1.0103399753570557
7850.0 1.010867714881897
7860.0 1.0113955736160278
7870.0 1.0120834112167358
7880.0 1.0127713680267334
7890.0 1.0108718872070312
7900.0 1.008972406387329
7910.0 1.0045415163040161
7920.0 1.0001105070114136
7930.0 0.9943497180938721
7940.0 0.9885888695716858
7950.0 0.9827648401260376
7960.0 0.9769408702850342
7970.0 0.9753141403198242
7980.0 0.9736874103546143
7990.0 0.9782125353813171
8000.0 0.98273766040802
8010.0 0.9885988831520081
8020.0 0.9944601058959961
8030.0 0.9980317950248718
8040.0 1.0016034841537476
8050.0 1.0017386674880981
8060.0 1.0018738508224487
8070.0 1.0014699697494507
8080.0 1.0010662078857422
8090.0 0.9960514307022095
8100.0 0.9910366535186768
8110.0 0.9805159568786621
8120.0 0.9862214922904968
8130.0 0.9863615036010742
8140.0 0.9865013957023621
8150.0 0.9891905188560486
8160.0 0.9918796420097351
8170.0 1.0014568567276
8180.0 0.998759388923645
8190.0 0.9943459033966064
8200.0 0.9895561337471008
8210.0 0.9847663640975952
8220.0 0.9791329503059387
8230.0 0.9734995365142822
8240.0 0.9716741442680359
8250.0 0.9698487520217896
8260.0 0.972156822681427
8270.0 0.9744648933410645
8280.0 0.9793930053710938
8290.0 0.9843211770057678
8300.0 0.9892493486404419
8310.0 1.0042692422866821
8320.0 1.006730079650879
8330.0 1.0091909170150757
8340.0 1.011651635169983
8350.0 1.0070765018463135
8360.0 1.0034890174865723
8370.0 0.999901533126831
8380.0 0.9963139891624451
8390.0 0.9936736226081848
8400.0 0.9873141050338745
8410.0 0.9876368045806885
8420.0 0.9879595041275024
8430.0 0.9874194860458374
8440.0 0.9938632249832153
8450.0 0.9932020306587219
8460.0 0.9925408363342285
8470.0 0.9995188117027283
8480.0 1.006496787071228
8490.0 1.0105416774749756
8500.0 1.0145865678787231
8510.0 0.9991731643676758
8520.0 0.9837596416473389
8530.0 0.9190549850463867
8540.0 0.8543503880500793
8550.0 0.7188298106193542
8560.0 0.5833092927932739
8570.0 0.29615557193756104
8580.0 0.30359891057014465
8590.0 0.1169469803571701
8600.0 0.11847008019685745
8610.0 0.0410420186817646
8620.0 0.042446210980415344
8630.0 0.01484605111181736
8640.0 0.015537197701632977
8650.0 0.006303742527961731
8660.0 0.006156845483928919
8670.0 0.002919993130490184
8680.0 0.002447596751153469
8690.0 0.00197518989443779
8700.0 0.0
8710.0 0.0
8720.0 0.0
8730.0 0.0
8740.0 0.0
8750.0 0.0
