decam/transmission_system/s31/y_decam_c0005_10095.0_1130.0/2012-09-12T00:00:00.ecsv
# %ECSV 1.0
# ---
# datatype:
# - {name: wavelength, unit: Angstrom, datatype: float64}
# - {name: throughput, datatype: float64}
# meta: !!omap
# - {MODE: DETECTOR}
# - {TYPE: transmission_system}
# - {CALIBDATE: '2012-09-12T00:00:00'}
# - {INSTRUME: DECam}
# - {OBSTYPE: transmission_system}
# - {CALIBCLS: lsst.ip.isr.IntermediateSystemTransmissionCurve}
# - {DETECTOR: 3}
# - {DETECTOR_NAME: S31}
# - {SOURCE: Y_band_per_detector_throughput.fits}
# - {FILTER: Y DECam c0005 10095.0 1130.0}
# - {CALIB_CREATION_DATE: '2012-09-12'}
# - {CALIB_CREATION_TIME: '00:00:00'}
# schema: astropy-2.0
wavelength throughput
9250.0 0.0
9260.0 0.0
9270.0 0.0
9280.0 0.0
9290.0 0.0
9300.0 0.0
9310.0 0.008884413167834282
9320.0 0.009783802554011345
9330.0 0.010683202184736729
9340.0 0.011755534447729588
9350.0 0.012827856466174126
9360.0 0.014217286370694637
9370.0 0.015606725588440895
9380.0 0.018012698739767075
9390.0 0.0204186849296093
9400.0 0.024818383157253265
9410.0 0.029218096286058426
9420.0 0.03832925483584404
9430.0 0.04744041711091995
9440.0 0.06690729409456253
9450.0 0.0863741785287857
9460.0 0.09319308400154114
9470.0 0.17220158874988556
9480.0 0.17634324729442596
9490.0 0.31419864296913147
9500.0 0.31547945737838745
9510.0 0.4998813569545746
9520.0 0.6023468971252441
9530.0 0.7048123478889465
9540.0 0.7802894711494446
9550.0 0.8557664752006531
9560.0 0.8830276727676392
9570.0 0.9102888703346252
9580.0 0.9103772640228271
9590.0 0.9104655981063843
9600.0 0.9078174829483032
9610.0 0.9051694273948669
9620.0 0.9027432799339294
9630.0 0.9003170132637024
9640.0 0.8983281850814819
9650.0 0.8963392972946167
9660.0 0.8928625583648682
9670.0 0.8893858194351196
9680.0 0.8844323754310608
9690.0 0.8794788718223572
9700.0 0.8756130337715149
9710.0 0.8717471957206726
9720.0 0.8622778654098511
9730.0 0.8528085947036743
9740.0 0.8470207452774048
9750.0 0.8412328362464905
9760.0 0.8354511260986328
9770.0 0.8296694755554199
9780.0 0.8230517506599426
9790.0 0.8164340853691101
9800.0 0.8096884489059448
9810.0 0.8029427528381348
9820.0 0.7956557273864746
9830.0 0.7883687019348145
9840.0 0.7792688608169556
9850.0 0.7701690793037415
9860.0 0.761621356010437
9870.0 0.7530736923217773
9880.0 0.742223858833313
9890.0 0.7313740253448486
9900.0 0.7215337753295898
9910.0 0.7116934657096863
9920.0 0.7008281946182251
9930.0 0.6899628043174744
9940.0 0.6807848811149597
9950.0 0.6716068983078003
9960.0 0.6604995131492615
9970.0 0.6493921279907227
9980.0 0.638451337814331
9990.0 0.6275106072425842
10000.0 0.6155090928077698
10010.0 0.6035075783729553
10020.0 0.5910876989364624
10030.0 0.578667938709259
10040.0 0.5656983256340027
10050.0 0.5527286529541016
10060.0 0.5407768487930298
10070.0 0.5288251042366028
10080.0 0.5157865285873413
10090.0 0.5027479529380798
10100.0 0.4891558289527893
10110.0 0.475563645362854
10120.0 0.4658045470714569
10130.0 0.4560454487800598
10140.0 0.4429793655872345
10150.0 0.4299132823944092
10160.0 0.4174855947494507
10170.0 0.4050578773021698
10180.0 0.39176785945892334
10190.0 0.37847787141799927
10200.0 0.36613374948501587
10210.0 0.35378965735435486
10220.0 0.3414774239063263
10230.0 0.3291652202606201
10240.0 0.3169783055782318
10250.0 0.3047913610935211
10260.0 0.293533593416214
10270.0 0.2822757959365845
10280.0 0.27209147810935974
10290.0 0.261907160282135
10300.0 0.2506287395954132
10310.0 0.239350363612175
10320.0 0.22808673977851868
10330.0 0.21682313084602356
10340.0 0.20377875864505768
10350.0 0.190734401345253
10360.0 0.17840740084648132
10370.0 0.16608037054538727
10380.0 0.1595640331506729
10390.0 0.15304769575595856
10400.0 0.14817851781845093
10410.0 0.1433093398809433
10420.0 0.13873256742954254
10430.0 0.13415580987930298
10440.0 0.12944547832012177
10450.0 0.12473512440919876
10460.0 0.12027275562286377
10470.0 0.11581037193536758
10480.0 0.11187012493610382
10490.0 0.10792988538742065
10500.0 0.1038094237446785
10510.0 0.09968896955251694
10520.0 0.09694322198629379
10530.0 0.09419748932123184
10540.0 0.09223911911249161
10550.0 0.09028075635433197
10560.0 0.08815334737300873
10570.0 0.08602594584226608
10580.0 0.08079307526350021
10590.0 0.07556021213531494
10600.0 0.06559889763593674
10610.0 0.05563759058713913
10620.0 0.043723318725824356
10630.0 0.03180905804038048
10640.0 0.023085810244083405
10650.0 0.014362553134560585
10660.0 0.01002527680248022
10670.0 0.005688000470399857
10680.0 0.0038935525808483362
10690.0 0.002099094446748495
10700.0 0.0
10710.0 0.0
10720.0 0.0
10730.0 0.0
10740.0 0.0
10750.0 0.0
