decam/transmission_system/n16/r_decam_sdss_c0002_6415.0_1480.0/2012-09-12T00:00:00.ecsv
# %ECSV 1.0
# ---
# datatype:
# - {name: wavelength, unit: Angstrom, datatype: float64}
# - {name: throughput, datatype: float64}
# meta: !!omap
# - {MODE: DETECTOR}
# - {TYPE: transmission_system}
# - {CALIBDATE: '2012-09-12T00:00:00'}
# - {INSTRUME: DECam}
# - {OBSTYPE: transmission_system}
# - {CALIBCLS: lsst.ip.isr.IntermediateSystemTransmissionCurve}
# - {DETECTOR: 47}
# - {DETECTOR_NAME: N16}
# - {SOURCE: r_band_per_detector_throughput.fits}
# - {FILTER: r DECam SDSS c0002 6415.0 1480.0}
# - {CALIB_CREATION_DATE: '2012-09-12'}
# - {CALIB_CREATION_TIME: '00:00:00'}
# schema: astropy-2.0
wavelength throughput
5350.0 0.0
5360.0 0.0
5370.0 0.0
5380.0 0.0
5390.0 0.0
5400.0 0.0
5410.0 0.0020260559394955635
5420.0 0.0022970130667090416
5430.0 0.0026785607915371656
5440.0 0.0030601085163652897
5450.0 0.003552548121660948
5460.0 0.004044988192617893
5470.0 0.004569403361529112
5480.0 0.005093818064779043
5490.0 0.005888069048523903
5500.0 0.006682319566607475
5510.0 0.007724691182374954
5520.0 0.008767061866819859
5530.0 0.010003520175814629
5540.0 0.011239967308938503
5550.0 0.012926098890602589
5560.0 0.014612220227718353
5570.0 0.016910459846258163
5580.0 0.019208697602152824
5590.0 0.023139169439673424
5600.0 0.027069641277194023
5610.0 0.03769019991159439
5620.0 0.0483107715845108
5630.0 0.08902990818023682
5640.0 0.12974902987480164
5650.0 0.2483491748571396
5660.0 0.36694931983947754
5670.0 0.5153591632843018
5680.0 0.663769006729126
5690.0 0.7302519083023071
5700.0 0.7967348098754883
5710.0 0.8074249625205994
5720.0 0.8181151747703552
5730.0 0.820716142654419
5740.0 0.8233171701431274
5750.0 0.8272798657417297
5760.0 0.8312425017356873
5770.0 0.8361212015151978
5780.0 0.8409999012947083
5790.0 0.8428918719291687
5800.0 0.8447839021682739
5810.0 0.8489064574241638
5820.0 0.8530290126800537
5830.0 0.8548393249511719
5840.0 0.8566495776176453
5850.0 0.8561598658561707
5860.0 0.8556702136993408
5870.0 0.8545824885368347
5880.0 0.8534947633743286
5890.0 0.8531691431999207
5900.0 0.8528435230255127
5910.0 0.8553960919380188
5920.0 0.8579486608505249
5930.0 0.8599313497543335
5940.0 0.8619140386581421
5950.0 0.8611646294593811
5960.0 0.8604152202606201
5970.0 0.8608994483947754
5980.0 0.8613836169242859
5990.0 0.8638037443161011
6000.0 0.8662238121032715
6010.0 0.8684991598129272
6020.0 0.870774507522583
6030.0 0.8694823980331421
6040.0 0.873058021068573
6050.0 0.8740343451499939
6060.0 0.8750106692314148
6070.0 0.8746492862701416
6080.0 0.8742879033088684
6090.0 0.8739815950393677
6100.0 0.8736753463745117
6110.0 0.8765842914581299
6120.0 0.8794932961463928
6130.0 0.8828763961791992
6140.0 0.8862594962120056
6150.0 0.8868817687034607
6160.0 0.8875041007995605
6170.0 0.8888139128684998
6180.0 0.8901238441467285
6190.0 0.8907557129859924
6200.0 0.8913875818252563
6210.0 0.8915020823478699
6220.0 0.8916165232658386
6230.0 0.8928411602973938
6240.0 0.894065797328949
6250.0 0.8950431942939758
6260.0 0.8960205912590027
6270.0 0.896085798740387
6280.0 0.8961511254310608
6290.0 0.8980192542076111
6300.0 0.8998873829841614
6310.0 0.9012818932533264
6320.0 0.9026763439178467
6330.0 0.9021613001823425
6340.0 0.9016462564468384
6350.0 0.9032254815101624
6360.0 0.9048046469688416
6370.0 0.9075101613998413
6380.0 0.9102156758308411
6390.0 0.9103623032569885
6400.0 0.910508930683136
6410.0 0.9112027287483215
6420.0 0.9118966460227966
6430.0 0.9125608205795288
6440.0 0.913224995136261
6450.0 0.9126951694488525
6460.0 0.9121652245521545
6470.0 0.9127095937728882
6480.0 0.913253903388977
6490.0 0.9143389463424683
6500.0 0.9154240489006042
6510.0 0.9150439500808716
6520.0 0.9146638512611389
6530.0 0.9157511591911316
6540.0 0.9168384671211243
6550.0 0.9193359017372131
6560.0 0.921833336353302
6570.0 0.9228755235671997
6580.0 0.9239177107810974
6590.0 0.9242395758628845
6600.0 0.9245613813400269
6610.0 0.924935519695282
6620.0 0.9253095984458923
6630.0 0.9244957566261292
6640.0 0.9236818552017212
6650.0 0.9232215881347656
6660.0 0.9227614402770996
6670.0 0.9244464635848999
6680.0 0.9261316061019897
6690.0 0.9283124804496765
6700.0 0.9304934740066528
6710.0 0.9311731457710266
6720.0 0.9318528175354004
6730.0 0.9318061470985413
6740.0 0.9317594170570374
6750.0 0.9311391115188599
6760.0 0.9305188059806824
6770.0 0.9302542805671692
6780.0 0.9299898147583008
6790.0 0.9308819770812988
6800.0 0.9317741990089417
6810.0 0.9322338700294495
6820.0 0.9326934814453125
6830.0 0.9331634044647217
6840.0 0.9336333274841309
6850.0 0.9334986209869385
6860.0 0.9333638548851013
6870.0 0.9329478144645691
6880.0 0.9325317740440369
6890.0 0.9328129887580872
6900.0 0.9330942034721375
6910.0 0.9318999648094177
6920.0 0.930705726146698
6930.0 0.9300228953361511
6940.0 0.9293401837348938
6950.0 0.9295209050178528
6960.0 0.9297016859054565
6970.0 0.9292160868644714
6980.0 0.9287305474281311
6990.0 0.9284862875938416
7000.0 0.9282420873641968
7010.0 0.9298426508903503
7020.0 0.9314432740211487
7030.0 0.9311956763267517
7040.0 0.9309480786323547
7050.0 0.9298017024993896
7060.0 0.9286552667617798
7070.0 0.927361249923706
7080.0 0.9260671734809875
7090.0 0.9165766835212708
7100.0 0.9070862531661987
7110.0 0.9008815288543701
7120.0 0.8946768045425415
7130.0 0.8783888816833496
7140.0 0.8621010184288025
7150.0 0.7346699833869934
7160.0 0.6072388887405396
7170.0 0.4299851059913635
7180.0 0.2527312934398651
7190.0 0.16496486961841583
7200.0 0.07719847559928894
7210.0 0.04956454783678055
7220.0 0.021930625662207603
7230.0 0.016924437135457993
7240.0 0.011918237432837486
7250.0 0.008059754967689514
7260.0 0.004201272968202829
7270.0 0.0030362021643668413
7280.0 0.0018711211159825325
7290.0 0.001445457455702126
7300.0 0.0010197939118370414
7310.0 0.0008619718719273806
7320.0 0.0007041394710540771
7330.0 0.0006048580980859697
7340.0 0.0005055663641542196
7350.0 0.0
7360.0 0.0
7370.0 0.0
7380.0 0.0
7390.0 0.0
7400.0 0.0
