decam/transmission_system/s27/z_decam_sdss_c0004_9260.0_1520.0/2012-09-12T00:00:00.ecsv
# %ECSV 1.0
# ---
# datatype:
# - {name: wavelength, unit: Angstrom, datatype: float64}
# - {name: throughput, datatype: float64}
# meta: !!omap
# - {MODE: DETECTOR}
# - {TYPE: transmission_system}
# - {CALIBDATE: '2012-09-12T00:00:00'}
# - {INSTRUME: DECam}
# - {OBSTYPE: transmission_system}
# - {CALIBCLS: lsst.ip.isr.IntermediateSystemTransmissionCurve}
# - {DETECTOR: 6}
# - {DETECTOR_NAME: S27}
# - {SOURCE: z_band_per_detector_throughput.fits}
# - {FILTER: z DECam SDSS c0004 9260.0 1520.0}
# - {CALIB_CREATION_DATE: '2012-09-12'}
# - {CALIB_CREATION_TIME: '00:00:00'}
# schema: astropy-2.0
wavelength throughput
8200.0 0.0
8210.0 0.0
8220.0 0.0
8230.0 0.0
8240.0 0.0
8250.0 0.0
8260.0 0.004556245170533657
8270.0 0.0052113463170826435
8280.0 0.005876687355339527
8290.0 0.006099104415625334
8300.0 0.006321521941572428
8310.0 0.0067936996929347515
8320.0 0.007912743836641312
8330.0 0.009031778201460838
8340.0 0.01015081163495779
8350.0 0.015001785010099411
8360.0 0.016029689460992813
8370.0 0.01705758459866047
8380.0 0.01808548904955387
8390.0 0.027794508263468742
8400.0 0.0342293307185173
8410.0 0.04066416621208191
8420.0 0.04709898680448532
8430.0 0.09790728986263275
8440.0 0.09289991110563278
8450.0 0.14946192502975464
8460.0 0.2060239315032959
8470.0 0.4208693206310272
8480.0 0.41488608717918396
8490.0 0.5513786673545837
8500.0 0.6878711581230164
8510.0 0.7823528051376343
8520.0 0.8768344521522522
8530.0 0.9263215065002441
8540.0 0.9758085608482361
8550.0 0.9839140772819519
8560.0 0.992019534111023
8570.0 0.9783870577812195
8580.0 0.9885514974594116
8590.0 0.9726775288581848
8600.0 0.9713419079780579
8610.0 0.9809640645980835
8620.0 0.9853580594062805
8630.0 0.9978550672531128
8640.0 1.005915641784668
8650.0 1.0068475008010864
8660.0 1.0045411586761475
8670.0 1.008652687072754
8680.0 1.007372498512268
8690.0 1.0060924291610718
8700.0 1.0062845945358276
8710.0 1.006476879119873
8720.0 1.0072232484817505
8730.0 1.007969617843628
8740.0 1.0059455633163452
8750.0 1.009850025177002
8760.0 1.0112861394882202
8770.0 1.0127222537994385
8780.0 1.0142178535461426
8790.0 1.0157135725021362
8800.0 1.0168577432632446
8810.0 1.018001914024353
8820.0 1.019568681716919
8830.0 1.0211353302001953
8840.0 1.0222902297973633
8850.0 1.0234451293945312
8860.0 1.0248574018478394
8870.0 1.026269793510437
8880.0 1.0277389287948608
8890.0 1.0292081832885742
8900.0 1.0241318941116333
8910.0 1.0249652862548828
8920.0 1.023759365081787
8930.0 1.022553563117981
8940.0 1.0213476419448853
8950.0 1.0204476118087769
8960.0 1.019547700881958
8970.0 1.019951581954956
8980.0 1.020355463027954
8990.0 1.0216883420944214
9000.0 1.0230212211608887
9010.0 1.0250790119171143
9020.0 1.0271368026733398
9030.0 1.0289264917373657
9040.0 1.030716061592102
9050.0 1.0304683446884155
9060.0 1.0334712266921997
9070.0 1.032028079032898
9080.0 1.0305849313735962
9090.0 1.0280297994613647
9100.0 1.0254745483398438
9110.0 1.0228122472763062
9120.0 1.0247045755386353
9130.0 1.0216847658157349
9140.0 1.0207908153533936
9150.0 1.022026538848877
9160.0 1.021174430847168
9170.0 1.020322322845459
9180.0 1.0205082893371582
9190.0 1.0206942558288574
9200.0 1.019269585609436
9210.0 1.017844796180725
9220.0 1.015784502029419
9230.0 1.0137242078781128
9240.0 1.0079920291900635
9250.0 1.0022598505020142
9260.0 0.9984584450721741
9270.0 0.9946569800376892
9280.0 0.9873033165931702
9290.0 0.9799496531486511
9300.0 0.9746050834655762
9310.0 0.9692604541778564
9320.0 0.9640192985534668
9330.0 0.9587782621383667
9340.0 0.9496650695800781
9350.0 0.9405518174171448
9360.0 0.9285593628883362
9370.0 0.916566789150238
9380.0 0.9078516364097595
9390.0 0.8991363644599915
9400.0 0.8872402906417847
9410.0 0.8753442168235779
9420.0 0.8674600720405579
9430.0 0.8595760464668274
9440.0 0.851913332939148
9450.0 0.8571945428848267
9460.0 0.8581475019454956
9470.0 0.8586040735244751
9480.0 0.8604039549827576
9490.0 0.8622037768363953
9500.0 0.8610685467720032
9510.0 0.8656836152076721
9520.0 0.8665188550949097
9530.0 0.8673540949821472
9540.0 0.8682582378387451
9550.0 0.8691623210906982
9560.0 0.8703235983848572
9570.0 0.8714848160743713
9580.0 0.8711428642272949
9590.0 0.8708009719848633
9600.0 0.8684148192405701
9610.0 0.8660287261009216
9620.0 0.8645197153091431
9630.0 0.8630107641220093
9640.0 0.8609837293624878
9650.0 0.8589566946029663
9660.0 0.8578746318817139
9670.0 0.8567925095558167
9680.0 0.8534151911735535
9690.0 0.8500378727912903
9700.0 0.8466606140136719
9710.0 0.8432832956314087
9720.0 0.8393195271492004
9730.0 0.8353556990623474
9740.0 0.8313078284263611
9750.0 0.8272600173950195
9760.0 0.8214406967163086
9770.0 0.8156213164329529
9780.0 0.8101937770843506
9790.0 0.8047662377357483
9800.0 0.7954403162002563
9810.0 0.7861143350601196
9820.0 0.776885449886322
9830.0 0.7676565647125244
9840.0 0.7581442594528198
9850.0 0.7486318945884705
9860.0 0.7378476858139038
9870.0 0.7270634174346924
9880.0 0.7172614932060242
9890.0 0.7074595093727112
9900.0 0.6966538429260254
9910.0 0.6858481764793396
9920.0 0.6714308261871338
9930.0 0.657013475894928
9940.0 0.6242795586585999
9950.0 0.5915456414222717
9960.0 0.5391443371772766
9970.0 0.4867429733276367
9980.0 0.4137393534183502
9990.0 0.3407357633113861
10000.0 0.26642876863479614
10010.0 0.19212177395820618
10020.0 0.13755513727664948
10030.0 0.08298850059509277
10040.0 0.057802651077508926
10050.0 0.03261680155992508
10060.0 0.022946827113628387
10070.0 0.01327686570584774
10080.0 0.009967919439077377
10090.0 0.006658974103629589
10100.0 0.005219332408159971
10110.0 0.003779700957238674
10120.0 0.002814802573993802
10130.0 0.0018499043071642518
10140.0 0.0019618659280240536
10150.0 0.0
10160.0 0.0
10170.0 0.0
10180.0 0.0
10190.0 0.0
10200.0 0.0
