decam/transmission_system/n17/r_decam_sdss_c0002_6415.0_1480.0/2012-09-12T00:00:00.ecsv
# %ECSV 1.0
# ---
# datatype:
# - {name: wavelength, unit: Angstrom, datatype: float64}
# - {name: throughput, datatype: float64}
# meta: !!omap
# - {MODE: DETECTOR}
# - {TYPE: transmission_system}
# - {CALIBDATE: '2012-09-12T00:00:00'}
# - {INSTRUME: DECam}
# - {OBSTYPE: transmission_system}
# - {CALIBCLS: lsst.ip.isr.IntermediateSystemTransmissionCurve}
# - {DETECTOR: 48}
# - {DETECTOR_NAME: N17}
# - {SOURCE: r_band_per_detector_throughput.fits}
# - {FILTER: r DECam SDSS c0002 6415.0 1480.0}
# - {CALIB_CREATION_DATE: '2012-09-12'}
# - {CALIB_CREATION_TIME: '00:00:00'}
# schema: astropy-2.0
wavelength throughput
5350.0 0.0
5360.0 0.0
5370.0 0.0
5380.0 0.0
5390.0 0.0
5400.0 0.0
5410.0 0.002007923787459731
5420.0 0.002271195873618126
5430.0 0.002651445334777236
5440.0 0.0030316950287669897
5450.0 0.003505711443722248
5460.0 0.00397972809150815
5470.0 0.004487797152251005
5480.0 0.004995876457542181
5490.0 0.005778745282441378
5500.0 0.006561614107340574
5510.0 0.007568551693111658
5520.0 0.00857547763735056
5530.0 0.009788372553884983
5540.0 0.011001255363225937
5550.0 0.012648048810660839
5560.0 0.014294831082224846
5570.0 0.016561197116971016
5580.0 0.018827565014362335
5590.0 0.02270321361720562
5600.0 0.02657887153327465
5610.0 0.03704365715384483
5620.0 0.04750843718647957
5630.0 0.08824677020311356
5640.0 0.12898512184619904
5650.0 0.2496670037508011
5660.0 0.37034890055656433
5670.0 0.5191797614097595
5680.0 0.6680105924606323
5690.0 0.730711042881012
5700.0 0.7934114933013916
5710.0 0.8042264580726624
5720.0 0.8150414228439331
5730.0 0.8176338076591492
5740.0 0.82022625207901
5750.0 0.8241062760353088
5760.0 0.8279862403869629
5770.0 0.8328373432159424
5780.0 0.8376885056495667
5790.0 0.8394188284873962
5800.0 0.8411491513252258
5810.0 0.8453488349914551
5820.0 0.8495485186576843
5830.0 0.8513813018798828
5840.0 0.8532140254974365
5850.0 0.8527863621711731
5860.0 0.8523586988449097
5870.0 0.8513715267181396
5880.0 0.8503842949867249
5890.0 0.8501096963882446
5900.0 0.8498350381851196
5910.0 0.8526531457901001
5920.0 0.8554713129997253
5930.0 0.8576321005821228
5940.0 0.8597928881645203
5950.0 0.8590853810310364
5960.0 0.8583778142929077
5970.0 0.858873724937439
5980.0 0.8593695163726807
5990.0 0.8618336319923401
6000.0 0.8642977476119995
6010.0 0.8667755722999573
6020.0 0.8692535161972046
6030.0 0.8670858144760132
6040.0 0.8713777661323547
6050.0 0.872410237789154
6060.0 0.8734425902366638
6070.0 0.8731243014335632
6080.0 0.8728060722351074
6090.0 0.8725252151489258
6100.0 0.8722443580627441
6110.0 0.8752418756484985
6120.0 0.8782393932342529
6130.0 0.8817206025123596
6140.0 0.8852017521858215
6150.0 0.885816752910614
6160.0 0.8864317536354065
6170.0 0.8878145813941956
6180.0 0.8891973495483398
6190.0 0.8899686336517334
6200.0 0.8907397985458374
6210.0 0.8910029530525208
6220.0 0.8912661075592041
6230.0 0.8925969004631042
6240.0 0.8939276933670044
6250.0 0.8950644731521606
6260.0 0.8962013125419617
6270.0 0.8962860107421875
6280.0 0.8963705897331238
6290.0 0.8983145952224731
6300.0 0.900258481502533
6310.0 0.901669442653656
6320.0 0.9030804634094238
6330.0 0.902610719203949
6340.0 0.9021410346031189
6350.0 0.9037272334098816
6360.0 0.9053134918212891
6370.0 0.9081347584724426
6380.0 0.9109560251235962
6390.0 0.9112030863761902
6400.0 0.9114500880241394
6410.0 0.9120654463768005
6420.0 0.9126808047294617
6430.0 0.9133443832397461
6440.0 0.914007842540741
6450.0 0.9134024977684021
6460.0 0.9127970933914185
6470.0 0.9134523272514343
6480.0 0.914107620716095
6490.0 0.9153575897216797
6500.0 0.9166076183319092
6510.0 0.9163159728050232
6520.0 0.916024386882782
6530.0 0.9171504378318787
6540.0 0.9182764887809753
6550.0 0.9208542108535767
6560.0 0.9234318733215332
6570.0 0.9245266914367676
6580.0 0.9256215691566467
6590.0 0.9260249137878418
6600.0 0.9264282584190369
6610.0 0.9269325137138367
6620.0 0.9274367094039917
6630.0 0.9264980554580688
6640.0 0.925559401512146
6650.0 0.9250742793083191
6660.0 0.924589216709137
6670.0 0.9262965321540833
6680.0 0.9280039072036743
6690.0 0.9303296208381653
6700.0 0.9326553344726562
6710.0 0.9333080649375916
6720.0 0.9339608550071716
6730.0 0.9339666962623596
6740.0 0.9339724183082581
6750.0 0.9333866238594055
6760.0 0.932800829410553
6770.0 0.9325142502784729
6780.0 0.9322277307510376
6790.0 0.9331895112991333
6800.0 0.9341513514518738
6810.0 0.9346771836280823
6820.0 0.9352030754089355
6830.0 0.93580561876297
6840.0 0.9364081621170044
6850.0 0.9363626837730408
6860.0 0.9363172650337219
6870.0 0.9359457492828369
6880.0 0.9355742335319519
6890.0 0.9359870553016663
6900.0 0.9363998174667358
6910.0 0.9352042078971863
6920.0 0.9340085983276367
6930.0 0.9333866238594055
6940.0 0.9327646493911743
6950.0 0.9328629970550537
6960.0 0.9329613447189331
6970.0 0.9324566721916199
6980.0 0.9319521188735962
6990.0 0.9317587018013
7000.0 0.9315654039382935
7010.0 0.9332051873207092
7020.0 0.9348450303077698
7030.0 0.9348192811012268
7040.0 0.9347935914993286
7050.0 0.9339265823364258
7060.0 0.9330595135688782
7070.0 0.9323017001152039
7080.0 0.9315438866615295
7090.0 0.9221237301826477
7100.0 0.9127036929130554
7110.0 0.9065742492675781
7120.0 0.9004448056221008
7130.0 0.8883253931999207
7140.0 0.8762059807777405
7150.0 0.7489563226699829
7160.0 0.6217066049575806
7170.0 0.4408145546913147
7180.0 0.25992250442504883
7190.0 0.16963475942611694
7200.0 0.07934702187776566
7210.0 0.05094553902745247
7220.0 0.02254404127597809
7230.0 0.01740194298326969
7240.0 0.0122598335146904
7250.0 0.008274882100522518
7260.0 0.00428993022069335
7270.0 0.0031067999079823494
7280.0 0.0019236694788560271
7290.0 0.0014741203049197793
7300.0 0.001024581491947174
7310.0 0.0008629480144008994
7320.0 0.0007013146532699466
7330.0 0.0005994370440021157
7340.0 0.0004975594347342849
7350.0 0.0
7360.0 0.0
7370.0 0.0
7380.0 0.0
7390.0 0.0
7400.0 0.0
