decam/transmission_system/n15/r_decam_sdss_c0002_6415.0_1480.0/2012-09-12T00:00:00.ecsv
# %ECSV 1.0
# ---
# datatype:
# - {name: wavelength, unit: Angstrom, datatype: float64}
# - {name: throughput, datatype: float64}
# meta: !!omap
# - {MODE: DETECTOR}
# - {TYPE: transmission_system}
# - {CALIBDATE: '2012-09-12T00:00:00'}
# - {INSTRUME: DECam}
# - {OBSTYPE: transmission_system}
# - {CALIBCLS: lsst.ip.isr.IntermediateSystemTransmissionCurve}
# - {DETECTOR: 46}
# - {DETECTOR_NAME: N15}
# - {SOURCE: r_band_per_detector_throughput.fits}
# - {FILTER: r DECam SDSS c0002 6415.0 1480.0}
# - {CALIB_CREATION_DATE: '2012-09-12'}
# - {CALIB_CREATION_TIME: '00:00:00'}
# schema: astropy-2.0
wavelength throughput
5350.0 0.0
5360.0 0.0
5370.0 0.0
5380.0 0.0
5390.0 0.0
5400.0 0.0
5410.0 0.0025625803973525763
5420.0 0.0028759397100657225
5430.0 0.0033072838559746742
5440.0 0.003738628001883626
5450.0 0.004268921446055174
5460.0 0.004799224901944399
5470.0 0.005369874648749828
5480.0 0.0059405239298939705
5490.0 0.0067770835012197495
5500.0 0.0076136537827551365
5510.0 0.008563992567360401
5520.0 0.009514330886304379
5530.0 0.010694699361920357
5540.0 0.01187505666166544
5550.0 0.01354085374623537
5560.0 0.015206640586256981
5570.0 0.017485065385699272
5580.0 0.01976347714662552
5590.0 0.02346993237733841
5600.0 0.027176398783922195
5610.0 0.036534227430820465
5620.0 0.045892056077718735
5630.0 0.08007126301527023
5640.0 0.11425047367811203
5650.0 0.21425782144069672
5660.0 0.3142651617527008
5670.0 0.47080835700035095
5680.0 0.6273515224456787
5690.0 0.7096835970878601
5700.0 0.7920156717300415
5710.0 0.8031103014945984
5720.0 0.8142049908638
5730.0 0.8183939456939697
5740.0 0.8225829005241394
5750.0 0.8283572196960449
5760.0 0.8341315984725952
5770.0 0.8375498056411743
5780.0 0.840968132019043
5790.0 0.8432782888412476
5800.0 0.8455884456634521
5810.0 0.8508875966072083
5820.0 0.8561868667602539
5830.0 0.8575942516326904
5840.0 0.8590015769004822
5850.0 0.8582624197006226
5860.0 0.8575233221054077
5870.0 0.8551511168479919
5880.0 0.8527789115905762
5890.0 0.852893054485321
5900.0 0.8530071377754211
5910.0 0.8567476868629456
5920.0 0.8604882955551147
5930.0 0.8621520400047302
5940.0 0.8638157844543457
5950.0 0.8629708290100098
5960.0 0.8621259331703186
5970.0 0.8632307052612305
5980.0 0.8643355369567871
5990.0 0.8666397333145142
6000.0 0.8689438700675964
6010.0 0.8707956075668335
6020.0 0.8726473450660706
6030.0 0.8732260465621948
6040.0 0.8766940832138062
6050.0 0.8776815533638
6060.0 0.878669023513794
6070.0 0.8772844672203064
6080.0 0.8758999109268188
6090.0 0.8764780163764954
6100.0 0.8770561218261719
6110.0 0.8808462023735046
6120.0 0.8846361637115479
6130.0 0.8871220946311951
6140.0 0.8896079659461975
6150.0 0.8904455304145813
6160.0 0.8912830948829651
6170.0 0.89321368932724
6180.0 0.8951442837715149
6190.0 0.8949557542800903
6200.0 0.8947672843933105
6210.0 0.8949405550956726
6220.0 0.8951138257980347
6230.0 0.896363377571106
6240.0 0.8976128697395325
6250.0 0.8972868919372559
6260.0 0.8969609141349792
6270.0 0.8979148268699646
6280.0 0.8988686800003052
6290.0 0.9016879796981812
6300.0 0.9045072197914124
6310.0 0.9045230150222778
6320.0 0.9045387506484985
6330.0 0.9039896726608276
6340.0 0.9034406542778015
6350.0 0.9061049222946167
6360.0 0.9087692499160767
6370.0 0.9106360077857971
6380.0 0.9125027060508728
6390.0 0.912328839302063
6400.0 0.912155032157898
6410.0 0.9132053852081299
6420.0 0.9142557978630066
6430.0 0.914029061794281
6440.0 0.9138023257255554
6450.0 0.9133661389350891
6460.0 0.9129300117492676
6470.0 0.91399747133255
6480.0 0.9150649309158325
6490.0 0.915094792842865
6500.0 0.9151246547698975
6510.0 0.9144301414489746
6520.0 0.9137356281280518
6530.0 0.9158923029899597
6540.0 0.9180489778518677
6550.0 0.920480489730835
6560.0 0.9229120016098022
6570.0 0.9234188199043274
6580.0 0.9239255785942078
6590.0 0.9243486523628235
6600.0 0.9247718453407288
6610.0 0.9243196249008179
6620.0 0.9238674640655518
6630.0 0.9222538471221924
6640.0 0.9206401705741882
6650.0 0.920588493347168
6660.0 0.9205368161201477
6670.0 0.923111081123352
6680.0 0.9256852865219116
6690.0 0.9275648593902588
6700.0 0.9294445514678955
6710.0 0.9298005700111389
6720.0 0.9301565885543823
6730.0 0.9297664165496826
6740.0 0.9293763041496277
6750.0 0.928264856338501
6760.0 0.9271533489227295
6770.0 0.9267486333847046
6780.0 0.9263439178466797
6790.0 0.9274232387542725
6800.0 0.9285026788711548
6810.0 0.9288126230239868
6820.0 0.9291226863861084
6830.0 0.9291557669639587
6840.0 0.9291888475418091
6850.0 0.92901211977005
6860.0 0.928835391998291
6870.0 0.9284248948097229
6880.0 0.9280145168304443
6890.0 0.9275456070899963
6900.0 0.9270767569541931
6910.0 0.9254563450813293
6920.0 0.923835813999176
6930.0 0.9233934283256531
6940.0 0.9229510426521301
6950.0 0.9224743247032166
6960.0 0.9219976663589478
6970.0 0.920688807964325
6980.0 0.9193799495697021
6990.0 0.9198726415634155
7000.0 0.9203652739524841
7010.0 0.9215784072875977
7020.0 0.922791600227356
7030.0 0.9191424250602722
7040.0 0.9154932498931885
7050.0 0.9125575423240662
7060.0 0.9096218943595886
7070.0 0.900894284248352
7080.0 0.8921666145324707
7090.0 0.8715411424636841
7100.0 0.8509156107902527
7110.0 0.848832905292511
7120.0 0.8467503190040588
7130.0 0.7916653752326965
7140.0 0.7365804314613342
7150.0 0.5530264377593994
7160.0 0.3694723844528198
7170.0 0.2426675260066986
7180.0 0.11586266756057739
7190.0 0.07485637068748474
7200.0 0.03385007753968239
7210.0 0.021774621680378914
7220.0 0.009699154645204544
7230.0 0.00766735477373004
7240.0 0.00563555583357811
7250.0 0.004008089657872915
7260.0 0.0023806127719581127
7270.0 0.0017990589840337634
7280.0 0.0012175050796940923
7290.0 0.0009737464715726674
7300.0 0.0007299879216589034
7310.0 0.0006400427082553506
7320.0 0.0005500871920958161
7330.0 0.00047592734335921705
7340.0 0.0004017675237264484
7350.0 0.0
7360.0 0.0
7370.0 0.0
7380.0 0.0
7390.0 0.0
7400.0 0.0
