decam/transmission_system/n25/r_decam_sdss_c0002_6415.0_1480.0/2012-09-12T00:00:00.ecsv
# %ECSV 1.0
# ---
# datatype:
# - {name: wavelength, unit: Angstrom, datatype: float64}
# - {name: throughput, datatype: float64}
# meta: !!omap
# - {MODE: DETECTOR}
# - {TYPE: transmission_system}
# - {CALIBDATE: '2012-09-12T00:00:00'}
# - {INSTRUME: DECam}
# - {OBSTYPE: transmission_system}
# - {CALIBCLS: lsst.ip.isr.IntermediateSystemTransmissionCurve}
# - {DETECTOR: 56}
# - {DETECTOR_NAME: N25}
# - {SOURCE: r_band_per_detector_throughput.fits}
# - {FILTER: r DECam SDSS c0002 6415.0 1480.0}
# - {CALIB_CREATION_DATE: '2012-09-12'}
# - {CALIB_CREATION_TIME: '00:00:00'}
# schema: astropy-2.0
wavelength throughput
5350.0 0.0
5360.0 0.0
5370.0 0.0
5380.0 0.0
5390.0 0.0
5400.0 0.0
5410.0 0.003444013884291053
5420.0 0.0038089556619524956
5430.0 0.004362771287560463
5440.0 0.00491658691316843
5450.0 0.005587826017290354
5460.0 0.006259055342525244
5470.0 0.006921052001416683
5480.0 0.007583059370517731
5490.0 0.008570804260671139
5500.0 0.009558551013469696
5510.0 0.010586070828139782
5520.0 0.011613580398261547
5530.0 0.012841668911278248
5540.0 0.014069745317101479
5550.0 0.01575835794210434
5560.0 0.01744697242975235
5570.0 0.01960478350520134
5580.0 0.021762605756521225
5590.0 0.024912981316447258
5600.0 0.02806335687637329
5610.0 0.034698039293289185
5620.0 0.04133272543549538
5630.0 0.06520784646272659
5640.0 0.0890829861164093
5650.0 0.17925718426704407
5660.0 0.26943138241767883
5670.0 0.44168543815612793
5680.0 0.6139395236968994
5690.0 0.7044365406036377
5700.0 0.794933557510376
5710.0 0.8046393394470215
5720.0 0.8143450617790222
5730.0 0.818900465965271
5740.0 0.8234559297561646
5750.0 0.8275695443153381
5760.0 0.8316830992698669
5770.0 0.8338620662689209
5780.0 0.8360410332679749
5790.0 0.8382152318954468
5800.0 0.8403894901275635
5810.0 0.8453199863433838
5820.0 0.8502504229545593
5830.0 0.8525390625
5840.0 0.8548277020454407
5850.0 0.8536073565483093
5860.0 0.8523870706558228
5870.0 0.8495023250579834
5880.0 0.8466175198554993
5890.0 0.8471924066543579
5900.0 0.8477672338485718
5910.0 0.8517634868621826
5920.0 0.8557597994804382
5930.0 0.8576784133911133
5940.0 0.8595970273017883
5950.0 0.8591229319572449
5960.0 0.8586488962173462
5970.0 0.8594868183135986
5980.0 0.8603247404098511
5990.0 0.8623643517494202
6000.0 0.8644039630889893
6010.0 0.8672863245010376
6020.0 0.8701686859130859
6030.0 0.869529128074646
6040.0 0.8758127689361572
6050.0 0.8763968348503113
6060.0 0.8769807815551758
6070.0 0.876110851764679
6080.0 0.8752409815788269
6090.0 0.8763070702552795
6100.0 0.877373218536377
6110.0 0.8803626298904419
6120.0 0.8833520412445068
6130.0 0.8862159848213196
6140.0 0.8890799880027771
6150.0 0.8909823894500732
6160.0 0.8928849101066589
6170.0 0.8941318988800049
6180.0 0.8953787684440613
6190.0 0.8950086832046509
6200.0 0.8946385979652405
6210.0 0.8952614068984985
6220.0 0.8958843350410461
6230.0 0.8961228132247925
6240.0 0.8963612914085388
6250.0 0.8967023491859436
6260.0 0.8970434665679932
6270.0 0.8991514444351196
6280.0 0.9012595415115356
6290.0 0.9032036662101746
6300.0 0.9051477909088135
6310.0 0.9055160284042358
6320.0 0.9058842062950134
6330.0 0.9066802263259888
6340.0 0.9074763059616089
6350.0 0.9092936515808105
6360.0 0.9111108779907227
6370.0 0.9126117825508118
6380.0 0.9141126871109009
6390.0 0.9144459366798401
6400.0 0.9147792458534241
6410.0 0.9152585864067078
6420.0 0.9157379269599915
6430.0 0.9156031608581543
6440.0 0.9154683947563171
6450.0 0.915582537651062
6460.0 0.9156967401504517
6470.0 0.9160469174385071
6480.0 0.9163970947265625
6490.0 0.916384756565094
6500.0 0.916372537612915
6510.0 0.9169170260429382
6520.0 0.9174615740776062
6530.0 0.9195219278335571
6540.0 0.9215822219848633
6550.0 0.9236047267913818
6560.0 0.9256271719932556
6570.0 0.926615834236145
6580.0 0.9276045560836792
6590.0 0.9276588559150696
6600.0 0.9277130961418152
6610.0 0.9267646074295044
6620.0 0.9258161187171936
6630.0 0.9245410561561584
6640.0 0.9232660531997681
6650.0 0.9239458441734314
6660.0 0.9246256947517395
6670.0 0.9270292520523071
6680.0 0.9294328093528748
6690.0 0.9312527179718018
6700.0 0.9330726265907288
6710.0 0.933718204498291
6720.0 0.9343639016151428
6730.0 0.9337902665138245
6740.0 0.9332166314125061
6750.0 0.9322052001953125
6760.0 0.9311937689781189
6770.0 0.9312551021575928
6780.0 0.9313164353370667
6790.0 0.9322812557220459
6800.0 0.9332460165023804
6810.0 0.9335123300552368
6820.0 0.9337786436080933
6830.0 0.9340147376060486
6840.0 0.9342507719993591
6850.0 0.934384286403656
6860.0 0.9345178008079529
6870.0 0.93379145860672
6880.0 0.9330651164054871
6890.0 0.9324052929878235
6900.0 0.9317455887794495
6910.0 0.9305676221847534
6920.0 0.9293896555900574
6930.0 0.9286622405052185
6940.0 0.9279347062110901
6950.0 0.9271842241287231
6960.0 0.926433801651001
6970.0 0.9265556931495667
6980.0 0.9266776442527771
6990.0 0.9275873303413391
7000.0 0.9284970164299011
7010.0 0.9280197024345398
7020.0 0.9275423884391785
7030.0 0.9237136840820312
7040.0 0.9198850989341736
7050.0 0.9131944179534912
7060.0 0.9065038561820984
7070.0 0.891554594039917
7080.0 0.8766053318977356
7090.0 0.8657390475273132
7100.0 0.8548727631568909
7110.0 0.8331572413444519
7120.0 0.8114418387413025
7130.0 0.694904625415802
7140.0 0.5783673524856567
7150.0 0.4097241461277008
7160.0 0.24108093976974487
7170.0 0.15425623953342438
7180.0 0.06743153184652328
7190.0 0.04405931383371353
7200.0 0.020687095820903778
7210.0 0.013513458892703056
7220.0 0.006339830346405506
7230.0 0.00507736811414361
7240.0 0.003814906580373645
7250.0 0.002782266354188323
7260.0 0.0017496260115876794
7270.0 0.0013260705163702369
7280.0 0.0009025048348121345
7290.0 0.0007444023503921926
7300.0 0.0005862999823875725
7310.0 0.0005245294887572527
7320.0 0.0004627694725058973
7330.0 0.00040418721619062126
7340.0 0.0003456154081504792
7350.0 0.0
7360.0 0.0
7370.0 0.0
7380.0 0.0
7390.0 0.0
7400.0 0.0
