decam/transmission_system/n8/r_decam_sdss_c0002_6415.0_1480.0/2012-09-12T00:00:00.ecsv
# %ECSV 1.0
# ---
# datatype:
# - {name: wavelength, unit: Angstrom, datatype: float64}
# - {name: throughput, datatype: float64}
# meta: !!omap
# - {MODE: DETECTOR}
# - {TYPE: transmission_system}
# - {CALIBDATE: '2012-09-12T00:00:00'}
# - {INSTRUME: DECam}
# - {OBSTYPE: transmission_system}
# - {CALIBCLS: lsst.ip.isr.IntermediateSystemTransmissionCurve}
# - {DETECTOR: 39}
# - {DETECTOR_NAME: N8}
# - {SOURCE: r_band_per_detector_throughput.fits}
# - {FILTER: r DECam SDSS c0002 6415.0 1480.0}
# - {CALIB_CREATION_DATE: '2012-09-12'}
# - {CALIB_CREATION_TIME: '00:00:00'}
# schema: astropy-2.0
wavelength throughput
5350.0 0.0
5360.0 0.0
5370.0 0.0
5380.0 0.0
5390.0 0.0
5400.0 0.0
5410.0 0.0032271109521389008
5420.0 0.00357753480784595
5430.0 0.00411762110888958
5440.0 0.004657707177102566
5450.0 0.005280510988086462
5460.0 0.005903324577957392
5470.0 0.00650861905887723
5480.0 0.007113923784345388
5490.0 0.008025909774005413
5500.0 0.008937906473875046
5510.0 0.009968501515686512
5520.0 0.010999105870723724
5530.0 0.01222703792154789
5540.0 0.01345496904104948
5550.0 0.015123571269214153
5560.0 0.016792163252830505
5570.0 0.01897594705224037
5580.0 0.021159719675779343
5590.0 0.024425910785794258
5600.0 0.027692090719938278
5610.0 0.03505853936076164
5620.0 0.04242498427629471
5630.0 0.06903141736984253
5640.0 0.09563785791397095
5650.0 0.19367899000644684
5660.0 0.29172012209892273
5670.0 0.46393850445747375
5680.0 0.6361569166183472
5690.0 0.7132987380027771
5700.0 0.7904404997825623
5710.0 0.7991159558296204
5720.0 0.8077914118766785
5730.0 0.8117176294326782
5740.0 0.8156437873840332
5750.0 0.8199859857559204
5760.0 0.8243280649185181
5770.0 0.8269047141075134
5780.0 0.8294813632965088
5790.0 0.8317599296569824
5800.0 0.8340386152267456
5810.0 0.8396286964416504
5820.0 0.8452188372612
5830.0 0.8471511006355286
5840.0 0.849083423614502
5850.0 0.8478443622589111
5860.0 0.8466052412986755
5870.0 0.8439604640007019
5880.0 0.8413156867027283
5890.0 0.8421223759651184
5900.0 0.842928946018219
5910.0 0.8474708795547485
5920.0 0.8520128130912781
5930.0 0.8538857102394104
5940.0 0.855758547782898
5950.0 0.8553668856620789
5960.0 0.8549752235412598
5970.0 0.8562871813774109
5980.0 0.8575990796089172
5990.0 0.8598798513412476
6000.0 0.8621605038642883
6010.0 0.865178108215332
6020.0 0.8681957125663757
6030.0 0.865557074546814
6040.0 0.8723387718200684
6050.0 0.872806191444397
6060.0 0.8732736110687256
6070.0 0.8722394704818726
6080.0 0.8712053894996643
6090.0 0.8724456429481506
6100.0 0.8736857771873474
6110.0 0.8777565360069275
6120.0 0.8818272948265076
6130.0 0.8846215605735779
6140.0 0.8874158263206482
6150.0 0.888964831829071
6160.0 0.8905139565467834
6170.0 0.8920021057128906
6180.0 0.893490195274353
6190.0 0.8929550647735596
6200.0 0.8924198746681213
6210.0 0.8935491442680359
6220.0 0.89467853307724
6230.0 0.8956688642501831
6240.0 0.8966591954231262
6250.0 0.8968862295150757
6260.0 0.8971132636070251
6270.0 0.8989989161491394
6280.0 0.9008845090866089
6290.0 0.903367280960083
6300.0 0.9058499932289124
6310.0 0.9059610962867737
6320.0 0.9060721397399902
6330.0 0.9064942598342896
6340.0 0.9069163799285889
6350.0 0.9093972444534302
6360.0 0.9118781089782715
6370.0 0.9138228893280029
6380.0 0.9157677292823792
6390.0 0.9159160852432251
6400.0 0.916064441204071
6410.0 0.9166871905326843
6420.0 0.9173100590705872
6430.0 0.9171743392944336
6440.0 0.9170387387275696
6450.0 0.9170367121696472
6460.0 0.9170346856117249
6470.0 0.9180293679237366
6480.0 0.9190240502357483
6490.0 0.9190639853477478
6500.0 0.9191039204597473
6510.0 0.9196156859397888
6520.0 0.9201275706291199
6530.0 0.9225119948387146
6540.0 0.9248964786529541
6550.0 0.9272688627243042
6560.0 0.9296413064002991
6570.0 0.9305644035339355
6580.0 0.9314876198768616
6590.0 0.9316731691360474
6600.0 0.9318587183952332
6610.0 0.931418240070343
6620.0 0.9309777021408081
6630.0 0.9290403127670288
6640.0 0.9271028637886047
6650.0 0.9276387691497803
6660.0 0.9281747341156006
6670.0 0.9308792352676392
6680.0 0.9335837364196777
6690.0 0.9357032179832458
6700.0 0.9378228187561035
6710.0 0.9386783242225647
6720.0 0.9395338296890259
6730.0 0.9391869306564331
6740.0 0.9388401508331299
6750.0 0.9379718899726868
6760.0 0.9371036887168884
6770.0 0.9372704029083252
6780.0 0.937437117099762
6790.0 0.9385814666748047
6800.0 0.9397258162498474
6810.0 0.9403579831123352
6820.0 0.9409902095794678
6830.0 0.9412368535995483
6840.0 0.9414834380149841
6850.0 0.9417544603347778
6860.0 0.9420254826545715
6870.0 0.9416412711143494
6880.0 0.941257119178772
6890.0 0.940707802772522
6900.0 0.940158486366272
6910.0 0.9391875863075256
6920.0 0.9382166266441345
6930.0 0.9379568696022034
6940.0 0.9376972317695618
6950.0 0.9370136260986328
6960.0 0.9363300800323486
6970.0 0.9358477592468262
6980.0 0.9353654384613037
6990.0 0.936382532119751
7000.0 0.9373996257781982
7010.0 0.9376433491706848
7020.0 0.9378870725631714
7030.0 0.9341487884521484
7040.0 0.9304104447364807
7050.0 0.9256421327590942
7060.0 0.9208738207817078
7070.0 0.9068912267684937
7080.0 0.8929086923599243
7090.0 0.8771660327911377
7100.0 0.8614234328269958
7110.0 0.8510797619819641
7120.0 0.8407361507415771
7130.0 0.7472622394561768
7140.0 0.6537882685661316
7150.0 0.4778268039226532
7160.0 0.3018653392791748
7170.0 0.19589750468730927
7180.0 0.08992967009544373
7190.0 0.05830921232700348
7200.0 0.02668875828385353
7210.0 0.017439402639865875
7220.0 0.008190056309103966
7230.0 0.00654270313680172
7240.0 0.004895349498838186
7250.0 0.0035405743401497602
7260.0 0.0021857991814613342
7270.0 0.0016616227803751826
7280.0 0.0011374464957043529
7290.0 0.0009172308491542935
7300.0 0.000697015319019556
7310.0 0.0006151289562694728
7320.0 0.000533232232555747
7330.0 0.0004719706194009632
7340.0 0.0004106986743863672
7350.0 0.0
7360.0 0.0
7370.0 0.0
7380.0 0.0
7390.0 0.0
7400.0 0.0
