decam/transmission_system/s13/y_decam_c0005_10095.0_1130.0/2012-09-12T00:00:00.ecsv
# %ECSV 1.0
# ---
# datatype:
# - {name: wavelength, unit: Angstrom, datatype: float64}
# - {name: throughput, datatype: float64}
# meta: !!omap
# - {MODE: DETECTOR}
# - {TYPE: transmission_system}
# - {CALIBDATE: '2012-09-12T00:00:00'}
# - {INSTRUME: DECam}
# - {OBSTYPE: transmission_system}
# - {CALIBCLS: lsst.ip.isr.IntermediateSystemTransmissionCurve}
# - {DETECTOR: 24}
# - {DETECTOR_NAME: S13}
# - {SOURCE: Y_band_per_detector_throughput.fits}
# - {FILTER: Y DECam c0005 10095.0 1130.0}
# - {CALIB_CREATION_DATE: '2012-09-12'}
# - {CALIB_CREATION_TIME: '00:00:00'}
# schema: astropy-2.0
wavelength throughput
9250.0 0.0
9260.0 0.0
9270.0 0.0
9280.0 0.0
9290.0 0.0
9300.0 0.0
9310.0 0.00742112472653389
9320.0 0.008197263814508915
9330.0 0.00897339265793562
9340.0 0.010163294151425362
9350.0 0.011353185400366783
9360.0 0.012738564983010292
9370.0 0.014123945496976376
9380.0 0.016418123617768288
9390.0 0.01871231198310852
9400.0 0.02289349026978016
9410.0 0.027074657380580902
9420.0 0.03556421026587486
9430.0 0.044053759425878525
9440.0 0.06350389122962952
9450.0 0.0829540267586708
9460.0 0.08598295599222183
9470.0 0.16877590119838715
9480.0 0.1714307963848114
9490.0 0.31933972239494324
9500.0 0.31969916820526123
9510.0 0.5158350467681885
9520.0 0.6139962673187256
9530.0 0.7121574282646179
9540.0 0.7729356288909912
9550.0 0.8337138891220093
9560.0 0.8524900078773499
9570.0 0.8712661862373352
9580.0 0.8710308074951172
9590.0 0.8707953691482544
9600.0 0.8689359426498413
9610.0 0.867076575756073
9620.0 0.8655103445053101
9630.0 0.8639441132545471
9640.0 0.8627985119819641
9650.0 0.8616529107093811
9660.0 0.8592405319213867
9670.0 0.8568281531333923
9680.0 0.8528997302055359
9690.0 0.8489712476730347
9700.0 0.8459911942481995
9710.0 0.843011200428009
9720.0 0.833994448184967
9730.0 0.8249777555465698
9740.0 0.8191338777542114
9750.0 0.8132899403572083
9760.0 0.8074538111686707
9770.0 0.8016176819801331
9780.0 0.7953028678894043
9790.0 0.7889881134033203
9800.0 0.783065140247345
9810.0 0.7771422266960144
9820.0 0.7710592746734619
9830.0 0.7649763226509094
9840.0 0.7572346925735474
9850.0 0.7494930028915405
9860.0 0.742127537727356
9870.0 0.7347620725631714
9880.0 0.7249456644058228
9890.0 0.7151292562484741
9900.0 0.7059668898582458
9910.0 0.6968044638633728
9920.0 0.6865854263305664
9930.0 0.6763664484024048
9940.0 0.6679707765579224
9950.0 0.6595751047134399
9960.0 0.6492732763290405
9970.0 0.6389713883399963
9980.0 0.6290982365608215
9990.0 0.619225025177002
10000.0 0.6081121563911438
10010.0 0.5969992876052856
10020.0 0.5853505730628967
10030.0 0.5737019181251526
10040.0 0.561337947845459
10050.0 0.5489740371704102
10060.0 0.5374765992164612
10070.0 0.525979220867157
10080.0 0.5134797096252441
10090.0 0.5009801983833313
10100.0 0.4878888726234436
10110.0 0.4747975468635559
10120.0 0.4643937945365906
10130.0 0.45399004220962524
10140.0 0.4416215419769287
10150.0 0.4292530119419098
10160.0 0.4173963963985443
10170.0 0.40553975105285645
10180.0 0.3927746117115021
10190.0 0.3800094723701477
10200.0 0.3680095672607422
10210.0 0.35600969195365906
10220.0 0.34406161308288574
10230.0 0.3321135640144348
10240.0 0.3201305866241455
10250.0 0.3081476092338562
10260.0 0.29713308811187744
10270.0 0.2861185371875763
10280.0 0.27614524960517883
10290.0 0.26617199182510376
10300.0 0.2551766335964203
10310.0 0.24418124556541443
10320.0 0.23328468203544617
10330.0 0.2223881036043167
10340.0 0.20996761322021484
10350.0 0.19754713773727417
10360.0 0.18491360545158386
10370.0 0.17228007316589355
10380.0 0.16526013612747192
10390.0 0.1582401841878891
10400.0 0.15342487394809723
10410.0 0.14860957860946655
10420.0 0.14426960051059723
10430.0 0.1399296224117279
10440.0 0.13534194231033325
10450.0 0.1307542473077774
10460.0 0.12628422677516937
10470.0 0.12181419134140015
10480.0 0.11763278394937515
10490.0 0.11345137655735016
10500.0 0.10878456383943558
10510.0 0.10411775857210159
10520.0 0.10065752267837524
10530.0 0.0971972867846489
10540.0 0.09461373090744019
10550.0 0.09203016757965088
10560.0 0.09006809443235397
10570.0 0.08810602128505707
10580.0 0.08518357574939728
10590.0 0.08226113021373749
10600.0 0.07617513090372086
10610.0 0.07008914649486542
10620.0 0.05895934998989105
10630.0 0.047829557210206985
10640.0 0.03612090274691582
10650.0 0.02441224455833435
10660.0 0.017192861065268517
10670.0 0.009973465465009212
10680.0 0.006818084046244621
10690.0 0.00366270262748003
10700.0 0.0
10710.0 0.0
10720.0 0.0
10730.0 0.0
10740.0 0.0
10750.0 0.0
