decam/transmission_system/n10/g_decam_sdss_c0001_4720.0_1520.0/2012-09-12T00:00:00.ecsv
# %ECSV 1.0
# ---
# datatype:
# - {name: wavelength, unit: Angstrom, datatype: float64}
# - {name: throughput, datatype: float64}
# meta: !!omap
# - {MODE: DETECTOR}
# - {TYPE: transmission_system}
# - {CALIBDATE: '2012-09-12T00:00:00'}
# - {INSTRUME: DECam}
# - {OBSTYPE: transmission_system}
# - {CALIBCLS: lsst.ip.isr.IntermediateSystemTransmissionCurve}
# - {DETECTOR: 41}
# - {DETECTOR_NAME: N10}
# - {SOURCE: g_band_per_detector_throughput.fits}
# - {FILTER: g DECam SDSS c0001 4720.0 1520.0}
# - {CALIB_CREATION_DATE: '2012-09-12'}
# - {CALIB_CREATION_TIME: '00:00:00'}
# schema: astropy-2.0
wavelength throughput
3750.0 0.0
3760.0 0.0
3770.0 0.0
3780.0 0.0
3790.0 0.0
3800.0 0.0
3810.0 0.0006235719774849713
3820.0 0.0007599073578603566
3830.0 0.0007236841483972967
3840.0 0.0010138744255527854
3850.0 0.0011511961929500103
3860.0 0.0012885285541415215
3870.0 0.0016744380118325353
3880.0 0.0020603579469025135
3890.0 0.002698157448321581
3900.0 0.0033359674271196127
3910.0 0.0032235593535006046
3920.0 0.006202882155776024
3930.0 0.012404300272464752
3940.0 0.01860572025179863
3950.0 0.019800325855612755
3960.0 0.11041568219661713
3970.0 0.21580491960048676
3980.0 0.3211941421031952
3990.0 0.3221995532512665
4000.0 0.3572778105735779
4010.0 0.3742721974849701
4020.0 0.3912665843963623
4030.0 0.39442500472068787
4040.0 0.40301480889320374
4050.0 0.4027651250362396
4060.0 0.4111223816871643
4070.0 0.41535472869873047
4080.0 0.427818238735199
4090.0 0.4286675453186035
4100.0 0.4338056147098541
4110.0 0.43777284026145935
4120.0 0.44174009561538696
4130.0 0.44469356536865234
4140.0 0.45085468888282776
4150.0 0.453376829624176
4160.0 0.4660550653934479
4170.0 0.4745829105377197
4180.0 0.4831107556819916
4190.0 0.48439985513687134
4200.0 0.4841683804988861
4210.0 0.4868320822715759
4220.0 0.4892859160900116
4230.0 0.4897782802581787
4240.0 0.5066133141517639
4250.0 0.5099456906318665
4260.0 0.513278067111969
4270.0 0.5169333815574646
4280.0 0.5264332294464111
4290.0 0.5264521837234497
4300.0 0.537505030632019
4310.0 0.5409483313560486
4320.0 0.5443915724754333
4330.0 0.5487270355224609
4340.0 0.5530624389648438
4350.0 0.5591225028038025
4360.0 0.5651825070381165
4370.0 0.5697258114814758
4380.0 0.57426917552948
4390.0 0.5804263353347778
4400.0 0.5865834951400757
4410.0 0.5904747843742371
4420.0 0.5943660736083984
4430.0 0.5978517532348633
4440.0 0.6013375520706177
4450.0 0.6046419739723206
4460.0 0.6079463958740234
4470.0 0.6116289496421814
4480.0 0.6153115034103394
4490.0 0.6177791357040405
4500.0 0.6202467679977417
4510.0 0.6236725449562073
4520.0 0.6270984411239624
4530.0 0.631996214389801
4540.0 0.6368939280509949
4550.0 0.6387556195259094
4560.0 0.640617311000824
4570.0 0.6417602300643921
4580.0 0.6429031491279602
4590.0 0.646445095539093
4600.0 0.6499871015548706
4610.0 0.6548325419425964
4620.0 0.6596779823303223
4630.0 0.6637381911277771
4640.0 0.6677983999252319
4650.0 0.6702378988265991
4660.0 0.6726773977279663
4670.0 0.6733117699623108
4680.0 0.6739461421966553
4690.0 0.6751269698143005
4700.0 0.6763077974319458
4710.0 0.6784756183624268
4720.0 0.6806435585021973
4730.0 0.6844830513000488
4740.0 0.6883225440979004
4750.0 0.6935311555862427
4760.0 0.6987398266792297
4770.0 0.6994547247886658
4780.0 0.7001696228981018
4790.0 0.7001226544380188
4800.0 0.7000756859779358
4810.0 0.7053248286247253
4820.0 0.7105740308761597
4830.0 0.7123582363128662
4840.0 0.7141424417495728
4850.0 0.7119056582450867
4860.0 0.7096688747406006
4870.0 0.7129172086715698
4880.0 0.7161655426025391
4890.0 0.7201334238052368
4900.0 0.7241013050079346
4910.0 0.7253813743591309
4920.0 0.7266614437103271
4930.0 0.7264890074729919
4940.0 0.7263166308403015
4950.0 0.7268962860107422
4960.0 0.7274758815765381
4970.0 0.7311862111091614
4980.0 0.7348966002464294
4990.0 0.7375428676605225
5000.0 0.7401891946792603
5010.0 0.7428213953971863
5020.0 0.7454535365104675
5030.0 0.745261549949646
5040.0 0.7450695633888245
5050.0 0.7470391988754272
5060.0 0.74900883436203
5070.0 0.7543575763702393
5080.0 0.7597063183784485
5090.0 0.7621903419494629
5100.0 0.7646743655204773
5110.0 0.7629620432853699
5120.0 0.7612497806549072
5130.0 0.7615554928779602
5140.0 0.7618612051010132
5150.0 0.7636606097221375
5160.0 0.7654599547386169
5170.0 0.7650229334831238
5180.0 0.7645859122276306
5190.0 0.7671700119972229
5200.0 0.76975417137146
5210.0 0.7749241590499878
5220.0 0.7800941467285156
5230.0 0.7821319699287415
5240.0 0.7841697931289673
5250.0 0.7847298979759216
5260.0 0.785290002822876
5270.0 0.785459578037262
5280.0 0.7856290340423584
5290.0 0.7858533263206482
5300.0 0.7860775589942932
5310.0 0.7884566187858582
5320.0 0.7908357381820679
5330.0 0.7941883206367493
5340.0 0.7975409626960754
5350.0 0.8020198941230774
5360.0 0.8064988851547241
5370.0 0.8081665635108948
5380.0 0.8098342418670654
5390.0 0.8127474784851074
5400.0 0.8156606554985046
5410.0 0.8309423923492432
5420.0 0.8462241291999817
5430.0 0.8908775448799133
5440.0 0.9355309009552002
5450.0 0.9347976446151733
5460.0 0.9340643286705017
5470.0 0.7010836005210876
5480.0 0.4681028425693512
5490.0 0.281145304441452
5500.0 0.09418778121471405
5510.0 0.05738148093223572
5520.0 0.020575186237692833
5530.0 0.012495212256908417
5540.0 0.004415247123688459
5550.0 0.0029551570769399405
5560.0 0.0014950772747397423
5570.0 0.001143770874477923
5580.0 0.0007924541714601219
5590.0 0.0006741784745827317
5600.0 0.0005559131968766451
5610.0 0.000492678489536047
5620.0 0.00042945414315909147
5630.0 0.0003906658384948969
5640.0 0.00035188798210583627
5650.0 0.0
5660.0 0.0
5670.0 0.0
5680.0 0.0
5690.0 0.0
5700.0 0.0
