decam/transmission_system/s10/y_decam_c0005_10095.0_1130.0/2012-09-12T00:00:00.ecsv
# %ECSV 1.0
# ---
# datatype:
# - {name: wavelength, unit: Angstrom, datatype: float64}
# - {name: throughput, datatype: float64}
# meta: !!omap
# - {MODE: DETECTOR}
# - {TYPE: transmission_system}
# - {CALIBDATE: '2012-09-12T00:00:00'}
# - {INSTRUME: DECam}
# - {OBSTYPE: transmission_system}
# - {CALIBCLS: lsst.ip.isr.IntermediateSystemTransmissionCurve}
# - {DETECTOR: 21}
# - {DETECTOR_NAME: S10}
# - {SOURCE: Y_band_per_detector_throughput.fits}
# - {FILTER: Y DECam c0005 10095.0 1130.0}
# - {CALIB_CREATION_DATE: '2012-09-12'}
# - {CALIB_CREATION_TIME: '00:00:00'}
# schema: astropy-2.0
wavelength throughput
9250.0 0.0
9260.0 0.0
9270.0 0.0
9280.0 0.0
9290.0 0.0
9300.0 0.0
9310.0 0.005968958139419556
9320.0 0.006819496862590313
9330.0 0.007670034654438496
9340.0 0.008762741461396217
9350.0 0.009855450130999088
9360.0 0.011241743341088295
9370.0 0.012628036551177502
9380.0 0.014797999523580074
9390.0 0.016967959702014923
9400.0 0.020679233595728874
9410.0 0.024390507489442825
9420.0 0.03162936493754387
9430.0 0.03886823356151581
9440.0 0.05488815903663635
9450.0 0.0709080770611763
9460.0 0.07413516193628311
9470.0 0.14865510165691376
9480.0 0.15595950186252594
9490.0 0.30957871675491333
9500.0 0.317737340927124
9510.0 0.5528225898742676
9520.0 0.6561250686645508
9530.0 0.7594274878501892
9540.0 0.8003060221672058
9550.0 0.8411844968795776
9560.0 0.8487787246704102
9570.0 0.8563728928565979
9580.0 0.8553233742713928
9590.0 0.8542739152908325
9600.0 0.8517218828201294
9610.0 0.849169909954071
9620.0 0.8457133173942566
9630.0 0.8422566056251526
9640.0 0.8403581976890564
9650.0 0.8384597301483154
9660.0 0.8364518284797668
9670.0 0.8344438672065735
9680.0 0.8319151997566223
9690.0 0.8293865323066711
9700.0 0.8274198770523071
9710.0 0.8254533410072327
9720.0 0.8172240853309631
9730.0 0.8089949488639832
9740.0 0.8031878471374512
9750.0 0.7973807454109192
9760.0 0.7909910678863525
9770.0 0.7846013307571411
9780.0 0.7774887084960938
9790.0 0.7703760266304016
9800.0 0.7638913989067078
9810.0 0.7574068307876587
9820.0 0.7512685656547546
9830.0 0.7451302409172058
9840.0 0.7378522157669067
9850.0 0.7305741906166077
9860.0 0.7237151861190796
9870.0 0.7168561220169067
9880.0 0.7074482440948486
9890.0 0.6980403065681458
9900.0 0.689286470413208
9910.0 0.6805325150489807
9920.0 0.6705428957939148
9930.0 0.6605533957481384
9940.0 0.6523115634918213
9950.0 0.6440696716308594
9960.0 0.6342098116874695
9970.0 0.6243498921394348
9980.0 0.6149286031723022
9990.0 0.6055073738098145
10000.0 0.5950040221214294
10010.0 0.5845007300376892
10020.0 0.5734978318214417
10030.0 0.5624949336051941
10040.0 0.5508747696876526
10050.0 0.5392546057701111
10060.0 0.5284274816513062
10070.0 0.5176002383232117
10080.0 0.5056160092353821
10090.0 0.4936317503452301
10100.0 0.48104798793792725
10110.0 0.468464195728302
10120.0 0.4568091034889221
10130.0 0.4451540410518646
10140.0 0.4332464933395386
10150.0 0.42133891582489014
10160.0 0.4101479649543762
10170.0 0.3989570140838623
10180.0 0.38692158460617065
10190.0 0.3748862147331238
10200.0 0.3636588156223297
10210.0 0.35243141651153564
10220.0 0.34110376238822937
10230.0 0.3297761082649231
10240.0 0.31841933727264404
10250.0 0.307062566280365
10260.0 0.2964305579662323
10270.0 0.2857985198497772
10280.0 0.27630582451820374
10290.0 0.26681309938430786
10300.0 0.25627705454826355
10310.0 0.24574099481105804
10320.0 0.23544710874557495
10330.0 0.22515320777893066
10340.0 0.2135002464056015
10350.0 0.20184728503227234
10360.0 0.18937493860721588
10370.0 0.17690257728099823
10380.0 0.16985011100769043
10390.0 0.16279761493206024
10400.0 0.1582397222518921
10410.0 0.15368184447288513
10420.0 0.14957377314567566
10430.0 0.1454657018184662
10440.0 0.14134325087070465
10450.0 0.1372208148241043
10460.0 0.13325898349285126
10470.0 0.1292971521615982
10480.0 0.1257668435573578
10490.0 0.12223652005195618
10500.0 0.11825653165578842
10510.0 0.11427653580904007
10520.0 0.11141896992921829
10530.0 0.10856138914823532
10540.0 0.10665258765220642
10550.0 0.10474379360675812
10560.0 0.10387932509183884
10570.0 0.10301486402750015
10580.0 0.10213020443916321
10590.0 0.10124552249908447
10600.0 0.09826061129570007
10610.0 0.09527570009231567
10620.0 0.0865127369761467
10630.0 0.07774977385997772
10640.0 0.06403497606515884
10650.0 0.05032016709446907
10660.0 0.03745189309120178
10670.0 0.0245836079120636
10680.0 0.017208311706781387
10690.0 0.009833007119596004
10700.0 0.0
10710.0 0.0
10720.0 0.0
10730.0 0.0
10740.0 0.0
10750.0 0.0
