decam/transmission_system/s29/y_decam_c0005_10095.0_1130.0/2012-09-12T00:00:00.ecsv
# %ECSV 1.0
# ---
# datatype:
# - {name: wavelength, unit: Angstrom, datatype: float64}
# - {name: throughput, datatype: float64}
# meta: !!omap
# - {MODE: DETECTOR}
# - {TYPE: transmission_system}
# - {CALIBDATE: '2012-09-12T00:00:00'}
# - {INSTRUME: DECam}
# - {OBSTYPE: transmission_system}
# - {CALIBCLS: lsst.ip.isr.IntermediateSystemTransmissionCurve}
# - {DETECTOR: 1}
# - {DETECTOR_NAME: S29}
# - {SOURCE: Y_band_per_detector_throughput.fits}
# - {FILTER: Y DECam c0005 10095.0 1130.0}
# - {CALIB_CREATION_DATE: '2012-09-12'}
# - {CALIB_CREATION_TIME: '00:00:00'}
# schema: astropy-2.0
wavelength throughput
9250.0 0.0
9260.0 0.0
9270.0 0.0
9280.0 0.0
9290.0 0.0
9300.0 0.0
9310.0 0.008683265186846256
9320.0 0.00953374058008194
9330.0 0.010384226217865944
9340.0 0.01145089790225029
9350.0 0.01251757051795721
9360.0 0.013923118822276592
9370.0 0.0153286661952734
9380.0 0.017748743295669556
9390.0 0.020168807357549667
9400.0 0.024669120088219643
9410.0 0.02916943095624447
9420.0 0.03857478126883507
9430.0 0.04798014089465141
9440.0 0.0675688162446022
9450.0 0.08715751022100449
9460.0 0.0946519672870636
9470.0 0.17099116742610931
9480.0 0.18180376291275024
9490.0 0.3078472316265106
9500.0 0.3183003067970276
9510.0 0.4911040663719177
9520.0 0.5854923129081726
9530.0 0.6798804998397827
9540.0 0.7469705939292908
9550.0 0.8140606880187988
9560.0 0.8395547270774841
9570.0 0.8650488257408142
9580.0 0.8666129112243652
9590.0 0.8681769967079163
9600.0 0.8669072389602661
9610.0 0.865637481212616
9620.0 0.8643759489059448
9630.0 0.8631143569946289
9640.0 0.8622779250144958
9650.0 0.8614416122436523
9660.0 0.8591906428337097
9670.0 0.8569396138191223
9680.0 0.8528038263320923
9690.0 0.8486680388450623
9700.0 0.8458132147789001
9710.0 0.842958390712738
9720.0 0.8343620896339417
9730.0 0.82576584815979
9740.0 0.8206295967102051
9750.0 0.8154934048652649
9760.0 0.8101681470870972
9770.0 0.8048429489135742
9780.0 0.7990912795066833
9790.0 0.7933395504951477
9800.0 0.7875241041183472
9810.0 0.7817086577415466
9820.0 0.7753782272338867
9830.0 0.7690477967262268
9840.0 0.7609856128692627
9850.0 0.7529234290122986
9860.0 0.7453585863113403
9870.0 0.7377937436103821
9880.0 0.7279506325721741
9890.0 0.7181075215339661
9900.0 0.7090896964073181
9910.0 0.7000719308853149
9920.0 0.6900362372398376
9930.0 0.6800005435943604
9940.0 0.6715335845947266
9950.0 0.6630665063858032
9960.0 0.6527079343795776
9970.0 0.642349362373352
9980.0 0.6322134733200073
9990.0 0.6220775246620178
10000.0 0.6107361912727356
10010.0 0.5993947982788086
10020.0 0.5876823663711548
10030.0 0.5759699940681458
10040.0 0.5636287927627563
10050.0 0.5512875914573669
10060.0 0.5398674011230469
10070.0 0.5284472703933716
10080.0 0.5158640742301941
10090.0 0.5032808780670166
10100.0 0.4902108311653137
10110.0 0.477140873670578
10120.0 0.4664316773414612
10130.0 0.45572251081466675
10140.0 0.44325554370880127
10150.0 0.4307885468006134
10160.0 0.4188801348209381
10170.0 0.40697169303894043
10180.0 0.39417266845703125
10190.0 0.38137370347976685
10200.0 0.3694423735141754
10210.0 0.357511043548584
10220.0 0.345587819814682
10230.0 0.33366459608078003
10240.0 0.32171690464019775
10250.0 0.3097692131996155
10260.0 0.29867348074913025
10270.0 0.2875777781009674
10280.0 0.27759891748428345
10290.0 0.2676200866699219
10300.0 0.2564431428909302
10310.0 0.2452661693096161
10320.0 0.2341839224100113
10330.0 0.2231016755104065
10340.0 0.21013928949832916
10350.0 0.19717690348625183
10360.0 0.18456247448921204
10370.0 0.17194801568984985
10380.0 0.16522815823554993
10390.0 0.1585083156824112
10400.0 0.153598815202713
10410.0 0.14868931472301483
10420.0 0.14415821433067322
10430.0 0.1396271139383316
10440.0 0.13494707643985748
10450.0 0.13026703894138336
10460.0 0.12572963535785675
10470.0 0.12119223177433014
10480.0 0.1171208992600441
10490.0 0.11304958164691925
10500.0 0.1086505651473999
10510.0 0.10425153374671936
10520.0 0.10115944594144821
10530.0 0.09806735068559647
10540.0 0.09581819176673889
10550.0 0.09356903284788132
10560.0 0.09169657528400421
10570.0 0.0898241177201271
10580.0 0.08610006421804428
10590.0 0.08237601816654205
10600.0 0.07420916110277176
10610.0 0.06604228913784027
10620.0 0.053753361105918884
10630.0 0.0414644293487072
10640.0 0.030762387439608574
10650.0 0.020060336217284203
10660.0 0.014067969284951687
10670.0 0.008075602352619171
10680.0 0.005522898398339748
10690.0 0.002970184199512005
10700.0 0.0
10710.0 0.0
10720.0 0.0
10730.0 0.0
10740.0 0.0
10750.0 0.0
