decam/transmission_system/n22/i_decam_sdss_c0003_7835.0_1470.0/2012-09-12T00:00:00.ecsv
# %ECSV 1.0
# ---
# datatype:
# - {name: wavelength, unit: Angstrom, datatype: float64}
# - {name: throughput, datatype: float64}
# meta: !!omap
# - {MODE: DETECTOR}
# - {TYPE: transmission_system}
# - {CALIBDATE: '2012-09-12T00:00:00'}
# - {INSTRUME: DECam}
# - {OBSTYPE: transmission_system}
# - {CALIBCLS: lsst.ip.isr.IntermediateSystemTransmissionCurve}
# - {DETECTOR: 53}
# - {DETECTOR_NAME: N22}
# - {SOURCE: i_band_per_detector_throughput.fits}
# - {FILTER: i DECam SDSS c0003 7835.0 1470.0}
# - {CALIB_CREATION_DATE: '2012-09-12'}
# - {CALIB_CREATION_TIME: '00:00:00'}
# schema: astropy-2.0
wavelength throughput
6700.0 0.0
6710.0 0.0
6720.0 0.0
6730.0 0.0
6740.0 0.0
6750.0 0.0
6760.0 0.0007731482619419694
6770.0 0.0008813088643364608
6780.0 0.0009894591057673097
6790.0 0.0010968407150357962
6800.0 0.0012042224407196045
6810.0 0.0013392907567322254
6820.0 0.0014743487117812037
6830.0 0.0016675838269293308
6840.0 0.0018608190584927797
6850.0 0.002127892104908824
6860.0 0.002394965151324868
6870.0 0.002768724225461483
6880.0 0.0031424725893884897
6890.0 0.003661342430859804
6900.0 0.004180212039500475
6910.0 0.004969519563019276
6920.0 0.005758827086538076
6930.0 0.007310918532311916
6940.0 0.008863020688295364
6950.0 0.012324158102273941
6960.0 0.015785308554768562
6970.0 0.024267641827464104
6980.0 0.0327499657869339
6990.0 0.052214305847883224
7000.0 0.07167863100767136
7010.0 0.10987252742052078
7020.0 0.1480664163827896
7030.0 0.210026353597641
7040.0 0.2719862759113312
7050.0 0.3560558259487152
7060.0 0.44012540578842163
7070.0 0.5310942530632019
7080.0 0.6220630407333374
7090.0 0.6994362473487854
7100.0 0.7768094539642334
7110.0 0.8313869833946228
7120.0 0.885964572429657
7130.0 0.9171769618988037
7140.0 0.9483893513679504
7150.0 0.96295565366745
7160.0 0.9775218963623047
7170.0 0.9845194220542908
7180.0 0.9915168881416321
7190.0 0.9928274154663086
7200.0 0.9941379427909851
7210.0 0.9941273331642151
7220.0 0.9941166043281555
7230.0 0.9950788617134094
7240.0 0.9960411190986633
7250.0 0.99873948097229
7260.0 1.001437783241272
7270.0 1.0052028894424438
7280.0 1.0089681148529053
7290.0 1.0107148885726929
7300.0 1.01246178150177
7310.0 1.0115697383880615
7320.0 1.010677695274353
7330.0 1.0075713396072388
7340.0 1.004464864730835
7350.0 1.0022443532943726
7360.0 1.0000238418579102
7370.0 1.000740647315979
7380.0 1.0014575719833374
7390.0 1.0049819946289062
7400.0 1.008506417274475
7410.0 1.0112923383712769
7420.0 1.0140784978866577
7430.0 1.014809250831604
7440.0 1.0155402421951294
7450.0 1.0143325328826904
7460.0 1.013124704360962
7470.0 1.0115846395492554
7480.0 1.0100446939468384
7490.0 1.0100328922271729
7500.0 1.0100210905075073
7510.0 1.0106487274169922
7520.0 1.0112764835357666
7530.0 1.011954426765442
7540.0 1.0126323699951172
7550.0 1.0113966464996338
7560.0 1.0101608037948608
7570.0 1.0076439380645752
7580.0 1.0051270723342896
7590.0 0.9954214096069336
7600.0 0.9857157468795776
7610.0 0.9874786138534546
7620.0 0.9892416000366211
7630.0 0.9906722903251648
7640.0 0.9921029210090637
7650.0 0.9957588911056519
7660.0 0.99941486120224
7670.0 1.0009348392486572
7680.0 1.0024548768997192
7690.0 1.0017844438552856
7700.0 1.0011141300201416
7710.0 1.000998616218567
7720.0 1.0008829832077026
7730.0 1.0011779069900513
7740.0 1.0014728307724
7750.0 1.0045067071914673
7760.0 1.0075404644012451
7770.0 1.0090495347976685
7780.0 1.0105586051940918
7790.0 1.011013150215149
7800.0 1.0114678144454956
7810.0 1.010213851928711
7820.0 1.0089600086212158
7830.0 1.0072425603866577
7840.0 1.0055252313613892
7850.0 1.005147933959961
7860.0 1.0047707557678223
7870.0 1.0046738386154175
7880.0 1.0045768022537231
7890.0 1.0026416778564453
7900.0 1.0007065534591675
7910.0 0.9971911311149597
7920.0 0.9936756491661072
7930.0 0.9891763925552368
7940.0 0.9846771359443665
7950.0 0.9793714880943298
7960.0 0.974065899848938
7970.0 0.9716448783874512
7980.0 0.9692237973213196
7990.0 0.9720180034637451
8000.0 0.9748123288154602
8010.0 0.9784985184669495
8020.0 0.9821847081184387
8030.0 0.9848281145095825
8040.0 0.9874714612960815
8050.0 0.9880142211914062
8060.0 0.9885568618774414
8070.0 0.989770770072937
8080.0 0.9909847974777222
8090.0 0.9875109791755676
8100.0 0.9840372204780579
8110.0 0.9742719531059265
8120.0 0.9792324900627136
8130.0 0.9781219959259033
8140.0 0.9770115613937378
8150.0 0.9777886271476746
8160.0 0.9785657525062561
8170.0 0.9849041104316711
8180.0 0.9840584397315979
8190.0 0.9793701171875
8200.0 0.9761578440666199
8210.0 0.972945511341095
8220.0 0.968619704246521
8230.0 0.9642939567565918
8240.0 0.9625447988510132
8250.0 0.9607956409454346
8260.0 0.9616668820381165
8270.0 0.9625380635261536
8280.0 0.9662046432495117
8290.0 0.9698712825775146
8300.0 0.9735378623008728
8310.0 0.9858095049858093
8320.0 0.9886415004730225
8330.0 0.9914735555648804
8340.0 0.9943054914474487
8350.0 0.9932215809822083
8360.0 0.9905785918235779
8370.0 0.9879356622695923
8380.0 0.9852926731109619
8390.0 0.9828450679779053
8400.0 0.9782410264015198
8410.0 0.9778720140457153
8420.0 0.9775031208992004
8430.0 0.9763567447662354
8440.0 0.9819307923316956
8450.0 0.9812973141670227
8460.0 0.9806638360023499
8470.0 0.9873610138893127
8480.0 0.9940582513809204
8490.0 0.9975565671920776
8500.0 1.0010548830032349
8510.0 0.9873555898666382
8520.0 0.9736562967300415
8530.0 0.9173994660377502
8540.0 0.8611426949501038
8550.0 0.7394519448280334
8560.0 0.6177611351013184
8570.0 0.3437131643295288
8580.0 0.34297436475753784
8590.0 0.1433424949645996
8600.0 0.14164088666439056
8610.0 0.051920488476753235
8620.0 0.05130217224359512
8630.0 0.018505606800317764
8640.0 0.01891549490392208
8650.0 0.007498669903725386
8660.0 0.0074997711926698685
8670.0 0.0033615354914218187
8680.0 0.0027154695708304644
8690.0 0.002069413661956787
8700.0 0.0
8710.0 0.0
8720.0 0.0
8730.0 0.0
8740.0 0.0
8750.0 0.0
