decam/transmission_system/s4/z_decam_sdss_c0004_9260.0_1520.0/2012-09-12T00:00:00.ecsv
# %ECSV 1.0
# ---
# datatype:
# - {name: wavelength, unit: Angstrom, datatype: float64}
# - {name: throughput, datatype: float64}
# meta: !!omap
# - {MODE: DETECTOR}
# - {TYPE: transmission_system}
# - {CALIBDATE: '2012-09-12T00:00:00'}
# - {INSTRUME: DECam}
# - {OBSTYPE: transmission_system}
# - {CALIBCLS: lsst.ip.isr.IntermediateSystemTransmissionCurve}
# - {DETECTOR: 28}
# - {DETECTOR_NAME: S4}
# - {SOURCE: z_band_per_detector_throughput.fits}
# - {FILTER: z DECam SDSS c0004 9260.0 1520.0}
# - {CALIB_CREATION_DATE: '2012-09-12'}
# - {CALIB_CREATION_TIME: '00:00:00'}
# schema: astropy-2.0
wavelength throughput
8200.0 0.0
8210.0 0.0
8220.0 0.0
8230.0 0.0
8240.0 0.0
8250.0 0.0
8260.0 0.0037708112504333258
8270.0 0.004415350966155529
8280.0 0.005108170676976442
8290.0 0.005329684354364872
8300.0 0.005551187787204981
8310.0 0.006392441224306822
8320.0 0.007433244027197361
8330.0 0.008474037051200867
8340.0 0.009514839388430119
8350.0 0.013424540869891644
8360.0 0.014023532159626484
8370.0 0.014622521586716175
8380.0 0.015221523120999336
8390.0 0.021464116871356964
8400.0 0.024891525506973267
8410.0 0.028318924829363823
8420.0 0.031746331602334976
8430.0 0.05551672726869583
8440.0 0.05060334876179695
8450.0 0.07420561462640762
8460.0 0.09780789911746979
8470.0 0.2103910595178604
8480.0 0.2071855664253235
8490.0 0.3180365264415741
8500.0 0.4288874864578247
8510.0 0.5597944855690002
8520.0 0.6907014846801758
8530.0 0.7920736074447632
8540.0 0.8934457898139954
8550.0 0.9392353296279907
8560.0 0.9850249886512756
8570.0 1.0077242851257324
8580.0 1.018971562385559
8590.0 1.0022318363189697
8600.0 1.0021339654922485
8610.0 0.9945828914642334
8620.0 1.0004295110702515
8630.0 1.001132845878601
8640.0 1.0104660987854004
8650.0 1.0101165771484375
8660.0 1.008669137954712
8670.0 1.0165114402770996
8680.0 1.0166430473327637
8690.0 1.0167745351791382
8700.0 1.017378568649292
8710.0 1.0179826021194458
8720.0 1.018540382385254
8730.0 1.019098162651062
8740.0 1.0184447765350342
8750.0 1.0216840505599976
8760.0 1.0231032371520996
8770.0 1.0245224237442017
8780.0 1.0257984399795532
8790.0 1.0270744562149048
8800.0 1.0273083448410034
8810.0 1.0275423526763916
8820.0 1.0279136896133423
8830.0 1.028285026550293
8840.0 1.0282427072525024
8850.0 1.0282005071640015
8860.0 1.028958797454834
8870.0 1.029716968536377
8880.0 1.0314377546310425
8890.0 1.0331584215164185
8900.0 1.0293595790863037
8910.0 1.031097650527954
8920.0 1.030836820602417
8930.0 1.0305758714675903
8940.0 1.0303149223327637
8950.0 1.029934287071228
8960.0 1.0295536518096924
8970.0 1.0295051336288452
8980.0 1.029456615447998
8990.0 1.0297900438308716
9000.0 1.0301234722137451
9010.0 1.031205177307129
9020.0 1.0322870016098022
9030.0 1.0335912704467773
9040.0 1.0348955392837524
9050.0 1.0351988077163696
9060.0 1.037341833114624
9070.0 1.036539077758789
9080.0 1.0357364416122437
9090.0 1.0332521200180054
9100.0 1.0307679176330566
9110.0 1.0276894569396973
9120.0 1.029992938041687
9130.0 1.02560555934906
9140.0 1.025488018989563
9150.0 1.0247989892959595
9160.0 1.0234146118164062
9170.0 1.0220301151275635
9180.0 1.0213369131088257
9190.0 1.020643711090088
9200.0 1.0179362297058105
9210.0 1.0152286291122437
9220.0 1.0124739408493042
9230.0 1.0097191333770752
9240.0 1.0036368370056152
9250.0 0.9975546002388
9260.0 0.9941134452819824
9270.0 0.9906723499298096
9280.0 0.984423816204071
9290.0 0.9781752824783325
9300.0 0.9743567109107971
9310.0 0.9705381989479065
9320.0 0.9663364291191101
9330.0 0.9621346592903137
9340.0 0.953641414642334
9350.0 0.945148229598999
9360.0 0.9326205849647522
9370.0 0.9200930595397949
9380.0 0.9101799726486206
9390.0 0.9002668857574463
9400.0 0.8873486518859863
9410.0 0.8744303584098816
9420.0 0.865951657295227
9430.0 0.8574728965759277
9440.0 0.8512327671051025
9450.0 0.8560167551040649
9460.0 0.8565810322761536
9470.0 0.8588719964027405
9480.0 0.8609046936035156
9490.0 0.8629374504089355
9500.0 0.8627686500549316
9510.0 0.866303026676178
9520.0 0.8660234808921814
9530.0 0.8657439947128296
9540.0 0.8646883368492126
9550.0 0.8636326789855957
9560.0 0.8625738620758057
9570.0 0.8615151047706604
9580.0 0.8596861958503723
9590.0 0.8578572869300842
9600.0 0.855327308177948
9610.0 0.8527973890304565
9620.0 0.8522475957870483
9630.0 0.8516978621482849
9640.0 0.8515372276306152
9650.0 0.8513765335083008
9660.0 0.8515866994857788
9670.0 0.8517969250679016
9680.0 0.8492768406867981
9690.0 0.8467567563056946
9700.0 0.8442366123199463
9710.0 0.8417165279388428
9720.0 0.8369377255439758
9730.0 0.8321589231491089
9740.0 0.8277549147605896
9750.0 0.8233509063720703
9760.0 0.8180105090141296
9770.0 0.812670111656189
9780.0 0.8076052665710449
9790.0 0.8025403618812561
9800.0 0.7959024310112
9810.0 0.7892645597457886
9820.0 0.7810749411582947
9830.0 0.772885262966156
9840.0 0.763583779335022
9850.0 0.7542823553085327
9860.0 0.7449148893356323
9870.0 0.7355474233627319
9880.0 0.7300859093666077
9890.0 0.7246243357658386
9900.0 0.7223372459411621
9910.0 0.7200500965118408
9920.0 0.7150869965553284
9930.0 0.7101239562034607
9940.0 0.6742092370986938
9950.0 0.6382945775985718
9960.0 0.5581503510475159
9970.0 0.47800615429878235
9980.0 0.3771217167377472
9990.0 0.27623724937438965
10000.0 0.2049611508846283
10010.0 0.13368502259254456
10020.0 0.09558067470788956
10030.0 0.05747633054852486
10040.0 0.04082320258021355
10050.0 0.024170074611902237
10060.0 0.01723080687224865
10070.0 0.010291539132595062
10080.0 0.007927699014544487
10090.0 0.005563847254961729
10100.0 0.004441272001713514
10110.0 0.0033187074586749077
10120.0 0.0025114649906754494
10130.0 0.0017042327672243118
10140.0 0.001783917541615665
10150.0 0.0
10160.0 0.0
10170.0 0.0
10180.0 0.0
10190.0 0.0
10200.0 0.0
