decam/transmission_system/n10/y_decam_c0005_10095.0_1130.0/2012-09-12T00:00:00.ecsv
# %ECSV 1.0
# ---
# datatype:
# - {name: wavelength, unit: Angstrom, datatype: float64}
# - {name: throughput, datatype: float64}
# meta: !!omap
# - {MODE: DETECTOR}
# - {TYPE: transmission_system}
# - {CALIBDATE: '2012-09-12T00:00:00'}
# - {INSTRUME: DECam}
# - {OBSTYPE: transmission_system}
# - {CALIBCLS: lsst.ip.isr.IntermediateSystemTransmissionCurve}
# - {DETECTOR: 41}
# - {DETECTOR_NAME: N10}
# - {SOURCE: Y_band_per_detector_throughput.fits}
# - {FILTER: Y DECam c0005 10095.0 1130.0}
# - {CALIB_CREATION_DATE: '2012-09-12'}
# - {CALIB_CREATION_TIME: '00:00:00'}
# schema: astropy-2.0
wavelength throughput
9250.0 0.0
9260.0 0.0
9270.0 0.0
9280.0 0.0
9290.0 0.0
9300.0 0.0
9310.0 0.005888879299163818
9320.0 0.006725667044520378
9330.0 0.007562455255538225
9340.0 0.008677594363689423
9350.0 0.009792733937501907
9360.0 0.011137082241475582
9370.0 0.012481430545449257
9380.0 0.014540708623826504
9390.0 0.016599996015429497
9400.0 0.01994537189602852
9410.0 0.02329074963927269
9420.0 0.029559753835201263
9430.0 0.03582875803112984
9440.0 0.04965163767337799
9450.0 0.06347452104091644
9460.0 0.06429647654294968
9470.0 0.1288011521100998
9480.0 0.13323920965194702
9490.0 0.2742830812931061
9500.0 0.2816797196865082
9510.0 0.5183135867118835
9520.0 0.6273958086967468
9530.0 0.7364779114723206
9540.0 0.781939685344696
9550.0 0.8274014592170715
9560.0 0.8385130763053894
9570.0 0.8496248126029968
9580.0 0.8502113223075867
9590.0 0.8507977724075317
9600.0 0.848578155040741
9610.0 0.846358597278595
9620.0 0.8424462676048279
9630.0 0.8385339379310608
9640.0 0.8362712264060974
9650.0 0.8340084552764893
9660.0 0.8321336507797241
9670.0 0.8302587866783142
9680.0 0.8276135325431824
9690.0 0.8249682188034058
9700.0 0.8230376839637756
9710.0 0.8211071491241455
9720.0 0.8130145072937012
9730.0 0.8049218058586121
9740.0 0.7992019057273865
9750.0 0.7934820055961609
9760.0 0.7869355082511902
9770.0 0.7803890705108643
9780.0 0.7733132243156433
9790.0 0.7662372589111328
9800.0 0.7597498297691345
9810.0 0.7532623410224915
9820.0 0.7472636103630066
9830.0 0.7412649393081665
9840.0 0.7340779304504395
9850.0 0.7268909215927124
9860.0 0.7202861905097961
9870.0 0.7136814594268799
9880.0 0.704548180103302
9890.0 0.6954149007797241
9900.0 0.6868643164634705
9910.0 0.6783137321472168
9920.0 0.668536365032196
9930.0 0.6587591171264648
9940.0 0.6507185101509094
9950.0 0.6426779627799988
9960.0 0.6329401135444641
9970.0 0.6232022047042847
9980.0 0.6138203740119934
9990.0 0.6044386029243469
10000.0 0.5941157341003418
10010.0 0.5837928652763367
10020.0 0.5730156898498535
10030.0 0.5622385144233704
10040.0 0.5507855415344238
10050.0 0.5393325090408325
10060.0 0.5287246108055115
10070.0 0.5181167125701904
10080.0 0.5063000321388245
10090.0 0.4944833517074585
10100.0 0.4820292890071869
10110.0 0.4695752263069153
10120.0 0.4576253890991211
10130.0 0.4456755816936493
10140.0 0.4338446855545044
10150.0 0.4220138192176819
10160.0 0.4108831584453583
10170.0 0.39975249767303467
10180.0 0.38783857226371765
10190.0 0.37592464685440063
10200.0 0.3648586869239807
10210.0 0.3537927567958832
10220.0 0.3425987958908081
10230.0 0.3314048647880554
10240.0 0.3201349079608917
10250.0 0.308864951133728
10260.0 0.2983402609825134
10270.0 0.28781554102897644
10280.0 0.2783663272857666
10290.0 0.26891717314720154
10300.0 0.2584763765335083
10310.0 0.24803562462329865
10320.0 0.23783457279205322
10330.0 0.2276335209608078
10340.0 0.21615780889987946
10350.0 0.20468208193778992
10360.0 0.19220033288002014
10370.0 0.17971856892108917
10380.0 0.1724327653646469
10390.0 0.16514696180820465
10400.0 0.16052713990211487
10410.0 0.15590733289718628
10420.0 0.1517477035522461
10430.0 0.14758805930614471
10440.0 0.14331386983394623
10450.0 0.13903969526290894
10460.0 0.13485278189182281
10470.0 0.1306658685207367
10480.0 0.1267400085926056
10490.0 0.12281416356563568
10500.0 0.11837846785783768
10510.0 0.11394277960062027
10520.0 0.11072199791669846
10530.0 0.10750123858451843
10540.0 0.10521498322486877
10550.0 0.10292874276638031
10560.0 0.10166279971599579
10570.0 0.10039687156677246
10580.0 0.09916496276855469
10590.0 0.09793305397033691
10600.0 0.09461730718612671
10610.0 0.0913015678524971
10620.0 0.08286570012569427
10630.0 0.07442981004714966
10640.0 0.061580874025821686
10650.0 0.04873194918036461
10660.0 0.03648269549012184
10670.0 0.024233434349298477
10680.0 0.01702231727540493
10690.0 0.009811199270188808
10700.0 0.0
10710.0 0.0
10720.0 0.0
10730.0 0.0
10740.0 0.0
10750.0 0.0
