decam/transmission_system/n16/y_decam_c0005_10095.0_1130.0/2012-09-12T00:00:00.ecsv
# %ECSV 1.0
# ---
# datatype:
# - {name: wavelength, unit: Angstrom, datatype: float64}
# - {name: throughput, datatype: float64}
# meta: !!omap
# - {MODE: DETECTOR}
# - {TYPE: transmission_system}
# - {CALIBDATE: '2012-09-12T00:00:00'}
# - {INSTRUME: DECam}
# - {OBSTYPE: transmission_system}
# - {CALIBCLS: lsst.ip.isr.IntermediateSystemTransmissionCurve}
# - {DETECTOR: 47}
# - {DETECTOR_NAME: N16}
# - {SOURCE: Y_band_per_detector_throughput.fits}
# - {FILTER: Y DECam c0005 10095.0 1130.0}
# - {CALIB_CREATION_DATE: '2012-09-12'}
# - {CALIB_CREATION_TIME: '00:00:00'}
# schema: astropy-2.0
wavelength throughput
9250.0 0.0
9260.0 0.0
9270.0 0.0
9280.0 0.0
9290.0 0.0
9300.0 0.0
9310.0 0.0061533767729997635
9320.0 0.006987703498452902
9330.0 0.00782201997935772
9340.0 0.009008815512061119
9350.0 0.010195601731538773
9360.0 0.011600682511925697
9370.0 0.013005772605538368
9380.0 0.0152354184538126
9390.0 0.01746506243944168
9400.0 0.021213296800851822
9410.0 0.024961533024907112
9420.0 0.03228800743818283
9430.0 0.0396144799888134
9440.0 0.056333232671022415
9450.0 0.07305198162794113
9460.0 0.0734606385231018
9470.0 0.1515263020992279
9480.0 0.15371979773044586
9490.0 0.3140087425708771
9500.0 0.32032376527786255
9510.0 0.5592638850212097
9520.0 0.6615248322486877
9530.0 0.7637857794761658
9540.0 0.803322970867157
9550.0 0.8428601622581482
9560.0 0.8502492904663086
9570.0 0.857638418674469
9580.0 0.8565926551818848
9590.0 0.8555468320846558
9600.0 0.853026270866394
9610.0 0.8505057692527771
9620.0 0.8472147583961487
9630.0 0.8439237475395203
9640.0 0.8420838117599487
9650.0 0.8402438163757324
9660.0 0.8383755683898926
9670.0 0.8365072011947632
9680.0 0.8336125016212463
9690.0 0.8307178020477295
9700.0 0.8286778330802917
9710.0 0.8266378045082092
9720.0 0.8182238936424255
9730.0 0.8098100423812866
9740.0 0.8039627075195312
9750.0 0.7981153130531311
9760.0 0.7916440963745117
9770.0 0.7851729989051819
9780.0 0.7781782150268555
9790.0 0.7711834907531738
9800.0 0.7648009657859802
9810.0 0.7584185004234314
9820.0 0.7523861527442932
9830.0 0.746353805065155
9840.0 0.7390036582946777
9850.0 0.7316534519195557
9860.0 0.7247863411903381
9870.0 0.7179192304611206
9880.0 0.7085323333740234
9890.0 0.6991453766822815
9900.0 0.6904334425926208
9910.0 0.681721568107605
9920.0 0.6718314290046692
9930.0 0.6619412899017334
9940.0 0.6537674069404602
9950.0 0.6455935835838318
9960.0 0.6357095837593079
9970.0 0.6258255243301392
9980.0 0.6162437796592712
9990.0 0.6066620349884033
10000.0 0.5960744023323059
10010.0 0.5854867100715637
10020.0 0.574353814125061
10030.0 0.5632209181785583
10040.0 0.5515569448471069
10050.0 0.5398930311203003
10060.0 0.5289599895477295
10070.0 0.5180268883705139
10080.0 0.5059670805931091
10090.0 0.49390724301338196
10100.0 0.4812507629394531
10110.0 0.4685942530632019
10120.0 0.45682865381240845
10130.0 0.44506311416625977
10140.0 0.43308478593826294
10150.0 0.4211065173149109
10160.0 0.40984874963760376
10170.0 0.39859095215797424
10180.0 0.3864838480949402
10190.0 0.37437671422958374
10200.0 0.3630771338939667
10210.0 0.3517775237560272
10220.0 0.3404664695262909
10230.0 0.32915544509887695
10240.0 0.3177080452442169
10250.0 0.3062606155872345
10260.0 0.29566189646720886
10270.0 0.285063236951828
10280.0 0.27550986409187317
10290.0 0.2659565210342407
10300.0 0.2553635537624359
10310.0 0.2447705715894699
10320.0 0.2342701405286789
10330.0 0.22376970946788788
10340.0 0.21175682544708252
10350.0 0.19974394142627716
10360.0 0.1875869184732437
10370.0 0.17542988061904907
10380.0 0.16884906589984894
10390.0 0.1622682511806488
10400.0 0.15781602263450623
10410.0 0.15336380898952484
10420.0 0.1493483930826187
10430.0 0.14533297717571259
10440.0 0.1412697583436966
10450.0 0.1372065395116806
10460.0 0.13337019085884094
10470.0 0.12953385710716248
10480.0 0.12612128257751465
10490.0 0.12270871549844742
10500.0 0.11883007735013962
10510.0 0.11495141685009003
10520.0 0.11225201934576035
10530.0 0.10955260694026947
10540.0 0.10784021764993668
10550.0 0.10612782835960388
10560.0 0.10545791685581207
10570.0 0.10478802770376205
10580.0 0.10404639691114426
10590.0 0.10330477356910706
10600.0 0.10022038966417313
10610.0 0.0971360057592392
10620.0 0.08832154422998428
10630.0 0.07950709015130997
10640.0 0.06584681570529938
10650.0 0.05218654125928879
10660.0 0.039135877043008804
10670.0 0.026085207238793373
10680.0 0.01834864728152752
10690.0 0.010612084530293941
10700.0 0.0
10710.0 0.0
10720.0 0.0
10730.0 0.0
10740.0 0.0
10750.0 0.0
