decam/transmission_system/n30/g_decam_sdss_c0001_4720.0_1520.0/2012-09-12T00:00:00.ecsv
# %ECSV 1.0
# ---
# datatype:
# - {name: wavelength, unit: Angstrom, datatype: float64}
# - {name: throughput, datatype: float64}
# meta: !!omap
# - {MODE: DETECTOR}
# - {TYPE: transmission_system}
# - {CALIBDATE: '2012-09-12T00:00:00'}
# - {INSTRUME: DECam}
# - {OBSTYPE: transmission_system}
# - {CALIBCLS: lsst.ip.isr.IntermediateSystemTransmissionCurve}
# - {DETECTOR: 61}
# - {DETECTOR_NAME: N30}
# - {SOURCE: g_band_per_detector_throughput.fits}
# - {FILTER: g DECam SDSS c0001 4720.0 1520.0}
# - {CALIB_CREATION_DATE: '2012-09-12'}
# - {CALIB_CREATION_TIME: '00:00:00'}
# schema: astropy-2.0
wavelength throughput
3750.0 0.0
3760.0 0.0
3770.0 0.0
3780.0 0.0
3790.0 0.0
3800.0 0.0
3810.0 0.0010365450289100409
3820.0 0.0010832571424543858
3830.0 0.0011100193951278925
3840.0 0.001605501864105463
3850.0 0.001847058767452836
3860.0 0.00208862591534853
3870.0 0.0025478957686573267
3880.0 0.0030071758665144444
3890.0 0.003686235286295414
3900.0 0.004365294706076384
3910.0 0.004356779158115387
3920.0 0.007430398836731911
3930.0 0.015407738275825977
3940.0 0.023385077714920044
3950.0 0.023165732622146606
3960.0 0.12839820981025696
3970.0 0.22547374665737152
3980.0 0.32254931330680847
3990.0 0.3185058534145355
4000.0 0.3562208414077759
4010.0 0.3719433844089508
4020.0 0.3876659572124481
4030.0 0.3922635316848755
4040.0 0.39884358644485474
4050.0 0.3992660939693451
4060.0 0.4087933897972107
4070.0 0.4123319089412689
4080.0 0.4225841164588928
4090.0 0.4233309328556061
4100.0 0.4297192394733429
4110.0 0.4338790476322174
4120.0 0.4380388557910919
4130.0 0.44066300988197327
4140.0 0.44740793108940125
4150.0 0.4500967264175415
4160.0 0.4640926718711853
4170.0 0.47070184350013733
4180.0 0.47731098532676697
4190.0 0.47868889570236206
4200.0 0.4784507155418396
4210.0 0.4795254170894623
4220.0 0.4877961277961731
4230.0 0.48841243982315063
4240.0 0.5038529634475708
4250.0 0.5090453624725342
4260.0 0.5142378211021423
4270.0 0.5184773206710815
4280.0 0.5276084542274475
4290.0 0.5282143950462341
4300.0 0.5376264452934265
4310.0 0.5418347716331482
4320.0 0.5460430979728699
4330.0 0.551548182964325
4340.0 0.5570532083511353
4350.0 0.5621994137763977
4360.0 0.5673456788063049
4370.0 0.5724880695343018
4380.0 0.5776304602622986
4390.0 0.5844684839248657
4400.0 0.5913065075874329
4410.0 0.5953870415687561
4420.0 0.5994676947593689
4430.0 0.6027973294258118
4440.0 0.6061269640922546
4450.0 0.6093456149101257
4460.0 0.612564206123352
4470.0 0.6148965954780579
4480.0 0.6172289848327637
4490.0 0.6208176016807556
4500.0 0.6244063377380371
4510.0 0.6275374889373779
4520.0 0.6306686997413635
4530.0 0.6349881887435913
4540.0 0.6393076777458191
4550.0 0.6412044167518616
4560.0 0.643101155757904
4570.0 0.6438135504722595
4580.0 0.6445258855819702
4590.0 0.6492655873298645
4600.0 0.6540052890777588
4610.0 0.6581991910934448
4620.0 0.6623930931091309
4630.0 0.6653662919998169
4640.0 0.6683394908905029
4650.0 0.6703140735626221
4660.0 0.6722886562347412
4670.0 0.6719784140586853
4680.0 0.6716681718826294
4690.0 0.6727544665336609
4700.0 0.6738407015800476
4710.0 0.6768826842308044
4720.0 0.679924726486206
4730.0 0.6846080422401428
4740.0 0.6892914772033691
4750.0 0.6932281255722046
4760.0 0.6971648335456848
4770.0 0.6975655555725098
4780.0 0.6979662775993347
4790.0 0.6993824243545532
4800.0 0.700798511505127
4810.0 0.7034923434257507
4820.0 0.7061861157417297
4830.0 0.7066904902458191
4840.0 0.7071947455406189
4850.0 0.7075712084770203
4860.0 0.7079475522041321
4870.0 0.7112857699394226
4880.0 0.7146240472793579
4890.0 0.7182236909866333
4900.0 0.7218232750892639
4910.0 0.7229102253913879
4920.0 0.7239972352981567
4930.0 0.722268283367157
4940.0 0.7205392718315125
4950.0 0.7218443751335144
4960.0 0.7231494784355164
4970.0 0.7293193936347961
4980.0 0.7354893088340759
4990.0 0.7382279634475708
5000.0 0.7409666180610657
5010.0 0.7432327270507812
5020.0 0.7454988360404968
5030.0 0.7468206286430359
5040.0 0.7481423616409302
5050.0 0.749970018863678
5060.0 0.7517977356910706
5070.0 0.7543915510177612
5080.0 0.7569854259490967
5090.0 0.7587180733680725
5100.0 0.7604506611824036
5110.0 0.7599838972091675
5120.0 0.7595171928405762
5130.0 0.7604123950004578
5140.0 0.7613075375556946
5150.0 0.7644020915031433
5160.0 0.7674965858459473
5170.0 0.769807755947113
5180.0 0.7721189260482788
5190.0 0.7750605940818787
5200.0 0.7780022621154785
5210.0 0.7814563512802124
5220.0 0.7849105000495911
5230.0 0.7882723212242126
5240.0 0.7916340827941895
5250.0 0.7942168116569519
5260.0 0.7967994809150696
5270.0 0.7976807355880737
5280.0 0.7985619306564331
5290.0 0.7997031211853027
5300.0 0.8008443117141724
5310.0 0.8033813238143921
5320.0 0.8059183955192566
5330.0 0.807904839515686
5340.0 0.8098912239074707
5350.0 0.8114680647850037
5360.0 0.8130448460578918
5370.0 0.809398889541626
5380.0 0.8057529926300049
5390.0 0.8012481927871704
5400.0 0.7967433333396912
5410.0 0.7992909550666809
5420.0 0.8018385767936707
5430.0 0.7976095080375671
5440.0 0.7933804392814636
5450.0 0.6908433437347412
5460.0 0.588306188583374
5470.0 0.39420104026794434
5480.0 0.20009590685367584
5490.0 0.11765728145837784
5500.0 0.03521864488720894
5510.0 0.021853039041161537
5520.0 0.008487412706017494
5530.0 0.005343434400856495
5540.0 0.0021994556300342083
5550.0 0.0015711896121501923
5560.0 0.0009429131168872118
5570.0 0.0007673222571611404
5580.0 0.0005917313974350691
5590.0 0.000517228792887181
5600.0 0.0004427262465469539
5610.0 0.0004054542223457247
5620.0 0.000368171778973192
5630.0 0.00033800312667153776
5640.0 0.0003078240843024105
5650.0 0.0
5660.0 0.0
5670.0 0.0
5680.0 0.0
5690.0 0.0
5700.0 0.0
