decam/transmission_system/s16/z_decam_sdss_c0004_9260.0_1520.0/2012-09-12T00:00:00.ecsv
# %ECSV 1.0
# ---
# datatype:
# - {name: wavelength, unit: Angstrom, datatype: float64}
# - {name: throughput, datatype: float64}
# meta: !!omap
# - {MODE: DETECTOR}
# - {TYPE: transmission_system}
# - {CALIBDATE: '2012-09-12T00:00:00'}
# - {INSTRUME: DECam}
# - {OBSTYPE: transmission_system}
# - {CALIBCLS: lsst.ip.isr.IntermediateSystemTransmissionCurve}
# - {DETECTOR: 15}
# - {DETECTOR_NAME: S16}
# - {SOURCE: z_band_per_detector_throughput.fits}
# - {FILTER: z DECam SDSS c0004 9260.0 1520.0}
# - {CALIB_CREATION_DATE: '2012-09-12'}
# - {CALIB_CREATION_TIME: '00:00:00'}
# schema: astropy-2.0
wavelength throughput
8200.0 0.0
8210.0 0.0
8220.0 0.0
8230.0 0.0
8240.0 0.0
8250.0 0.0
8260.0 0.00473950058221817
8270.0 0.005418912973254919
8280.0 0.006239396519958973
8290.0 0.006201760843396187
8300.0 0.006164135877043009
8310.0 0.00667539332062006
8320.0 0.007605958264321089
8330.0 0.008536523208022118
8340.0 0.009467099793255329
8350.0 0.013326931744813919
8360.0 0.014027010649442673
8370.0 0.014727079309523106
8380.0 0.01542715821415186
8390.0 0.02259940281510353
8400.0 0.026886312291026115
8410.0 0.0311732217669487
8420.0 0.035460129380226135
8430.0 0.06792057305574417
8440.0 0.06244774907827377
8450.0 0.09768196940422058
8460.0 0.13291619718074799
8470.0 0.29474061727523804
8480.0 0.287911593914032
8490.0 0.4195360839366913
8500.0 0.5511605739593506
8510.0 0.6704407930374146
8520.0 0.7897210121154785
8530.0 0.8658334016799927
8540.0 0.9419458508491516
8550.0 0.9694228768348694
8560.0 0.9968999028205872
8570.0 0.9974380135536194
8580.0 1.0064165592193604
8590.0 0.9869611859321594
8600.0 0.9852035641670227
8610.0 0.986568033695221
8620.0 0.9902431964874268
8630.0 0.9998036026954651
8640.0 1.0066670179367065
8650.0 1.009865403175354
8660.0 1.0072572231292725
8670.0 1.0128438472747803
8680.0 1.0119718313217163
8690.0 1.011099934577942
8700.0 1.011348843574524
8710.0 1.0115976333618164
8720.0 1.0122162103652954
8730.0 1.0128347873687744
8740.0 1.0105687379837036
8750.0 1.0153696537017822
8760.0 1.0168988704681396
8770.0 1.018428087234497
8780.0 1.0198990106582642
8790.0 1.0213699340820312
8800.0 1.0217498540878296
8810.0 1.022129774093628
8820.0 1.0230131149291992
8830.0 1.023896336555481
8840.0 1.0244255065917969
8850.0 1.0249545574188232
8860.0 1.026266098022461
8870.0 1.0275777578353882
8880.0 1.0296893119812012
8890.0 1.0318009853363037
8900.0 1.0262188911437988
8910.0 1.0293574333190918
8920.0 1.0285447835922241
8930.0 1.027732014656067
8940.0 1.0269193649291992
8950.0 1.0261250734329224
8960.0 1.025330901145935
8970.0 1.0253788232803345
8980.0 1.0254266262054443
8990.0 1.0262280702590942
9000.0 1.0270293951034546
9010.0 1.0288398265838623
9020.0 1.03065025806427
9030.0 1.032359004020691
9040.0 1.0340678691864014
9050.0 1.0346685647964478
9060.0 1.037229061126709
9070.0 1.0358110666275024
9080.0 1.0343929529190063
9090.0 1.031996250152588
9100.0 1.0295995473861694
9110.0 1.0262912511825562
9120.0 1.0288424491882324
9130.0 1.0243370532989502
9140.0 1.0244439840316772
9150.0 1.0246063470840454
9160.0 1.0234644412994385
9170.0 1.0223225355148315
9180.0 1.0222015380859375
9190.0 1.0220805406570435
9200.0 1.02018141746521
9210.0 1.018282413482666
9220.0 1.0158684253692627
9230.0 1.013454556465149
9240.0 1.007564663887024
9250.0 1.001674771308899
9260.0 0.9980505704879761
9270.0 0.994426429271698
9280.0 0.9876126050949097
9290.0 0.9807987809181213
9300.0 0.9761883616447449
9310.0 0.9715779423713684
9320.0 0.9668382406234741
9330.0 0.9620986580848694
9340.0 0.9530954360961914
9350.0 0.9440922141075134
9360.0 0.9316188097000122
9370.0 0.9191454648971558
9380.0 0.9095646142959595
9390.0 0.8999837636947632
9400.0 0.8872520923614502
9410.0 0.8745203614234924
9420.0 0.8661619424819946
9430.0 0.8578035235404968
9440.0 0.8504365682601929
9450.0 0.8555537462234497
9460.0 0.8555912971496582
9470.0 0.8575885891914368
9480.0 0.8596474528312683
9490.0 0.8617062568664551
9500.0 0.8605212569236755
9510.0 0.8653208017349243
9520.0 0.865543007850647
9530.0 0.8657651543617249
9540.0 0.8656200170516968
9550.0 0.8654749393463135
9560.0 0.865176260471344
9570.0 0.8648776412010193
9580.0 0.8633778691291809
9590.0 0.8618780970573425
9600.0 0.8589956164360046
9610.0 0.8561131358146667
9620.0 0.8546206951141357
9630.0 0.85312819480896
9640.0 0.8516968488693237
9650.0 0.8502654433250427
9660.0 0.8496688008308411
9670.0 0.8490721583366394
9680.0 0.8443335294723511
9690.0 0.8395949602127075
9700.0 0.8348563313484192
9710.0 0.8301177620887756
9720.0 0.8258798122406006
9730.0 0.8216419219970703
9740.0 0.8175398111343384
9750.0 0.8134377002716064
9760.0 0.8080692291259766
9770.0 0.8027008771896362
9780.0 0.801846444606781
9790.0 0.8009920716285706
9800.0 0.7908645868301392
9810.0 0.7807371616363525
9820.0 0.7730968594551086
9830.0 0.7654565572738647
9840.0 0.7584404945373535
9850.0 0.7514245510101318
9860.0 0.7443718910217285
9870.0 0.7373192310333252
9880.0 0.7341647148132324
9890.0 0.7310103178024292
9900.0 0.7319595217704773
9910.0 0.7329087257385254
9920.0 0.7349231243133545
9930.0 0.7369375228881836
9940.0 0.7163635492324829
9950.0 0.695789635181427
9960.0 0.6311299204826355
9970.0 0.5664701461791992
9980.0 0.46111544966697693
9990.0 0.35576075315475464
10000.0 0.26617303490638733
10010.0 0.1765853762626648
10020.0 0.12538079917430878
10030.0 0.07417620718479156
10040.0 0.05211653560400009
10050.0 0.030056865885853767
10060.0 0.021362831816077232
10070.0 0.012668788433074951
10080.0 0.009649347513914108
10090.0 0.006629906594753265
10100.0 0.005242605227977037
10110.0 0.003855294082313776
10120.0 0.0028995864558964968
10130.0 0.0019438789458945394
10140.0 0.0019576598424464464
10150.0 0.0
10160.0 0.0
10170.0 0.0
10180.0 0.0
10190.0 0.0
10200.0 0.0
