decam/transmission_system/n16/i_decam_sdss_c0003_7835.0_1470.0/2012-09-12T00:00:00.ecsv
# %ECSV 1.0
# ---
# datatype:
# - {name: wavelength, unit: Angstrom, datatype: float64}
# - {name: throughput, datatype: float64}
# meta: !!omap
# - {MODE: DETECTOR}
# - {TYPE: transmission_system}
# - {CALIBDATE: '2012-09-12T00:00:00'}
# - {INSTRUME: DECam}
# - {OBSTYPE: transmission_system}
# - {CALIBCLS: lsst.ip.isr.IntermediateSystemTransmissionCurve}
# - {DETECTOR: 47}
# - {DETECTOR_NAME: N16}
# - {SOURCE: i_band_per_detector_throughput.fits}
# - {FILTER: i DECam SDSS c0003 7835.0 1470.0}
# - {CALIB_CREATION_DATE: '2012-09-12'}
# - {CALIB_CREATION_TIME: '00:00:00'}
# schema: astropy-2.0
wavelength throughput
6700.0 0.0
6710.0 0.0
6720.0 0.0
6730.0 0.0
6740.0 0.0
6750.0 0.0
6760.0 0.0007119178771972656
6770.0 0.0008159659337252378
6780.0 0.000920014048460871
6790.0 0.0010028142714872956
6800.0 0.0010856040753424168
6810.0 0.0012136002769693732
6820.0 0.0013415858848020434
6830.0 0.0015144143253564835
6840.0 0.0016872428823262453
6850.0 0.0019550323486328125
6860.0 0.0022228118032217026
6870.0 0.0025970586575567722
6880.0 0.00297131622210145
6890.0 0.003499532351270318
6900.0 0.004027748480439186
6910.0 0.004874734673649073
6920.0 0.005721720866858959
6930.0 0.007518682163208723
6940.0 0.009315653704106808
6950.0 0.01369401253759861
6960.0 0.018072381615638733
6970.0 0.029523780569434166
6980.0 0.0409751757979393
6990.0 0.06777025014162064
7000.0 0.09456531703472137
7010.0 0.14536523818969727
7020.0 0.19616517424583435
7030.0 0.27363210916519165
7040.0 0.35109901428222656
7050.0 0.4458777606487274
7060.0 0.5406565070152283
7070.0 0.6298207640647888
7080.0 0.7189850211143494
7090.0 0.7829018831253052
7100.0 0.846818745136261
7110.0 0.8835245966911316
7120.0 0.920230507850647
7130.0 0.9372868537902832
7140.0 0.9543432593345642
7150.0 0.9622809290885925
7160.0 0.9702185392379761
7170.0 0.9756577610969543
7180.0 0.9810968637466431
7190.0 0.982886791229248
7200.0 0.984676718711853
7210.0 0.985284686088562
7220.0 0.9858925342559814
7230.0 0.9867997169494629
7240.0 0.9877069592475891
7250.0 0.9894726872444153
7260.0 0.9912383556365967
7270.0 0.9939759969711304
7280.0 0.9967136979103088
7290.0 0.9980006217956543
7300.0 0.9992876052856445
7310.0 0.9988292455673218
7320.0 0.9983709454536438
7330.0 0.9964640140533447
7340.0 0.9945572018623352
7350.0 0.9937120676040649
7360.0 0.9928669333457947
7370.0 0.9942615032196045
7380.0 0.9956561326980591
7390.0 0.9987850785255432
7400.0 1.0019140243530273
7410.0 1.0035918951034546
7420.0 1.0052697658538818
7430.0 1.0053108930587769
7440.0 1.0053519010543823
7450.0 1.0044785737991333
7460.0 1.0036052465438843
7470.0 1.003119707107544
7480.0 1.0026341676712036
7490.0 1.003420352935791
7500.0 1.0042064189910889
7510.0 1.0047581195831299
7520.0 1.0053097009658813
7530.0 1.0055427551269531
7540.0 1.005775809288025
7550.0 1.0043940544128418
7560.0 1.0030121803283691
7570.0 1.0012426376342773
7580.0 0.9994729161262512
7590.0 0.9910667538642883
7600.0 0.9826605319976807
7610.0 0.9855368137359619
7620.0 0.9884132146835327
7630.0 0.9904278516769409
7640.0 0.9924425482749939
7650.0 0.9959417581558228
7660.0 0.9994410276412964
7670.0 1.0006811618804932
7680.0 1.00192129611969
7690.0 1.0011109113693237
7700.0 1.000300407409668
7710.0 1.0000720024108887
7720.0 0.9998436570167542
7730.0 1.0000007152557373
7740.0 1.0001579523086548
7750.0 1.0028117895126343
7760.0 1.0054655075073242
7770.0 1.0067861080169678
7780.0 1.0081068277359009
7790.0 1.0087946653366089
7800.0 1.0094823837280273
7810.0 1.00885009765625
7820.0 1.0082179307937622
7830.0 1.0070425271987915
7840.0 1.0058670043945312
7850.0 1.0055413246154785
7860.0 1.0052155256271362
7870.0 1.0045201778411865
7880.0 1.0038248300552368
7890.0 1.0013929605484009
7900.0 0.9989610910415649
7910.0 0.9958962202072144
7920.0 0.9928313493728638
7930.0 0.9899227619171143
7940.0 0.9870141744613647
7950.0 0.9837969541549683
7960.0 0.9805798530578613
7970.0 0.9795650243759155
7980.0 0.9785502552986145
7990.0 0.9813632965087891
8000.0 0.9841763377189636
8010.0 0.9872114658355713
8020.0 0.9902465343475342
8030.0 0.9916331171989441
8040.0 0.9930197596549988
8050.0 0.9926965832710266
8060.0 0.9923732876777649
8070.0 0.9941748380661011
8080.0 0.9959763884544373
8090.0 0.9940415024757385
8100.0 0.9921067357063293
8110.0 0.9851245880126953
8120.0 0.9895883798599243
8130.0 0.9883058667182922
8140.0 0.9870232939720154
8150.0 0.986373245716095
8160.0 0.9857231974601746
8170.0 0.9888374209403992
8180.0 0.9868296980857849
8190.0 0.9813374280929565
8200.0 0.9792930483818054
8210.0 0.9772486686706543
8220.0 0.9754791855812073
8230.0 0.9737096428871155
8240.0 0.9742582440376282
8250.0 0.9748068451881409
8260.0 0.9764427542686462
8270.0 0.9780786633491516
8280.0 0.9810232520103455
8290.0 0.9839677810668945
8300.0 0.9869123697280884
8310.0 0.9952306747436523
8320.0 0.9972297549247742
8330.0 0.9992287755012512
8340.0 1.001227855682373
8350.0 1.0009604692459106
8360.0 0.9998877644538879
8370.0 0.9988151788711548
8380.0 0.9977425336837769
8390.0 1.0011628866195679
8400.0 0.9957320690155029
8410.0 0.9974387288093567
8420.0 0.9991453886032104
8430.0 1.0015196800231934
8440.0 1.0057997703552246
8450.0 1.0077015161514282
8460.0 1.0096032619476318
8470.0 1.0215895175933838
8480.0 1.0335758924484253
8490.0 1.0430165529251099
8500.0 1.0524572134017944
8510.0 1.0374970436096191
8520.0 1.0225368738174438
8530.0 0.9485002756118774
8540.0 0.8744637370109558
8550.0 0.7301568388938904
8560.0 0.5858500003814697
8570.0 0.296695739030838
8580.0 0.2965373992919922
8590.0 0.11524032801389694
8600.0 0.11424200981855392
8610.0 0.04135752469301224
8620.0 0.041217293590307236
8630.0 0.01536528393626213
8640.0 0.015612054616212845
8650.0 0.006642316468060017
8660.0 0.006467898841947317
8670.0 0.0032370390836149454
8680.0 0.0027099549770355225
8690.0 0.0021828811150044203
8700.0 0.0
8710.0 0.0
8720.0 0.0
8730.0 0.0
8740.0 0.0
8750.0 0.0
