decam/transmission_system/n2/y_decam_c0005_10095.0_1130.0/2012-09-12T00:00:00.ecsv
# %ECSV 1.0
# ---
# datatype:
# - {name: wavelength, unit: Angstrom, datatype: float64}
# - {name: throughput, datatype: float64}
# meta: !!omap
# - {MODE: DETECTOR}
# - {TYPE: transmission_system}
# - {CALIBDATE: '2012-09-12T00:00:00'}
# - {INSTRUME: DECam}
# - {OBSTYPE: transmission_system}
# - {CALIBCLS: lsst.ip.isr.IntermediateSystemTransmissionCurve}
# - {DETECTOR: 33}
# - {DETECTOR_NAME: N2}
# - {SOURCE: Y_band_per_detector_throughput.fits}
# - {FILTER: Y DECam c0005 10095.0 1130.0}
# - {CALIB_CREATION_DATE: '2012-09-12'}
# - {CALIB_CREATION_TIME: '00:00:00'}
# schema: astropy-2.0
wavelength throughput
9250.0 0.0
9260.0 0.0
9270.0 0.0
9280.0 0.0
9290.0 0.0
9300.0 0.0
9310.0 0.00622589560225606
9320.0 0.00710589624941349
9330.0 0.007985886186361313
9340.0 0.008995658718049526
9350.0 0.010005430318415165
9360.0 0.011357131414115429
9370.0 0.012708842754364014
9380.0 0.014823774807155132
9390.0 0.016938695684075356
9400.0 0.02059040032327175
9410.0 0.024242104962468147
9420.0 0.03164767473936081
9430.0 0.03905325010418892
9440.0 0.05584186315536499
9450.0 0.07263047993183136
9460.0 0.07569193840026855
9470.0 0.15279075503349304
9480.0 0.15927273035049438
9490.0 0.30540910363197327
9500.0 0.3209458589553833
9510.0 0.5335261821746826
9520.0 0.6380062103271484
9530.0 0.742486298084259
9540.0 0.7897141575813293
9550.0 0.8369419574737549
9560.0 0.8452549576759338
9570.0 0.8535680770874023
9580.0 0.8516451716423035
9590.0 0.8497223258018494
9600.0 0.8471904397010803
9610.0 0.844658613204956
9620.0 0.8417348861694336
9630.0 0.8388111591339111
9640.0 0.8371449708938599
9650.0 0.8354789018630981
9660.0 0.8334251642227173
9670.0 0.831371545791626
9680.0 0.8282129764556885
9690.0 0.825054407119751
9700.0 0.8225882053375244
9710.0 0.8201220035552979
9720.0 0.8116012811660767
9730.0 0.8030804991722107
9740.0 0.7971423268318176
9750.0 0.791204035282135
9760.0 0.7851644158363342
9770.0 0.7791248559951782
9780.0 0.772907018661499
9790.0 0.7666892409324646
9800.0 0.7609876990318298
9810.0 0.7552862167358398
9820.0 0.7498345971107483
9830.0 0.744382917881012
9840.0 0.7373767495155334
9850.0 0.7303705811500549
9860.0 0.7236287593841553
9870.0 0.7168869972229004
9880.0 0.7073853611946106
9890.0 0.6978837847709656
9900.0 0.6890317797660828
9910.0 0.6801797747612
9920.0 0.6704390645027161
9930.0 0.6606982946395874
9940.0 0.6528005599975586
9950.0 0.6449028849601746
9960.0 0.6354408264160156
9970.0 0.6259788274765015
9980.0 0.6167815923690796
9990.0 0.6075842976570129
10000.0 0.5972872972488403
10010.0 0.5869903564453125
10020.0 0.5759412050247192
10030.0 0.564892053604126
10040.0 0.553124189376831
10050.0 0.5413563847541809
10060.0 0.530467689037323
10070.0 0.5195790529251099
10080.0 0.5076450705528259
10090.0 0.495711088180542
10100.0 0.4832572638988495
10110.0 0.4708034098148346
10120.0 0.45943403244018555
10130.0 0.4480646550655365
10140.0 0.4363463819026947
10150.0 0.4246281385421753
10160.0 0.4134694039821625
10170.0 0.40231063961982727
10180.0 0.3901698887348175
10190.0 0.37802910804748535
10200.0 0.3666534125804901
10210.0 0.3552776873111725
10220.0 0.3438500463962555
10230.0 0.3324223756790161
10240.0 0.32094600796699524
10250.0 0.30946964025497437
10260.0 0.29879599809646606
10270.0 0.28812235593795776
10280.0 0.2786119282245636
10290.0 0.26910150051116943
10300.0 0.25853708386421204
10310.0 0.24797263741493225
10320.0 0.23786400258541107
10330.0 0.2277553528547287
10340.0 0.21664270758628845
10350.0 0.2055300623178482
10360.0 0.19275659322738647
10370.0 0.17998312413692474
10380.0 0.17163752019405365
10390.0 0.16329194605350494
10400.0 0.15827633440494537
10410.0 0.1532607078552246
10420.0 0.14895415306091309
10430.0 0.14464762806892395
10440.0 0.14034703373908997
10450.0 0.13604643940925598
10460.0 0.13186055421829224
10470.0 0.1276746690273285
10480.0 0.12382211536169052
10490.0 0.11996956914663315
10500.0 0.11550336331129074
10510.0 0.11103717237710953
10520.0 0.10783382505178452
10530.0 0.1046304702758789
10540.0 0.1024317666888237
10550.0 0.1002330556511879
10560.0 0.09898363798856735
10570.0 0.09773422032594681
10580.0 0.0958983525633812
10590.0 0.09406249970197678
10600.0 0.08888938277959824
10610.0 0.0837162658572197
10620.0 0.07216347008943558
10630.0 0.06061066687107086
10640.0 0.04685831069946289
10650.0 0.03310595452785492
10660.0 0.023721614852547646
10670.0 0.014337264932692051
10680.0 0.00986393354833126
10690.0 0.005390592850744724
10700.0 0.0
10710.0 0.0
10720.0 0.0
10730.0 0.0
10740.0 0.0
10750.0 0.0
