decam/transmission_system/n7/i_decam_sdss_c0003_7835.0_1470.0/2012-09-12T00:00:00.ecsv
# %ECSV 1.0
# ---
# datatype:
# - {name: wavelength, unit: Angstrom, datatype: float64}
# - {name: throughput, datatype: float64}
# meta: !!omap
# - {MODE: DETECTOR}
# - {TYPE: transmission_system}
# - {CALIBDATE: '2012-09-12T00:00:00'}
# - {INSTRUME: DECam}
# - {OBSTYPE: transmission_system}
# - {CALIBCLS: lsst.ip.isr.IntermediateSystemTransmissionCurve}
# - {DETECTOR: 38}
# - {DETECTOR_NAME: N7}
# - {SOURCE: i_band_per_detector_throughput.fits}
# - {FILTER: i DECam SDSS c0003 7835.0 1470.0}
# - {CALIB_CREATION_DATE: '2012-09-12'}
# - {CALIB_CREATION_TIME: '00:00:00'}
# schema: astropy-2.0
wavelength throughput
6700.0 0.0
6710.0 0.0
6720.0 0.0
6730.0 0.0
6740.0 0.0
6750.0 0.0
6760.0 0.0011638349387794733
6770.0 0.001358617446385324
6780.0 0.0015533999539911747
6790.0 0.0017543097492307425
6800.0 0.001955209067091346
6810.0 0.0022029865067452192
6820.0 0.0024507641792297363
6830.0 0.0027315972838550806
6840.0 0.0030124306213110685
6850.0 0.003356135217472911
6860.0 0.0036998398136347532
6870.0 0.0041466266848146915
6880.0 0.0045934030786156654
6890.0 0.005110371857881546
6900.0 0.005627341568470001
6910.0 0.006240912713110447
6920.0 0.006854473613202572
6930.0 0.007706122472882271
6940.0 0.00855777133256197
6950.0 0.009803763590753078
6960.0 0.011049742810428143
6970.0 0.01319615263491869
6980.0 0.015342561528086662
6990.0 0.020101148635149002
7000.0 0.02485973760485649
7010.0 0.03566097840666771
7020.0 0.04646221548318863
7030.0 0.06882880628108978
7040.0 0.09119538962841034
7050.0 0.13206198811531067
7060.0 0.1729286015033722
7070.0 0.23676380515098572
7080.0 0.30059900879859924
7090.0 0.3856073319911957
7100.0 0.4706156849861145
7110.0 0.5630370378494263
7120.0 0.655458390712738
7130.0 0.7339107990264893
7140.0 0.8123632073402405
7150.0 0.861773669719696
7160.0 0.9111841320991516
7170.0 0.933285653591156
7180.0 0.95538729429245
7190.0 0.9586818218231201
7200.0 0.9619764089584351
7210.0 0.9615297317504883
7220.0 0.9610829949378967
7230.0 0.9643337726593018
7240.0 0.9675846099853516
7250.0 0.9746154546737671
7260.0 0.9816462397575378
7270.0 0.9884437918663025
7280.0 0.9952414035797119
7290.0 0.9969794154167175
7300.0 0.9987174272537231
7310.0 0.9960734248161316
7320.0 0.9934293627738953
7330.0 0.9901270866394043
7340.0 0.9868247509002686
7350.0 0.9864568114280701
7360.0 0.9860888123512268
7370.0 0.9889893531799316
7380.0 0.991890013217926
7390.0 0.9963736534118652
7400.0 1.0008572340011597
7410.0 1.003330111503601
7420.0 1.0058029890060425
7430.0 1.006536841392517
7440.0 1.0072706937789917
7450.0 1.006996750831604
7460.0 1.0067228078842163
7470.0 1.0062956809997559
7480.0 1.0058684349060059
7490.0 1.0063536167144775
7500.0 1.0068386793136597
7510.0 1.0072766542434692
7520.0 1.0077146291732788
7530.0 1.008158802986145
7540.0 1.0086030960083008
7550.0 1.0077680349349976
7560.0 1.0069329738616943
7570.0 1.0052052736282349
7580.0 1.0034775733947754
7590.0 0.9942222833633423
7600.0 0.984967052936554
7610.0 0.9863802194595337
7620.0 0.9877933859825134
7630.0 0.9881321787834167
7640.0 0.9884709119796753
7650.0 0.9917586445808411
7660.0 0.9950463175773621
7670.0 0.9965938329696655
7680.0 0.998141348361969
7690.0 0.99889075756073
7700.0 0.9996401071548462
7710.0 1.0015009641647339
7720.0 1.003361701965332
7730.0 1.005506992340088
7740.0 1.0076524019241333
7750.0 1.0116376876831055
7760.0 1.0156229734420776
7770.0 1.016851782798767
7780.0 1.0180805921554565
7790.0 1.0179284811019897
7800.0 1.0177762508392334
7810.0 1.016337275505066
7820.0 1.0148983001708984
7830.0 1.014032006263733
7840.0 1.0131655931472778
7850.0 1.0144906044006348
7860.0 1.0158154964447021
7870.0 1.0170589685440063
7880.0 1.018302321434021
7890.0 1.0165520906448364
7900.0 1.0148018598556519
7910.0 1.0099457502365112
7920.0 1.0050896406173706
7930.0 0.9986513257026672
7940.0 0.9922130107879639
7950.0 0.9859420657157898
7960.0 0.9796710014343262
7970.0 0.9781940579414368
7980.0 0.9767171144485474
7990.0 0.982064425945282
8000.0 0.9874117970466614
8010.0 0.9951741695404053
8020.0 1.0029364824295044
8030.0 1.0067200660705566
8040.0 1.0105036497116089
8050.0 1.0103529691696167
8060.0 1.010202407836914
8070.0 1.0088688135147095
8080.0 1.0075349807739258
8090.0 1.0019186735153198
8100.0 0.9963024258613586
8110.0 0.9849505424499512
8120.0 0.990928590297699
8130.0 0.991388738155365
8140.0 0.991848886013031
8150.0 0.9956191778182983
8160.0 0.9993894100189209
8170.0 1.0096269845962524
8180.0 1.0093212127685547
8190.0 1.0040537118911743
8200.0 0.9994987845420837
8210.0 0.9949438571929932
8220.0 0.9893747568130493
8230.0 0.983805775642395
8240.0 0.9825478792190552
8250.0 0.9812900424003601
8260.0 0.984509289264679
8270.0 0.9877285957336426
8280.0 0.9934951066970825
8290.0 0.999261736869812
8300.0 1.005028247833252
8310.0 1.0203760862350464
8320.0 1.022676944732666
8330.0 1.0249778032302856
8340.0 1.0272785425186157
8350.0 1.019933819770813
8360.0 1.015627384185791
8370.0 1.0113208293914795
8380.0 1.0070143938064575
8390.0 1.0049189329147339
8400.0 0.9966993927955627
8410.0 0.9983246922492981
8420.0 0.9999499917030334
8430.0 1.0007532835006714
8440.0 1.00804603099823
8450.0 1.0080538988113403
8460.0 1.0080618858337402
8470.0 1.0149997472763062
8480.0 1.0219377279281616
8490.0 1.024583339691162
8500.0 1.0272289514541626
8510.0 1.0064929723739624
8520.0 0.9857569336891174
8530.0 0.9091975092887878
8540.0 0.8326380252838135
8550.0 0.6907073259353638
8560.0 0.5487765669822693
8570.0 0.2795240581035614
8580.0 0.27761366963386536
8590.0 0.11055321246385574
8600.0 0.10798870772123337
8610.0 0.039211176335811615
8620.0 0.03872397169470787
8630.0 0.014461938291788101
8640.0 0.014155411161482334
8650.0 0.00573346670717001
8660.0 0.005494256969541311
8670.0 0.0026497214566916227
8680.0 0.0021876997780054808
8690.0 0.001725677982904017
8700.0 0.0
8710.0 0.0
8720.0 0.0
8730.0 0.0
8740.0 0.0
8750.0 0.0
