decam/transmission_system/n19/g_decam_sdss_c0001_4720.0_1520.0/2012-09-12T00:00:00.ecsv
# %ECSV 1.0
# ---
# datatype:
# - {name: wavelength, unit: Angstrom, datatype: float64}
# - {name: throughput, datatype: float64}
# meta: !!omap
# - {MODE: DETECTOR}
# - {TYPE: transmission_system}
# - {CALIBDATE: '2012-09-12T00:00:00'}
# - {INSTRUME: DECam}
# - {OBSTYPE: transmission_system}
# - {CALIBCLS: lsst.ip.isr.IntermediateSystemTransmissionCurve}
# - {DETECTOR: 50}
# - {DETECTOR_NAME: N19}
# - {SOURCE: g_band_per_detector_throughput.fits}
# - {FILTER: g DECam SDSS c0001 4720.0 1520.0}
# - {CALIB_CREATION_DATE: '2012-09-12'}
# - {CALIB_CREATION_TIME: '00:00:00'}
# schema: astropy-2.0
wavelength throughput
3750.0 0.0
3760.0 0.0
3770.0 0.0
3780.0 0.0
3790.0 0.0
3800.0 0.0
3810.0 0.0009512731339782476
3820.0 0.0011252335971221328
3830.0 0.0011392638552933931
3840.0 0.0015160448383539915
3850.0 0.0017716839211061597
3860.0 0.0020273125264793634
3870.0 0.0024276780895888805
3880.0 0.0028280436526983976
3890.0 0.003560357727110386
3900.0 0.00429266132414341
3910.0 0.00410967692732811
3920.0 0.007641932461410761
3930.0 0.016641536727547646
3940.0 0.025641141459345818
3950.0 0.026160167530179024
3960.0 0.14955951273441315
3970.0 0.24951162934303284
3980.0 0.34946373105049133
3990.0 0.3474688231945038
4000.0 0.37803158164024353
4010.0 0.3938889503479004
4020.0 0.40974631905555725
4030.0 0.4151706099510193
4040.0 0.4176364541053772
4050.0 0.41894209384918213
4060.0 0.42872267961502075
4070.0 0.4329831302165985
4080.0 0.4437165856361389
4090.0 0.4446662962436676
4100.0 0.4510280191898346
4110.0 0.4552246034145355
4120.0 0.4594211280345917
4130.0 0.4628383219242096
4140.0 0.46743592619895935
4150.0 0.4706207513809204
4160.0 0.48394134640693665
4170.0 0.490492582321167
4180.0 0.49704381823539734
4190.0 0.4989292323589325
4200.0 0.49930480122566223
4210.0 0.4988202750682831
4220.0 0.5068410634994507
4230.0 0.507977306842804
4240.0 0.5231802463531494
4250.0 0.5283485054969788
4260.0 0.5335167646408081
4270.0 0.5376453399658203
4280.0 0.5459508299827576
4290.0 0.546664834022522
4300.0 0.5559017062187195
4310.0 0.5593318343162537
4320.0 0.5627619624137878
4330.0 0.567568302154541
4340.0 0.5723746418952942
4350.0 0.5775811672210693
4360.0 0.5827877521514893
4370.0 0.5873278379440308
4380.0 0.591867983341217
4390.0 0.5987246036529541
4400.0 0.6055812835693359
4410.0 0.6088653206825256
4420.0 0.6121493577957153
4430.0 0.6151592135429382
4440.0 0.6181690692901611
4450.0 0.6210612654685974
4460.0 0.6239534020423889
4470.0 0.625527024269104
4480.0 0.6271006464958191
4490.0 0.6303916573524475
4500.0 0.6336827874183655
4510.0 0.6365119814872742
4520.0 0.6393412351608276
4530.0 0.6435062885284424
4540.0 0.6476714015007019
4550.0 0.6493175625801086
4560.0 0.6509637832641602
4570.0 0.6509684324264526
4580.0 0.6509730219841003
4590.0 0.6552169919013977
4600.0 0.6594609618186951
4610.0 0.6628032326698303
4620.0 0.666145384311676
4630.0 0.6685137152671814
4640.0 0.6708821058273315
4650.0 0.6724798679351807
4660.0 0.6740776300430298
4670.0 0.6731119155883789
4680.0 0.672146201133728
4690.0 0.6732816100120544
4700.0 0.6744169592857361
4710.0 0.6763994097709656
4720.0 0.6783817410469055
4730.0 0.6821130514144897
4740.0 0.685844361782074
4750.0 0.6895473599433899
4760.0 0.6932503581047058
4770.0 0.6932013630867004
4780.0 0.6931524872779846
4790.0 0.6940889954566956
4800.0 0.6950255632400513
4810.0 0.6965911388397217
4820.0 0.6981567740440369
4830.0 0.6981140971183777
4840.0 0.6980715394020081
4850.0 0.6980904936790466
4860.0 0.6981093287467957
4870.0 0.7007641196250916
4880.0 0.7034188508987427
4890.0 0.7067854404449463
4900.0 0.7101520299911499
4910.0 0.7107795476913452
4920.0 0.7114070057868958
4930.0 0.7092458009719849
4940.0 0.7070847153663635
4950.0 0.7080525159835815
4960.0 0.7090203762054443
4970.0 0.7138985395431519
4980.0 0.7187767028808594
4990.0 0.7209920287132263
5000.0 0.7232073545455933
5010.0 0.7247310876846313
5020.0 0.7262548208236694
5030.0 0.727199912071228
5040.0 0.7281450033187866
5050.0 0.7293694615364075
5060.0 0.7305939793586731
5070.0 0.732455849647522
5080.0 0.7343177795410156
5090.0 0.7356731295585632
5100.0 0.7370284795761108
5110.0 0.7360145449638367
5120.0 0.7350006699562073
5130.0 0.7360004186630249
5140.0 0.7370001077651978
5150.0 0.740200400352478
5160.0 0.7434006929397583
5170.0 0.7449537515640259
5180.0 0.7465068697929382
5190.0 0.7485711574554443
5200.0 0.7506353855133057
5210.0 0.7534316778182983
5220.0 0.756227970123291
5230.0 0.7593483328819275
5240.0 0.762468695640564
5250.0 0.7645938396453857
5260.0 0.7667189836502075
5270.0 0.7671036720275879
5280.0 0.7674883008003235
5290.0 0.7683867812156677
5300.0 0.769285261631012
5310.0 0.7708984017372131
5320.0 0.7725116014480591
5330.0 0.7738242745399475
5340.0 0.7751368880271912
5350.0 0.7760893106460571
5360.0 0.7770416140556335
5370.0 0.7726232409477234
5380.0 0.7682048678398132
5390.0 0.7634257078170776
5400.0 0.7586464285850525
5410.0 0.7615470290184021
5420.0 0.7644475698471069
5430.0 0.7636340260505676
5440.0 0.7628204822540283
5450.0 0.6750704050064087
5460.0 0.5873203277587891
5470.0 0.39559105038642883
5480.0 0.2038617730140686
5490.0 0.1198655441403389
5500.0 0.03586932271718979
5510.0 0.022203244268894196
5520.0 0.008537178859114647
5530.0 0.005331408232450485
5540.0 0.0021256280597299337
5550.0 0.0015150790568441153
5560.0 0.0009045402985066175
5570.0 0.0007290324429050088
5580.0 0.0005535350646823645
5590.0 0.0004905391251668334
5600.0 0.00042755366303026676
5610.0 0.00039177705184556544
5620.0 0.00035600046976469457
5630.0 0.00032914464827626944
5640.0 0.00030228885589167476
5650.0 0.0
5660.0 0.0
5670.0 0.0
5680.0 0.0
5690.0 0.0
5700.0 0.0
