decam/transmission_system/n25/g_decam_sdss_c0001_4720.0_1520.0/2012-09-12T00:00:00.ecsv
# %ECSV 1.0
# ---
# datatype:
# - {name: wavelength, unit: Angstrom, datatype: float64}
# - {name: throughput, datatype: float64}
# meta: !!omap
# - {MODE: DETECTOR}
# - {TYPE: transmission_system}
# - {CALIBDATE: '2012-09-12T00:00:00'}
# - {INSTRUME: DECam}
# - {OBSTYPE: transmission_system}
# - {CALIBCLS: lsst.ip.isr.IntermediateSystemTransmissionCurve}
# - {DETECTOR: 56}
# - {DETECTOR_NAME: N25}
# - {SOURCE: g_band_per_detector_throughput.fits}
# - {FILTER: g DECam SDSS c0001 4720.0 1520.0}
# - {CALIB_CREATION_DATE: '2012-09-12'}
# - {CALIB_CREATION_TIME: '00:00:00'}
# schema: astropy-2.0
wavelength throughput
3750.0 0.0
3760.0 0.0
3770.0 0.0
3780.0 0.0
3790.0 0.0
3800.0 0.0
3810.0 0.0008430606685578823
3820.0 0.0010819070739671588
3830.0 0.0014122251886874437
3840.0 0.0012093631085008383
3850.0 0.0015077263815328479
3860.0 0.0018060896545648575
3870.0 0.0021766084246337414
3880.0 0.0025471271947026253
3890.0 0.0030621958430856466
3900.0 0.0035772647242993116
3910.0 0.0037475384306162596
3920.0 0.006632928270846605
3930.0 0.013054209761321545
3940.0 0.019475489854812622
3950.0 0.020530957728624344
3960.0 0.11790086328983307
3970.0 0.21970558166503906
3980.0 0.32151031494140625
3990.0 0.32417407631874084
4000.0 0.3592708706855774
4010.0 0.3758649230003357
4020.0 0.3924589455127716
4030.0 0.39559870958328247
4040.0 0.4042375087738037
4050.0 0.40487924218177795
4060.0 0.41367805004119873
4070.0 0.4190506637096405
4080.0 0.4278518855571747
4090.0 0.42949724197387695
4100.0 0.4350185990333557
4110.0 0.43912994861602783
4120.0 0.4432412385940552
4130.0 0.44685232639312744
4140.0 0.4522811770439148
4150.0 0.45574110746383667
4160.0 0.4692632257938385
4170.0 0.47589588165283203
4180.0 0.48252853751182556
4190.0 0.4846668541431427
4200.0 0.48333513736724854
4210.0 0.4846384525299072
4220.0 0.49208787083625793
4230.0 0.49345409870147705
4240.0 0.5076587200164795
4250.0 0.5123032331466675
4260.0 0.5169476866722107
4270.0 0.5216214656829834
4280.0 0.5310034155845642
4290.0 0.5317757725715637
4300.0 0.5412185192108154
4310.0 0.5453209280967712
4320.0 0.549423336982727
4330.0 0.5547575950622559
4340.0 0.5600917339324951
4350.0 0.5653752684593201
4360.0 0.5706588625907898
4370.0 0.5758100152015686
4380.0 0.5809612274169922
4390.0 0.5876122713088989
4400.0 0.5942633748054504
4410.0 0.5982917547225952
4420.0 0.6023200750350952
4430.0 0.6054779887199402
4440.0 0.6086358428001404
4450.0 0.611601710319519
4460.0 0.6145675778388977
4470.0 0.6169964075088501
4480.0 0.6194252371788025
4490.0 0.6229932308197021
4500.0 0.626561164855957
4510.0 0.6296539306640625
4520.0 0.6327468156814575
4530.0 0.636894941329956
4540.0 0.6410431265830994
4550.0 0.6426739692687988
4560.0 0.6443048119544983
4570.0 0.6450270414352417
4580.0 0.6457492113113403
4590.0 0.6500727534294128
4600.0 0.6543963551521301
4610.0 0.6585703492164612
4620.0 0.6627444624900818
4630.0 0.665719747543335
4640.0 0.6686950325965881
4650.0 0.6705901026725769
4660.0 0.6724851131439209
4670.0 0.6719492673873901
4680.0 0.6714134216308594
4690.0 0.6718909740447998
4700.0 0.6723684668540955
4710.0 0.6755393743515015
4720.0 0.6787101626396179
4730.0 0.6832893490791321
4740.0 0.6878685355186462
4750.0 0.6917219758033752
4760.0 0.695575475692749
4770.0 0.6959663033485413
4780.0 0.6963570713996887
4790.0 0.6969944834709167
4800.0 0.6976317763328552
4810.0 0.7006514072418213
4820.0 0.7036710381507874
4830.0 0.7041652202606201
4840.0 0.7046593427658081
4850.0 0.7042937874794006
4860.0 0.7039281725883484
4870.0 0.7072545289993286
4880.0 0.7105807662010193
4890.0 0.714190661907196
4900.0 0.7178004384040833
4910.0 0.7189736366271973
4920.0 0.7201467752456665
4930.0 0.7182586789131165
4940.0 0.7163705825805664
4950.0 0.7172450423240662
4960.0 0.7181194424629211
4970.0 0.7240047454833984
4980.0 0.7298900485038757
4990.0 0.7326116561889648
5000.0 0.7353332042694092
5010.0 0.737800657749176
5020.0 0.7402681112289429
5030.0 0.7413410544395447
5040.0 0.7424139380455017
5050.0 0.7441034913063049
5060.0 0.7457929849624634
5070.0 0.7486554980278015
5080.0 0.7515180706977844
5090.0 0.7531357407569885
5100.0 0.7547534704208374
5110.0 0.7539253830909729
5120.0 0.7530972957611084
5130.0 0.7538345456123352
5140.0 0.7545718550682068
5150.0 0.7577530741691589
5160.0 0.7609343528747559
5170.0 0.7628514766693115
5180.0 0.764768660068512
5190.0 0.7673924565315247
5200.0 0.7700163125991821
5210.0 0.774118959903717
5220.0 0.778221607208252
5230.0 0.7815636992454529
5240.0 0.7849058508872986
5250.0 0.786926805973053
5260.0 0.7889477014541626
5270.0 0.7894101142883301
5280.0 0.7898726463317871
5290.0 0.7908812165260315
5300.0 0.7918897271156311
5310.0 0.7947174310684204
5320.0 0.7975451946258545
5330.0 0.7996783256530762
5340.0 0.8018113970756531
5350.0 0.803759753704071
5360.0 0.805708110332489
5370.0 0.8028311729431152
5380.0 0.7999541759490967
5390.0 0.7951759099960327
5400.0 0.7903977036476135
5410.0 0.7921446561813354
5420.0 0.7938914895057678
5430.0 0.7925484776496887
5440.0 0.7912053465843201
5450.0 0.7016569972038269
5460.0 0.6121086478233337
5470.0 0.41576606035232544
5480.0 0.21942353248596191
5490.0 0.12865297496318817
5500.0 0.03788241744041443
5510.0 0.02315426804125309
5520.0 0.0084261205047369
5530.0 0.005229976959526539
5540.0 0.002033824101090431
5550.0 0.001448064111173153
5560.0 0.0008623041794635355
5570.0 0.0007008474203757942
5580.0 0.0005394009640440345
5590.0 0.00046713120536878705
5600.0 0.0003948718076571822
5610.0 0.0003618264745455235
5620.0 0.00032879156060516834
5630.0 0.00030189420795068145
5640.0 0.0002749864652287215
5650.0 0.0
5660.0 0.0
5670.0 0.0
5680.0 0.0
5690.0 0.0
5700.0 0.0
