decam/transmission_system/s7/y_decam_c0005_10095.0_1130.0/2012-09-12T00:00:00.ecsv
# %ECSV 1.0
# ---
# datatype:
# - {name: wavelength, unit: Angstrom, datatype: float64}
# - {name: throughput, datatype: float64}
# meta: !!omap
# - {MODE: DETECTOR}
# - {TYPE: transmission_system}
# - {CALIBDATE: '2012-09-12T00:00:00'}
# - {INSTRUME: DECam}
# - {OBSTYPE: transmission_system}
# - {CALIBCLS: lsst.ip.isr.IntermediateSystemTransmissionCurve}
# - {DETECTOR: 31}
# - {DETECTOR_NAME: S7}
# - {SOURCE: Y_band_per_detector_throughput.fits}
# - {FILTER: Y DECam c0005 10095.0 1130.0}
# - {CALIB_CREATION_DATE: '2012-09-12'}
# - {CALIB_CREATION_TIME: '00:00:00'}
# schema: astropy-2.0
wavelength throughput
9250.0 0.0
9260.0 0.0
9270.0 0.0
9280.0 0.0
9290.0 0.0
9300.0 0.0
9310.0 0.007528714369982481
9320.0 0.008377372287213802
9330.0 0.009226040914654732
9340.0 0.010275266133248806
9350.0 0.011324501596391201
9360.0 0.012672859244048595
9370.0 0.01402121502906084
9380.0 0.016282575204968452
9390.0 0.018543949350714684
9400.0 0.022701561450958252
9410.0 0.02685917541384697
9420.0 0.03563598915934563
9430.0 0.04441281408071518
9440.0 0.06410974264144897
9450.0 0.08380668610334396
9460.0 0.0850861519575119
9470.0 0.16598117351531982
9480.0 0.1692074090242386
9490.0 0.3084794580936432
9500.0 0.3097135126590729
9510.0 0.494505912065506
9520.0 0.5871487259864807
9530.0 0.6797915697097778
9540.0 0.741514265537262
9550.0 0.8032369613647461
9560.0 0.827101469039917
9570.0 0.8509659767150879
9580.0 0.8532519340515137
9590.0 0.8555378317832947
9600.0 0.8544117212295532
9610.0 0.853285551071167
9620.0 0.8522084355354309
9630.0 0.85113126039505
9640.0 0.8504765033721924
9650.0 0.8498216271400452
9660.0 0.8476360440254211
9670.0 0.8454504609107971
9680.0 0.8414445519447327
9690.0 0.837438702583313
9700.0 0.8345099687576294
9710.0 0.8315812349319458
9720.0 0.8229309320449829
9730.0 0.81428062915802
9740.0 0.8087385296821594
9750.0 0.8031963109970093
9760.0 0.7979524731636047
9770.0 0.7927085161209106
9780.0 0.7869633436203003
9790.0 0.7812182307243347
9800.0 0.7757484912872314
9810.0 0.7702786326408386
9820.0 0.764476478099823
9830.0 0.7586743831634521
9840.0 0.7512478232383728
9850.0 0.7438212633132935
9860.0 0.736599862575531
9870.0 0.7293785214424133
9880.0 0.7197800874710083
9890.0 0.710181713104248
9900.0 0.7015231251716614
9910.0 0.6928645968437195
9920.0 0.6829853057861328
9930.0 0.6731060147285461
9940.0 0.6649749279022217
9950.0 0.6568437218666077
9960.0 0.6468803882598877
9970.0 0.6369170546531677
9980.0 0.6271781325340271
9990.0 0.6174392700195312
10000.0 0.6065569519996643
10010.0 0.5956746339797974
10020.0 0.5841115117073059
10030.0 0.5725483298301697
10040.0 0.5605179667472839
10050.0 0.548487663269043
10060.0 0.5374234914779663
10070.0 0.5263593792915344
10080.0 0.5141498446464539
10090.0 0.5019402503967285
10100.0 0.4890601336956024
10110.0 0.47617998719215393
10120.0 0.4654277265071869
10130.0 0.45467546582221985
10140.0 0.4425385892391205
10150.0 0.4304017126560211
10160.0 0.4187156558036804
10170.0 0.4070296287536621
10180.0 0.39445438981056213
10190.0 0.38187918066978455
10200.0 0.37008556723594666
10210.0 0.35829198360443115
10220.0 0.34641435742378235
10230.0 0.33453670144081116
10240.0 0.322611927986145
10250.0 0.31068718433380127
10260.0 0.29974475502967834
10270.0 0.2888023853302002
10280.0 0.2790404260158539
10290.0 0.26927846670150757
10300.0 0.25839531421661377
10310.0 0.24751217663288116
10320.0 0.2368447333574295
10330.0 0.22617729008197784
10340.0 0.21397465467453003
10350.0 0.20177201926708221
10360.0 0.18885408341884613
10370.0 0.17593614757061005
10380.0 0.16832853853702545
10390.0 0.16072095930576324
10400.0 0.15572024881839752
10410.0 0.1507195383310318
10420.0 0.14620094001293182
10430.0 0.14168232679367065
10440.0 0.13694791495800018
10450.0 0.1322135031223297
10460.0 0.12759575247764587
10470.0 0.12297799438238144
10480.0 0.118756003677845
10490.0 0.11453400552272797
10500.0 0.10984967648983002
10510.0 0.10516535490751266
10520.0 0.10175017267465591
10530.0 0.09833499789237976
10540.0 0.09589654207229614
10550.0 0.09345810115337372
10560.0 0.09128923714160919
10570.0 0.08912038058042526
10580.0 0.08575808256864548
10590.0 0.08239579945802689
10600.0 0.07527630776166916
10610.0 0.06815683841705322
10620.0 0.05603939667344093
10630.0 0.043921951204538345
10640.0 0.032439690083265305
10650.0 0.020957428961992264
10660.0 0.01463266834616661
10670.0 0.008307896554470062
10680.0 0.005631401669234037
10690.0 0.002954907715320587
10700.0 0.0
10710.0 0.0
10720.0 0.0
10730.0 0.0
10740.0 0.0
10750.0 0.0
