decam/transmission_system/n23/g_decam_sdss_c0001_4720.0_1520.0/2012-09-12T00:00:00.ecsv
# %ECSV 1.0
# ---
# datatype:
# - {name: wavelength, unit: Angstrom, datatype: float64}
# - {name: throughput, datatype: float64}
# meta: !!omap
# - {MODE: DETECTOR}
# - {TYPE: transmission_system}
# - {CALIBDATE: '2012-09-12T00:00:00'}
# - {INSTRUME: DECam}
# - {OBSTYPE: transmission_system}
# - {CALIBCLS: lsst.ip.isr.IntermediateSystemTransmissionCurve}
# - {DETECTOR: 54}
# - {DETECTOR_NAME: N23}
# - {SOURCE: g_band_per_detector_throughput.fits}
# - {FILTER: g DECam SDSS c0001 4720.0 1520.0}
# - {CALIB_CREATION_DATE: '2012-09-12'}
# - {CALIB_CREATION_TIME: '00:00:00'}
# schema: astropy-2.0
wavelength throughput
3750.0 0.0
3760.0 0.0
3770.0 0.0
3780.0 0.0
3790.0 0.0
3800.0 0.0
3810.0 0.0008165371255017817
3820.0 0.0009755015489645302
3830.0 0.0008953599026426673
3840.0 0.0012195404851809144
3850.0 0.001434542704373598
3860.0 0.0016495554009452462
3870.0 0.002018059603869915
3880.0 0.0023865634575486183
3890.0 0.002980039454996586
3900.0 0.0035735052078962326
3910.0 0.003546742955222726
3920.0 0.006521226838231087
3930.0 0.014125576242804527
3940.0 0.021729925647377968
3950.0 0.022189848124980927
3960.0 0.12903466820716858
3970.0 0.2289152592420578
3980.0 0.3287958800792694
3990.0 0.32907500863075256
4000.0 0.3636835217475891
4010.0 0.3802340030670166
4020.0 0.3967845141887665
4030.0 0.40093284845352173
4040.0 0.4070047438144684
4050.0 0.40694910287857056
4060.0 0.41550561785697937
4070.0 0.41910722851753235
4080.0 0.4302057921886444
4090.0 0.43075138330459595
4100.0 0.43639010190963745
4110.0 0.44058957695961
4120.0 0.4447890520095825
4130.0 0.44744253158569336
4140.0 0.45364323258399963
4150.0 0.45602652430534363
4160.0 0.46834197640419006
4170.0 0.4749082028865814
4180.0 0.4814744293689728
4190.0 0.48268160223960876
4200.0 0.48247528076171875
4210.0 0.4840965270996094
4220.0 0.49045419692993164
4230.0 0.49073469638824463
4240.0 0.5072958469390869
4250.0 0.5122907757759094
4260.0 0.5172857046127319
4270.0 0.5206922888755798
4280.0 0.5304436683654785
4290.0 0.5300315022468567
4300.0 0.5402306318283081
4310.0 0.5440483093261719
4320.0 0.5478659868240356
4330.0 0.5528411269187927
4340.0 0.5578162670135498
4350.0 0.5637065768241882
4360.0 0.5695968866348267
4370.0 0.5744604468345642
4380.0 0.5793238878250122
4390.0 0.5858508348464966
4400.0 0.5923777222633362
4410.0 0.5962964296340942
4420.0 0.6002151370048523
4430.0 0.6035357117652893
4440.0 0.6068563461303711
4450.0 0.6099771857261658
4460.0 0.6130979657173157
4470.0 0.6157200336456299
4480.0 0.6183421611785889
4490.0 0.6215934753417969
4500.0 0.6248447299003601
4510.0 0.6280710697174072
4520.0 0.6312973499298096
4530.0 0.6359061002731323
4540.0 0.6405148506164551
4550.0 0.6424476504325867
4560.0 0.644380509853363
4570.0 0.6452022790908813
4580.0 0.6460240483283997
4590.0 0.650285542011261
4600.0 0.6545469760894775
4610.0 0.6587481498718262
4620.0 0.66294926404953
4630.0 0.6660510897636414
4640.0 0.6691529154777527
4650.0 0.6712641716003418
4660.0 0.6733753681182861
4670.0 0.6732820868492126
4680.0 0.6731887459754944
4690.0 0.674538791179657
4700.0 0.6758888959884644
4710.0 0.6784626245498657
4720.0 0.6810363531112671
4730.0 0.685006320476532
4740.0 0.6889762282371521
4750.0 0.6933181285858154
4760.0 0.6976600885391235
4770.0 0.6983747482299805
4780.0 0.6990894079208374
4790.0 0.6998635530471802
4800.0 0.7006376385688782
4810.0 0.7035821080207825
4820.0 0.706526517868042
4830.0 0.7075236439704895
4840.0 0.7085207104682922
4850.0 0.7080438733100891
4860.0 0.7075669169425964
4870.0 0.7103115320205688
4880.0 0.713056206703186
4890.0 0.716700553894043
4900.0 0.7203449606895447
4910.0 0.7215002179145813
4920.0 0.7226554751396179
4930.0 0.7216675281524658
4940.0 0.720679521560669
4950.0 0.7220246195793152
4960.0 0.7233697175979614
4970.0 0.7278754115104675
4980.0 0.7323811054229736
4990.0 0.7346048355102539
5000.0 0.7368286848068237
5010.0 0.739492654800415
5020.0 0.7421566247940063
5030.0 0.7432968020439148
5040.0 0.7444370985031128
5050.0 0.7459999918937683
5060.0 0.747562825679779
5070.0 0.7504198551177979
5080.0 0.7532768249511719
5090.0 0.7544192671775818
5100.0 0.7555616497993469
5110.0 0.7541018128395081
5120.0 0.7526419162750244
5130.0 0.7540591359138489
5140.0 0.7554763555526733
5150.0 0.7594289183616638
5160.0 0.7633814811706543
5170.0 0.7645338773727417
5180.0 0.7656862735748291
5190.0 0.7672716975212097
5200.0 0.7688571214675903
5210.0 0.7726520895957947
5220.0 0.7764471173286438
5230.0 0.7798770666122437
5240.0 0.7833069562911987
5250.0 0.7850101590156555
5260.0 0.7867134809494019
5270.0 0.7867943644523621
5280.0 0.786875307559967
5290.0 0.7875189185142517
5300.0 0.7881625294685364
5310.0 0.7903608679771423
5320.0 0.7925591468811035
5330.0 0.7943120002746582
5340.0 0.7960647940635681
5350.0 0.7980788946151733
5360.0 0.8000929951667786
5370.0 0.797459602355957
5380.0 0.7948261499404907
5390.0 0.7896833419799805
5400.0 0.7845406532287598
5410.0 0.7856450080871582
5420.0 0.7867493629455566
5430.0 0.7895853519439697
5440.0 0.7924214005470276
5450.0 0.7273674011230469
5460.0 0.6623134016990662
5470.0 0.4667779207229614
5480.0 0.2712424695491791
5490.0 0.16132748126983643
5500.0 0.051412492990493774
5510.0 0.03153310343623161
5520.0 0.011653718538582325
5530.0 0.0071763694286346436
5540.0 0.002699029864743352
5550.0 0.0018739665392786264
5560.0 0.0010489033302292228
5570.0 0.0008417209610342979
5580.0 0.000634538650047034
5590.0 0.0005541270365938544
5600.0 0.0004737049457617104
5610.0 0.00042108376510441303
5620.0 0.00036847294541075826
5630.0 0.0003421260043978691
5640.0 0.000315789453452453
5650.0 0.0
5660.0 0.0
5670.0 0.0
5680.0 0.0
5690.0 0.0
5700.0 0.0
