decam/transmission_system/s3/i_decam_sdss_c0003_7835.0_1470.0/2012-09-12T00:00:00.ecsv
# %ECSV 1.0
# ---
# datatype:
# - {name: wavelength, unit: Angstrom, datatype: float64}
# - {name: throughput, datatype: float64}
# meta: !!omap
# - {MODE: DETECTOR}
# - {TYPE: transmission_system}
# - {CALIBDATE: '2012-09-12T00:00:00'}
# - {INSTRUME: DECam}
# - {OBSTYPE: transmission_system}
# - {CALIBCLS: lsst.ip.isr.IntermediateSystemTransmissionCurve}
# - {DETECTOR: 27}
# - {DETECTOR_NAME: S3}
# - {SOURCE: i_band_per_detector_throughput.fits}
# - {FILTER: i DECam SDSS c0003 7835.0 1470.0}
# - {CALIB_CREATION_DATE: '2012-09-12'}
# - {CALIB_CREATION_TIME: '00:00:00'}
# schema: astropy-2.0
wavelength throughput
6700.0 0.0
6710.0 0.0
6720.0 0.0
6730.0 0.0
6740.0 0.0
6750.0 0.0
6760.0 0.000661602127365768
6770.0 0.0007660033879801631
6780.0 0.0008704045321792364
6790.0 0.000965469516813755
6800.0 0.0010605345014482737
6810.0 0.0011846881825476885
6820.0 0.0013088313862681389
6830.0 0.0014751172857359052
6840.0 0.0016414134297519922
6850.0 0.0018876956310123205
6860.0 0.0021339880768209696
6870.0 0.002495918655768037
6880.0 0.0028578592464327812
6890.0 0.0033676002640277147
6900.0 0.0038773310370743275
6910.0 0.004704647697508335
6920.0 0.005531975068151951
6930.0 0.007257404271513224
6940.0 0.008982832543551922
6950.0 0.013186338357627392
6960.0 0.017389845103025436
6970.0 0.02877645008265972
6980.0 0.040163055062294006
6990.0 0.06826773285865784
7000.0 0.09637240320444107
7010.0 0.1519375443458557
7020.0 0.20750269293785095
7030.0 0.29357966780662537
7040.0 0.379656583070755
7050.0 0.48394352197647095
7060.0 0.5882304310798645
7070.0 0.6817982792854309
7080.0 0.7753661274909973
7090.0 0.8343863487243652
7100.0 0.8934065103530884
7110.0 0.9205595254898071
7120.0 0.9477124810218811
7130.0 0.9587008953094482
7140.0 0.9696892499923706
7150.0 0.9761838316917419
7160.0 0.9826784133911133
7170.0 0.9884195327758789
7180.0 0.9941605925559998
7190.0 0.9961259961128235
7200.0 0.9980913996696472
7210.0 0.9981738328933716
7220.0 0.998256266117096
7230.0 0.998345673084259
7240.0 0.9984350204467773
7250.0 1.0000416040420532
7260.0 1.0016480684280396
7270.0 1.0046616792678833
7280.0 1.0076751708984375
7290.0 1.0086371898651123
7300.0 1.0095990896224976
7310.0 1.007898211479187
7320.0 1.0061973333358765
7330.0 1.003335952758789
7340.0 1.0004746913909912
7350.0 0.9999498724937439
7360.0 0.9994250535964966
7370.0 1.0019111633300781
7380.0 1.0043972730636597
7390.0 1.008060336112976
7400.0 1.011723518371582
7410.0 1.012593150138855
7420.0 1.0134629011154175
7430.0 1.0122129917144775
7440.0 1.0109632015228271
7450.0 1.0095843076705933
7460.0 1.0082054138183594
7470.0 1.0082224607467651
7480.0 1.0082393884658813
7490.0 1.009759545326233
7500.0 1.0112797021865845
7510.0 1.0118685960769653
7520.0 1.0124576091766357
7530.0 1.0116816759109497
7540.0 1.0109057426452637
7550.0 1.0083285570144653
7560.0 1.0057512521743774
7570.0 1.0034891366958618
7580.0 1.0012270212173462
7590.0 0.9932584762573242
7600.0 0.985289990901947
7610.0 0.9889377355575562
7620.0 0.9925854802131653
7630.0 0.994940459728241
7640.0 0.9972954988479614
7650.0 1.0004560947418213
7660.0 1.0036166906356812
7670.0 1.0041117668151855
7680.0 1.00460684299469
7690.0 1.0033589601516724
7700.0 1.0021109580993652
7710.0 1.0017540454864502
7720.0 1.0013970136642456
7730.0 1.0017353296279907
7740.0 1.0020737648010254
7750.0 1.0047268867492676
7760.0 1.0073802471160889
7770.0 1.0084373950958252
7780.0 1.0094945430755615
7790.0 1.0097512006759644
7800.0 1.0100078582763672
7810.0 1.0092599391937256
7820.0 1.0085121393203735
7830.0 1.0074244737625122
7840.0 1.0063369274139404
7850.0 1.0060219764709473
7860.0 1.0057069063186646
7870.0 1.0045955181121826
7880.0 1.0034841299057007
7890.0 1.0002464056015015
7900.0 0.9970086812973022
7910.0 0.9929459095001221
7920.0 0.9888830184936523
7930.0 0.9855070114135742
7940.0 0.9821310639381409
7950.0 0.9792975783348083
7960.0 0.9764641523361206
7970.0 0.9762107729911804
7980.0 0.9759573936462402
7990.0 0.979442298412323
8000.0 0.9829272031784058
8010.0 0.98578941822052
8020.0 0.9886515140533447
8030.0 0.9894652366638184
8040.0 0.990278959274292
8050.0 0.989013135433197
8060.0 0.9877473711967468
8070.0 0.9888198971748352
8080.0 0.9898924231529236
8090.0 0.9879007935523987
8100.0 0.9859092235565186
8110.0 0.979116678237915
8120.0 0.984419584274292
8130.0 0.9835712909698486
8140.0 0.9827229380607605
8150.0 0.9815429449081421
8160.0 0.9803628921508789
8170.0 0.9808583855628967
8180.0 0.9793302416801453
8190.0 0.9711217880249023
8200.0 0.9686579704284668
8210.0 0.9661940932273865
8220.0 0.9647290110588074
8230.0 0.9632639288902283
8240.0 0.9645540118217468
8250.0 0.9658441543579102
8260.0 0.9683036208152771
8270.0 0.970763087272644
8280.0 0.9736536145210266
8290.0 0.9765440821647644
8300.0 0.979434609413147
8310.0 0.9859862923622131
8320.0 0.987150251865387
8330.0 0.9883142709732056
8340.0 0.9894782304763794
8350.0 0.9877943992614746
8360.0 0.9865468740463257
8370.0 0.985299289226532
8380.0 0.9840517640113831
8390.0 0.9874568581581116
8400.0 0.9818674325942993
8410.0 0.9838568568229675
8420.0 0.9858463406562805
8430.0 0.9877800941467285
8440.0 0.9935061931610107
8450.0 0.9953181147575378
8460.0 0.9971300959587097
8470.0 1.0102158784866333
8480.0 1.023301601409912
8490.0 1.0378386974334717
8500.0 1.0523757934570312
8510.0 1.0380291938781738
8520.0 1.0236825942993164
8530.0 0.9398618340492249
8540.0 0.8560410141944885
8550.0 0.6986461877822876
8560.0 0.5412513613700867
8570.0 0.25376856327056885
8580.0 0.2577364146709442
8590.0 0.09709640592336655
8600.0 0.09744439274072647
8610.0 0.035163819789886475
8620.0 0.03586322441697121
8630.0 0.013094461522996426
8640.0 0.013692704029381275
8650.0 0.005730828735977411
8660.0 0.005601451266556978
8670.0 0.002720932010561228
8680.0 0.0022948114201426506
8690.0 0.0018686909461393952
8700.0 0.0
8710.0 0.0
8720.0 0.0
8730.0 0.0
8740.0 0.0
8750.0 0.0
