decam/transmission_system/s14/g_decam_sdss_c0001_4720.0_1520.0/2012-09-12T00:00:00.ecsv
# %ECSV 1.0
# ---
# datatype:
# - {name: wavelength, unit: Angstrom, datatype: float64}
# - {name: throughput, datatype: float64}
# meta: !!omap
# - {MODE: DETECTOR}
# - {TYPE: transmission_system}
# - {CALIBDATE: '2012-09-12T00:00:00'}
# - {INSTRUME: DECam}
# - {OBSTYPE: transmission_system}
# - {CALIBCLS: lsst.ip.isr.IntermediateSystemTransmissionCurve}
# - {DETECTOR: 13}
# - {DETECTOR_NAME: S14}
# - {SOURCE: g_band_per_detector_throughput.fits}
# - {FILTER: g DECam SDSS c0001 4720.0 1520.0}
# - {CALIB_CREATION_DATE: '2012-09-12'}
# - {CALIB_CREATION_TIME: '00:00:00'}
# schema: astropy-2.0
wavelength throughput
3750.0 0.0
3760.0 0.0
3770.0 0.0
3780.0 0.0
3790.0 0.0
3800.0 0.0
3810.0 0.0009219664498232305
3820.0 0.0010784176411107183
3830.0 0.0011385888792574406
3840.0 0.0016567521961405873
3850.0 0.00197637383826077
3860.0 0.002295984886586666
3870.0 0.002732812659814954
3880.0 0.003169640200212598
3890.0 0.0038410041015595198
3900.0 0.004512368235737085
3910.0 0.004429350141435862
3920.0 0.007468148600310087
3930.0 0.014657415449619293
3940.0 0.021846674382686615
3950.0 0.02303137257695198
3960.0 0.12971974909305573
3970.0 0.2409299612045288
3980.0 0.3521401882171631
3990.0 0.34612494707107544
4000.0 0.3846934735774994
4010.0 0.40039050579071045
4020.0 0.4160875976085663
4030.0 0.42238619923591614
4040.0 0.42580869793891907
4050.0 0.42806899547576904
4060.0 0.43611109256744385
4070.0 0.4421994090080261
4080.0 0.4510645270347595
4090.0 0.45326441526412964
4100.0 0.4591386020183563
4110.0 0.46277037262916565
4120.0 0.466402143239975
4130.0 0.47031381726264954
4140.0 0.47389882802963257
4150.0 0.478075236082077
4160.0 0.4913488030433655
4170.0 0.497662216424942
4180.0 0.5039756298065186
4190.0 0.5068149566650391
4200.0 0.5062405467033386
4210.0 0.5053114295005798
4220.0 0.5124123692512512
4230.0 0.514351487159729
4240.0 0.5254358649253845
4250.0 0.5295128226280212
4260.0 0.5335898399353027
4270.0 0.5388101935386658
4280.0 0.5481774806976318
4290.0 0.549831211566925
4300.0 0.5583305358886719
4310.0 0.5613261461257935
4320.0 0.5643216371536255
4330.0 0.5689287781715393
4340.0 0.5735360383987427
4350.0 0.5781517624855042
4360.0 0.5827676057815552
4370.0 0.5874416828155518
4380.0 0.5921157598495483
4390.0 0.5990781784057617
4400.0 0.6060406565666199
4410.0 0.6095055341720581
4420.0 0.6129704713821411
4430.0 0.6156190037727356
4440.0 0.6182675957679749
4450.0 0.6206788420677185
4460.0 0.6230900883674622
4470.0 0.6248133182525635
4480.0 0.6265365481376648
4490.0 0.630440890789032
4500.0 0.6343452334403992
4510.0 0.637032687664032
4520.0 0.63972008228302
4530.0 0.6433567404747009
4540.0 0.6469934582710266
4550.0 0.6484668254852295
4560.0 0.6499401330947876
4570.0 0.650121808052063
4580.0 0.6503035426139832
4590.0 0.6542768478393555
4600.0 0.6582502126693726
4610.0 0.661311149597168
4620.0 0.6643720865249634
4630.0 0.6665334105491638
4640.0 0.6686948537826538
4650.0 0.6701714992523193
4660.0 0.6716481447219849
4670.0 0.6704701781272888
4680.0 0.6692922115325928
4690.0 0.6697574853897095
4700.0 0.6702226996421814
4710.0 0.6730381846427917
4720.0 0.6758536100387573
4730.0 0.6796928644180298
4740.0 0.6835319995880127
4750.0 0.6868230700492859
4760.0 0.6901141405105591
4770.0 0.6902866363525391
4780.0 0.6904591917991638
4790.0 0.6908621788024902
4800.0 0.6912651658058167
4810.0 0.6929410696029663
4820.0 0.6946170330047607
4830.0 0.694240152835846
4840.0 0.6938632726669312
4850.0 0.6937698721885681
4860.0 0.6936764121055603
4870.0 0.6968653798103333
4880.0 0.7000542879104614
4890.0 0.7033706307411194
4900.0 0.7066870331764221
4910.0 0.7078182697296143
4920.0 0.7089495658874512
4930.0 0.7060757875442505
4940.0 0.7032021284103394
4950.0 0.7031418085098267
4960.0 0.7030815482139587
4970.0 0.7090050578117371
4980.0 0.7149285078048706
4990.0 0.7178221344947815
5000.0 0.7207157611846924
5010.0 0.7223477959632874
5020.0 0.7239798307418823
5030.0 0.7251878380775452
5040.0 0.7263957858085632
5050.0 0.7276445031166077
5060.0 0.7288932204246521
5070.0 0.7308946847915649
5080.0 0.7328961491584778
5090.0 0.7345451712608337
5100.0 0.7361942529678345
5110.0 0.7351531386375427
5120.0 0.7341121435165405
5130.0 0.7341518402099609
5140.0 0.7341916561126709
5150.0 0.7370981574058533
5160.0 0.7400046586990356
5170.0 0.7425296306610107
5180.0 0.7450545430183411
5190.0 0.7478241324424744
5200.0 0.7505937218666077
5210.0 0.7534081935882568
5220.0 0.756222665309906
5230.0 0.7593274116516113
5240.0 0.7624321579933167
5250.0 0.7647480964660645
5260.0 0.7670640349388123
5270.0 0.767680823802948
5280.0 0.7682974934577942
5290.0 0.7693285942077637
5300.0 0.7703596949577332
5310.0 0.7724701762199402
5320.0 0.7745806574821472
5330.0 0.7760814428329468
5340.0 0.7775821685791016
5350.0 0.7789320349693298
5360.0 0.7802819013595581
5370.0 0.7768097519874573
5380.0 0.7733376026153564
5390.0 0.7679020166397095
5400.0 0.7624664306640625
5410.0 0.7649781107902527
5420.0 0.7674897909164429
5430.0 0.7683717608451843
5440.0 0.7692536115646362
5450.0 0.6803498268127441
5460.0 0.5914459824562073
5470.0 0.39512428641319275
5480.0 0.19880259037017822
5490.0 0.11635791510343552
5500.0 0.03391323983669281
5510.0 0.021089527755975723
5520.0 0.008265815675258636
5530.0 0.005173441022634506
5540.0 0.0020810554269701242
5550.0 0.0014828956918790936
5560.0 0.000884735956788063
5570.0 0.0007213578792288899
5580.0 0.0005579902790486813
5590.0 0.0004998545628041029
5600.0 0.00044171890476718545
5610.0 0.0003953599079977721
5620.0 0.0003490009403321892
5630.0 0.00031927882810123265
5640.0 0.00028955674497410655
5650.0 0.0
5660.0 0.0
5670.0 0.0
5680.0 0.0
5690.0 0.0
5700.0 0.0
