decam/transmission_system/n29/z_decam_sdss_c0004_9260.0_1520.0/2012-09-12T00:00:00.ecsv
# %ECSV 1.0
# ---
# datatype:
# - {name: wavelength, unit: Angstrom, datatype: float64}
# - {name: throughput, datatype: float64}
# meta: !!omap
# - {MODE: DETECTOR}
# - {TYPE: transmission_system}
# - {CALIBDATE: '2012-09-12T00:00:00'}
# - {INSTRUME: DECam}
# - {OBSTYPE: transmission_system}
# - {CALIBCLS: lsst.ip.isr.IntermediateSystemTransmissionCurve}
# - {DETECTOR: 60}
# - {DETECTOR_NAME: N29}
# - {SOURCE: z_band_per_detector_throughput.fits}
# - {FILTER: z DECam SDSS c0004 9260.0 1520.0}
# - {CALIB_CREATION_DATE: '2012-09-12'}
# - {CALIB_CREATION_TIME: '00:00:00'}
# schema: astropy-2.0
wavelength throughput
8200.0 0.0
8210.0 0.0
8220.0 0.0
8230.0 0.0
8240.0 0.0
8250.0 0.0
8260.0 0.0059454781003296375
8270.0 0.006608045659959316
8280.0 0.008371473290026188
8290.0 0.008029348216950893
8300.0 0.007687231991440058
8310.0 0.00862447451800108
8320.0 0.009759792126715183
8330.0 0.010895109735429287
8340.0 0.01203041709959507
8350.0 0.016681965440511703
8360.0 0.017714055255055428
8370.0 0.018746135756373405
8380.0 0.01977822557091713
8390.0 0.02954021841287613
8400.0 0.03641655296087265
8410.0 0.04329288750886917
8420.0 0.05016922205686569
8430.0 0.10524251312017441
8440.0 0.10130319744348526
8450.0 0.1585835963487625
8460.0 0.21586398780345917
8470.0 0.4131181538105011
8480.0 0.40712109208106995
8490.0 0.5325382351875305
8500.0 0.6579554080963135
8510.0 0.7554123997688293
8520.0 0.8528692722320557
8530.0 0.9033039212226868
8540.0 0.9537385106086731
8550.0 0.962353527545929
8560.0 0.9709686040878296
8570.0 0.9645622968673706
8580.0 0.9739992618560791
8590.0 0.9604135155677795
8600.0 0.9592950344085693
8610.0 0.9651064872741699
8620.0 0.9697352647781372
8630.0 0.979760468006134
8640.0 0.9878838658332825
8650.0 0.9914284944534302
8660.0 0.9880369305610657
8670.0 0.9973810315132141
8680.0 0.9975439310073853
8690.0 0.9977068901062012
8700.0 0.9979822039604187
8710.0 0.9982575178146362
8720.0 0.998244047164917
8730.0 0.9982304573059082
8740.0 0.9977784752845764
8750.0 1.0002474784851074
8760.0 1.0022097826004028
8770.0 1.0041720867156982
8780.0 1.0070935487747192
8790.0 1.0100151300430298
8800.0 1.012579083442688
8810.0 1.0151429176330566
8820.0 1.017775058746338
8830.0 1.0204073190689087
8840.0 1.0215768814086914
8850.0 1.0227464437484741
8860.0 1.0236140489578247
8870.0 1.0244817733764648
8880.0 1.0249274969100952
8890.0 1.0253732204437256
8900.0 1.0213714838027954
8910.0 1.0200029611587524
8920.0 1.0188590288162231
8930.0 1.0177149772644043
8940.0 1.0165709257125854
8950.0 1.0157984495162964
8960.0 1.0150260925292969
8970.0 1.0157749652862549
8980.0 1.016523838043213
8990.0 1.0181622505187988
9000.0 1.0198009014129639
9010.0 1.0221132040023804
9020.0 1.0244255065917969
9030.0 1.0264145135879517
9040.0 1.028403639793396
9050.0 1.02792227268219
9060.0 1.0318002700805664
9070.0 1.0306320190429688
9080.0 1.029463768005371
9090.0 1.026990532875061
9100.0 1.024517297744751
9110.0 1.0226192474365234
9120.0 1.02340567111969
9130.0 1.0227782726287842
9140.0 1.0211029052734375
9150.0 1.0232185125350952
9160.0 1.0236399173736572
9170.0 1.0240612030029297
9180.0 1.025460958480835
9190.0 1.0268607139587402
9200.0 1.0262404680252075
9210.0 1.0256202220916748
9220.0 1.0242913961410522
9230.0 1.0229624509811401
9240.0 1.0169960260391235
9250.0 1.0110294818878174
9260.0 1.006322979927063
9270.0 1.0016165971755981
9280.0 0.9932090640068054
9290.0 0.9848015904426575
9300.0 0.9785163998603821
9310.0 0.9722312092781067
9320.0 0.9663437604904175
9330.0 0.9604562520980835
9340.0 0.9516672492027283
9350.0 0.9428783059120178
9360.0 0.9311378598213196
9370.0 0.9193973541259766
9380.0 0.9110562801361084
9390.0 0.9027151465415955
9400.0 0.8908729553222656
9410.0 0.8790308237075806
9420.0 0.8707083463668823
9430.0 0.8623857498168945
9440.0 0.855730414390564
9450.0 0.8585484623908997
9460.0 0.8602402806282043
9470.0 0.8594621419906616
9480.0 0.860741913318634
9490.0 0.8620216846466064
9500.0 0.8626132011413574
9510.0 0.8679938912391663
9520.0 0.8703672885894775
9530.0 0.8727405667304993
9540.0 0.8754757642745972
9550.0 0.8782109022140503
9560.0 0.8808004856109619
9570.0 0.8833900690078735
9580.0 0.8836426734924316
9590.0 0.8838953971862793
9600.0 0.8811236023902893
9610.0 0.8783519268035889
9620.0 0.8755796551704407
9630.0 0.8728074431419373
9640.0 0.86931312084198
9650.0 0.8658187985420227
9660.0 0.8632400035858154
9670.0 0.8606612682342529
9680.0 0.8577250838279724
9690.0 0.8547890186309814
9700.0 0.8518528938293457
9710.0 0.8489167094230652
9720.0 0.8450779318809509
9730.0 0.8412390947341919
9740.0 0.8369033336639404
9750.0 0.8325675129890442
9760.0 0.8256587386131287
9770.0 0.8187499642372131
9780.0 0.8108475804328918
9790.0 0.8029451370239258
9800.0 0.7938637137413025
9810.0 0.7847822308540344
9820.0 0.7756520509719849
9830.0 0.7665217518806458
9840.0 0.757880449295044
9850.0 0.7492392063140869
9860.0 0.7396391034126282
9870.0 0.7300390005111694
9880.0 0.7200106978416443
9890.0 0.7099825143814087
9900.0 0.6946625113487244
9910.0 0.6793425679206848
9920.0 0.6534609198570251
9930.0 0.6275792121887207
9940.0 0.5826835036277771
9950.0 0.5377878546714783
9960.0 0.4854222238063812
9970.0 0.43305662274360657
9980.0 0.37718966603279114
9990.0 0.3213226795196533
10000.0 0.25874635577201843
10010.0 0.19617000222206116
10020.0 0.14114747941493988
10030.0 0.0861249715089798
10040.0 0.059216130524873734
10050.0 0.03230728209018707
10060.0 0.02245410718023777
10070.0 0.012600931338965893
10080.0 0.009466850198805332
10090.0 0.006332768592983484
10100.0 0.004960744176059961
10110.0 0.003588730003684759
10120.0 0.002680918201804161
10130.0 0.001773117110133171
10140.0 0.0017917894292622805
10150.0 0.0
10160.0 0.0
10170.0 0.0
10180.0 0.0
10190.0 0.0
10200.0 0.0
