decam/transmission_system/n20/r_decam_sdss_c0002_6415.0_1480.0/2012-09-12T00:00:00.ecsv
# %ECSV 1.0
# ---
# datatype:
# - {name: wavelength, unit: Angstrom, datatype: float64}
# - {name: throughput, datatype: float64}
# meta: !!omap
# - {MODE: DETECTOR}
# - {TYPE: transmission_system}
# - {CALIBDATE: '2012-09-12T00:00:00'}
# - {INSTRUME: DECam}
# - {OBSTYPE: transmission_system}
# - {CALIBCLS: lsst.ip.isr.IntermediateSystemTransmissionCurve}
# - {DETECTOR: 51}
# - {DETECTOR_NAME: N20}
# - {SOURCE: r_band_per_detector_throughput.fits}
# - {FILTER: r DECam SDSS c0002 6415.0 1480.0}
# - {CALIB_CREATION_DATE: '2012-09-12'}
# - {CALIB_CREATION_TIME: '00:00:00'}
# schema: astropy-2.0
wavelength throughput
5350.0 0.0
5360.0 0.0
5370.0 0.0
5380.0 0.0
5390.0 0.0
5400.0 0.0
5410.0 0.0034628731664270163
5420.0 0.003841211786493659
5430.0 0.004410781431943178
5440.0 0.004980350844562054
5450.0 0.005656793247908354
5460.0 0.006333235651254654
5470.0 0.006987599655985832
5480.0 0.00764195341616869
5490.0 0.008590193465352058
5500.0 0.009538434445858002
5510.0 0.010617299005389214
5520.0 0.01169616263359785
5530.0 0.012941489927470684
5540.0 0.014186816290020943
5550.0 0.015882501378655434
5560.0 0.01757817715406418
5570.0 0.01979166269302368
5580.0 0.022005148231983185
5590.0 0.025170376524329185
5600.0 0.028335602954030037
5610.0 0.03511834517121315
5620.0 0.04190107807517052
5630.0 0.06622550636529922
5640.0 0.09054992347955704
5650.0 0.1825520545244217
5660.0 0.27455416321754456
5670.0 0.4501887559890747
5680.0 0.6258233189582825
5690.0 0.7162831425666809
5700.0 0.8067429661750793
5710.0 0.815883994102478
5720.0 0.8250250220298767
5730.0 0.8292326927185059
5740.0 0.8334404230117798
5750.0 0.8374031186103821
5760.0 0.8413657546043396
5770.0 0.8434104919433594
5780.0 0.8454552292823792
5790.0 0.8475538492202759
5800.0 0.8496524095535278
5810.0 0.8543714880943298
5820.0 0.8590906262397766
5830.0 0.8609902858734131
5840.0 0.8628900051116943
5850.0 0.8613728880882263
5860.0 0.8598558306694031
5870.0 0.8566251397132874
5880.0 0.8533944487571716
5890.0 0.8538262844085693
5900.0 0.854258120059967
5910.0 0.8580034375190735
5920.0 0.8617487549781799
5930.0 0.8634108304977417
5940.0 0.8650728464126587
5950.0 0.864311695098877
5960.0 0.8635504841804504
5970.0 0.8642446398735046
5980.0 0.8649388551712036
5990.0 0.8670268058776855
6000.0 0.8691148161888123
6010.0 0.8712820410728455
6020.0 0.8734492063522339
6030.0 0.8745227456092834
6040.0 0.8786121606826782
6050.0 0.878902018070221
6060.0 0.8791918158531189
6070.0 0.8779330849647522
6080.0 0.8766743540763855
6090.0 0.8776735663414001
6100.0 0.87867271900177
6110.0 0.8816573023796082
6120.0 0.8846420049667358
6130.0 0.8872461915016174
6140.0 0.889850378036499
6150.0 0.8914179801940918
6160.0 0.8929856419563293
6170.0 0.8941390514373779
6180.0 0.8952924609184265
6190.0 0.894809365272522
6200.0 0.8943263292312622
6210.0 0.8946537971496582
6220.0 0.8949812650680542
6230.0 0.8953260779380798
6240.0 0.8956708908081055
6250.0 0.8956842422485352
6260.0 0.8956976532936096
6270.0 0.8974944949150085
6280.0 0.8992912769317627
6290.0 0.9011328816413879
6300.0 0.9029744267463684
6310.0 0.9031203389167786
6320.0 0.9032662510871887
6330.0 0.9037311673164368
6340.0 0.9041960835456848
6350.0 0.9060790538787842
6360.0 0.9079620838165283
6370.0 0.909442663192749
6380.0 0.9109233617782593
6390.0 0.9112204313278198
6400.0 0.9115175008773804
6410.0 0.9122574329376221
6420.0 0.912997305393219
6430.0 0.9126242399215698
6440.0 0.9122512340545654
6450.0 0.9121735692024231
6460.0 0.9120960235595703
6470.0 0.9125796556472778
6480.0 0.9130632877349854
6490.0 0.913002610206604
6500.0 0.9129419326782227
6510.0 0.91313636302948
6520.0 0.9133307337760925
6530.0 0.9153175354003906
6540.0 0.9173043370246887
6550.0 0.919287383556366
6560.0 0.921270489692688
6570.0 0.9221705198287964
6580.0 0.9230706095695496
6590.0 0.9232207536697388
6600.0 0.9233708381652832
6610.0 0.9223604798316956
6620.0 0.9213500022888184
6630.0 0.9201269745826721
6640.0 0.9189038872718811
6650.0 0.9193717837333679
6660.0 0.9198397397994995
6670.0 0.9222872853279114
6680.0 0.9247347712516785
6690.0 0.9265674352645874
6700.0 0.9284000992774963
6710.0 0.9290225505828857
6720.0 0.9296450018882751
6730.0 0.9290790557861328
6740.0 0.9285131692886353
6750.0 0.9274174571037292
6760.0 0.9263216853141785
6770.0 0.9263508915901184
6780.0 0.9263800978660583
6790.0 0.9273409247398376
6800.0 0.9283017516136169
6810.0 0.9285587668418884
6820.0 0.9288157224655151
6830.0 0.9290345311164856
6840.0 0.929253339767456
6850.0 0.9293379187583923
6860.0 0.9294225573539734
6870.0 0.928780198097229
6880.0 0.9281378984451294
6890.0 0.9274648427963257
6900.0 0.9267918467521667
6910.0 0.9255672693252563
6920.0 0.9243425726890564
6930.0 0.9236952066421509
6940.0 0.9230478405952454
6950.0 0.9222080707550049
6960.0 0.9213682413101196
6970.0 0.9211344718933105
6980.0 0.9209006428718567
6990.0 0.9219395518302917
7000.0 0.9229784607887268
7010.0 0.9227256774902344
7020.0 0.9224727749824524
7030.0 0.9187366962432861
7040.0 0.9150006771087646
7050.0 0.9094705581665039
7060.0 0.9039403200149536
7070.0 0.8892520070075989
7080.0 0.8745636343955994
7090.0 0.8614582419395447
7100.0 0.8483529686927795
7110.0 0.8331423997879028
7120.0 0.8179319500923157
7130.0 0.714294970035553
7140.0 0.6106581091880798
7150.0 0.4419836401939392
7160.0 0.2733091711997986
7170.0 0.17596422135829926
7180.0 0.07861926406621933
7190.0 0.051138147711753845
7200.0 0.02365703135728836
7210.0 0.01550868060439825
7220.0 0.007360341027379036
7230.0 0.005873405374586582
7240.0 0.0043864804320037365
7250.0 0.0031822577584534883
7260.0 0.001978025073185563
7270.0 0.0015012045623734593
7280.0 0.0010243738070130348
7290.0 0.0008344825473614037
7300.0 0.0006445914041250944
7310.0 0.0005660594324581325
7320.0 0.0004875378799624741
7330.0 0.00043624595855362713
7340.0 0.00038496445631608367
7350.0 0.0
7360.0 0.0
7370.0 0.0
7380.0 0.0
7390.0 0.0
7400.0 0.0
