decam/transmission_system/n1/z_decam_sdss_c0004_9260.0_1520.0/2012-09-12T00:00:00.ecsv
# %ECSV 1.0
# ---
# datatype:
# - {name: wavelength, unit: Angstrom, datatype: float64}
# - {name: throughput, datatype: float64}
# meta: !!omap
# - {MODE: DETECTOR}
# - {TYPE: transmission_system}
# - {CALIBDATE: '2012-09-12T00:00:00'}
# - {INSTRUME: DECam}
# - {OBSTYPE: transmission_system}
# - {CALIBCLS: lsst.ip.isr.IntermediateSystemTransmissionCurve}
# - {DETECTOR: 32}
# - {DETECTOR_NAME: N1}
# - {SOURCE: z_band_per_detector_throughput.fits}
# - {FILTER: z DECam SDSS c0004 9260.0 1520.0}
# - {CALIB_CREATION_DATE: '2012-09-12'}
# - {CALIB_CREATION_TIME: '00:00:00'}
# schema: astropy-2.0
wavelength throughput
8200.0 0.0
8210.0 0.0
8220.0 0.0
8230.0 0.0
8240.0 0.0
8250.0 0.0
8260.0 0.005783709231764078
8270.0 0.006417988333851099
8280.0 0.00941490475088358
8290.0 0.008395961485803127
8300.0 0.00737701915204525
8310.0 0.008817553520202637
8320.0 0.009857754223048687
8330.0 0.010897966101765633
8340.0 0.011938177049160004
8350.0 0.016086215153336525
8360.0 0.017015233635902405
8370.0 0.017944252118468285
8380.0 0.01887327991425991
8390.0 0.02776963636279106
8400.0 0.03382513299584389
8410.0 0.03988064080476761
8420.0 0.04593615233898163
8430.0 0.0960756167769432
8440.0 0.09126345068216324
8450.0 0.14523224532604218
8460.0 0.19920101761817932
8470.0 0.3903096318244934
8480.0 0.38669824600219727
8490.0 0.513563871383667
8500.0 0.6404294371604919
8510.0 0.7412477135658264
8520.0 0.8420660495758057
8530.0 0.8959497809410095
8540.0 0.9498333930969238
8550.0 0.9623841047286987
8560.0 0.9749348163604736
8570.0 0.9698806405067444
8580.0 0.9802344441413879
8590.0 0.9646570086479187
8600.0 0.9650827646255493
8610.0 0.9701195955276489
8620.0 0.9762076735496521
8630.0 0.9857470989227295
8640.0 0.9960895776748657
8650.0 0.9985188245773315
8660.0 0.9950828552246094
8670.0 1.0049241781234741
8680.0 1.0045933723449707
8690.0 1.0042624473571777
8700.0 1.0038319826126099
8710.0 1.0034013986587524
8720.0 1.0030618906021118
8730.0 1.0027223825454712
8740.0 1.0033427476882935
8750.0 1.0058914422988892
8760.0 1.0081912279129028
8770.0 1.010491132736206
8780.0 1.013797640800476
8790.0 1.0171040296554565
8800.0 1.0196099281311035
8810.0 1.022115707397461
8820.0 1.0248215198516846
8830.0 1.0275273323059082
8840.0 1.0285483598709106
8850.0 1.029569387435913
8860.0 1.0301923751831055
8870.0 1.0308154821395874
8880.0 1.0309345722198486
8890.0 1.0310537815093994
8900.0 1.0272302627563477
8910.0 1.0251517295837402
8920.0 1.0237129926681519
8930.0 1.022274136543274
8940.0 1.0208353996276855
8950.0 1.0196171998977661
8960.0 1.0183991193771362
8970.0 1.0192629098892212
8980.0 1.0201267004013062
8990.0 1.0217982530593872
9000.0 1.0234696865081787
9010.0 1.0260348320007324
9020.0 1.0286000967025757
9030.0 1.0307947397232056
9040.0 1.0329893827438354
9050.0 1.0325496196746826
9060.0 1.0367015600204468
9070.0 1.0352610349655151
9080.0 1.0338205099105835
9090.0 1.030934453010559
9100.0 1.0280483961105347
9110.0 1.0253088474273682
9120.0 1.026609182357788
9130.0 1.0254642963409424
9140.0 1.02387273311615
9150.0 1.0256233215332031
9160.0 1.0261313915252686
9170.0 1.026639461517334
9180.0 1.028297781944275
9190.0 1.0299562215805054
9200.0 1.0292621850967407
9210.0 1.0285682678222656
9220.0 1.0270633697509766
9230.0 1.0255584716796875
9240.0 1.0191376209259033
9250.0 1.0127167701721191
9260.0 1.0073232650756836
9270.0 1.0019298791885376
9280.0 0.9929870963096619
9290.0 0.9840443134307861
9300.0 0.9771033525466919
9310.0 0.9701623320579529
9320.0 0.9638621211051941
9330.0 0.9575618505477905
9340.0 0.9491815567016602
9350.0 0.940801203250885
9360.0 0.9290651082992554
9370.0 0.9173288941383362
9380.0 0.9091522693634033
9390.0 0.9009755849838257
9400.0 0.8892540335655212
9410.0 0.8775325417518616
9420.0 0.8691022396087646
9430.0 0.860671877861023
9440.0 0.853646457195282
9450.0 0.8560024499893188
9460.0 0.8569351434707642
9470.0 0.8567561507225037
9480.0 0.8578018546104431
9490.0 0.858847439289093
9500.0 0.8595496416091919
9510.0 0.8652330040931702
9520.0 0.8678402900695801
9530.0 0.8704475164413452
9540.0 0.873401939868927
9550.0 0.8763563632965088
9560.0 0.878828227519989
9570.0 0.881300151348114
9580.0 0.8812823295593262
9590.0 0.8812645077705383
9600.0 0.8779420852661133
9610.0 0.8746196627616882
9620.0 0.8712249994277954
9630.0 0.8678303956985474
9640.0 0.8641517758369446
9650.0 0.8604731559753418
9660.0 0.8577150702476501
9670.0 0.8549569249153137
9680.0 0.8526245355606079
9690.0 0.8502921462059021
9700.0 0.8479598164558411
9710.0 0.8456274271011353
9720.0 0.8419392704963684
9730.0 0.8382511138916016
9740.0 0.8337048292160034
9750.0 0.8291585445404053
9760.0 0.821837306022644
9770.0 0.8145161271095276
9780.0 0.805854320526123
9790.0 0.7971926331520081
9800.0 0.788774311542511
9810.0 0.7803559899330139
9820.0 0.7714976668357849
9830.0 0.7626392841339111
9840.0 0.7536354660987854
9850.0 0.7446316480636597
9860.0 0.7340001463890076
9870.0 0.7233686447143555
9880.0 0.7121821045875549
9890.0 0.7009955048561096
9900.0 0.6866746544837952
9910.0 0.6723537445068359
9920.0 0.6506678462028503
9930.0 0.62898188829422
9940.0 0.5881988406181335
9950.0 0.5474157333374023
9960.0 0.4957645833492279
9970.0 0.44411343336105347
9980.0 0.3808480203151703
9990.0 0.3175825774669647
10000.0 0.25053951144218445
10010.0 0.18349644541740417
10020.0 0.13045720756053925
10030.0 0.07741797715425491
10040.0 0.053293269127607346
10050.0 0.02916857972741127
10060.0 0.02034316211938858
10070.0 0.011517757549881935
10080.0 0.008802184835076332
10090.0 0.0060866111889481544
10100.0 0.004765556193888187
10110.0 0.0034444916527718306
10120.0 0.0026102892588824034
10130.0 0.0017760872142389417
10140.0 0.0017919243546202779
10150.0 0.0
10160.0 0.0
10170.0 0.0
10180.0 0.0
10190.0 0.0
10200.0 0.0
