decam/transmission_system/n27/g_decam_sdss_c0001_4720.0_1520.0/2012-09-12T00:00:00.ecsv
# %ECSV 1.0
# ---
# datatype:
# - {name: wavelength, unit: Angstrom, datatype: float64}
# - {name: throughput, datatype: float64}
# meta: !!omap
# - {MODE: DETECTOR}
# - {TYPE: transmission_system}
# - {CALIBDATE: '2012-09-12T00:00:00'}
# - {INSTRUME: DECam}
# - {OBSTYPE: transmission_system}
# - {CALIBCLS: lsst.ip.isr.IntermediateSystemTransmissionCurve}
# - {DETECTOR: 58}
# - {DETECTOR_NAME: N27}
# - {SOURCE: g_band_per_detector_throughput.fits}
# - {FILTER: g DECam SDSS c0001 4720.0 1520.0}
# - {CALIB_CREATION_DATE: '2012-09-12'}
# - {CALIB_CREATION_TIME: '00:00:00'}
# schema: astropy-2.0
wavelength throughput
3750.0 0.0
3760.0 0.0
3770.0 0.0
3780.0 0.0
3790.0 0.0
3800.0 0.0
3810.0 0.0007792339310981333
3820.0 0.0009261724189855158
3830.0 0.0010510529391467571
3840.0 0.001220568548887968
3850.0 0.001413969905115664
3860.0 0.0016073816223070025
3870.0 0.0019617618527263403
3880.0 0.0023161424323916435
3890.0 0.002934438642114401
3900.0 0.0035527455620467663
3910.0 0.0033153428230434656
3920.0 0.006454730872064829
3930.0 0.013384091667830944
3940.0 0.020313452929258347
3950.0 0.02097196877002716
3960.0 0.11895357817411423
3970.0 0.21536555886268616
3980.0 0.3117775022983551
3990.0 0.3107140362262726
4000.0 0.3481208384037018
4010.0 0.36484500765800476
4020.0 0.38156914710998535
4030.0 0.38536345958709717
4040.0 0.3930110037326813
4050.0 0.39269715547561646
4060.0 0.4022958278656006
4070.0 0.4057271480560303
4080.0 0.4171256721019745
4090.0 0.4177697002887726
4100.0 0.42420992255210876
4110.0 0.4286779761314392
4120.0 0.43314605951309204
4130.0 0.43539854884147644
4140.0 0.442655473947525
4150.0 0.44481170177459717
4160.0 0.458891361951828
4170.0 0.4658161699771881
4180.0 0.4727409780025482
4190.0 0.4737261235713959
4200.0 0.47418659925460815
4210.0 0.4759940207004547
4220.0 0.48329201340675354
4230.0 0.48340415954589844
4240.0 0.5001653432846069
4250.0 0.505576491355896
4260.0 0.5109876394271851
4270.0 0.5150293111801147
4280.0 0.5247671604156494
4290.0 0.5247368216514587
4300.0 0.5349916219711304
4310.0 0.5391858816146851
4320.0 0.5433801412582397
4330.0 0.5488598942756653
4340.0 0.5543396472930908
4350.0 0.5601841807365417
4360.0 0.5660287737846375
4370.0 0.5712051391601562
4380.0 0.5763813853263855
4390.0 0.5834894180297852
4400.0 0.5905973315238953
4410.0 0.5948562026023865
4420.0 0.5991150140762329
4430.0 0.6026824712753296
4440.0 0.6062498688697815
4450.0 0.6094514727592468
4460.0 0.6126530170440674
4470.0 0.6153026819229126
4480.0 0.617952287197113
4490.0 0.6214893460273743
4500.0 0.6250264644622803
4510.0 0.6282575130462646
4520.0 0.6314885020256042
4530.0 0.6361854076385498
4540.0 0.6408822536468506
4550.0 0.6428102850914001
4560.0 0.6447383761405945
4570.0 0.64551842212677
4580.0 0.6462984085083008
4590.0 0.651069700717926
4600.0 0.655841052532196
4610.0 0.6600160002708435
4620.0 0.664190948009491
4630.0 0.6673933863639832
4640.0 0.6705958247184753
4650.0 0.6727204322814941
4660.0 0.6748450398445129
4670.0 0.6744874119758606
4680.0 0.674129843711853
4690.0 0.6754090785980225
4700.0 0.6766882538795471
4710.0 0.679499089717865
4720.0 0.6823099255561829
4730.0 0.6868076324462891
4740.0 0.6913053393363953
4750.0 0.6957099437713623
4760.0 0.7001144886016846
4770.0 0.7007375359535217
4780.0 0.7013607025146484
4790.0 0.7023423910140991
4800.0 0.7033239603042603
4810.0 0.7062491774559021
4820.0 0.709174394607544
4830.0 0.7100635170936584
4840.0 0.7109526991844177
4850.0 0.710770308971405
4860.0 0.7105879187583923
4870.0 0.7135858535766602
4880.0 0.7165837287902832
4890.0 0.7205755114555359
4900.0 0.7245672941207886
4910.0 0.7255979180335999
4920.0 0.7266286015510559
4930.0 0.7251409888267517
4940.0 0.7236533164978027
4950.0 0.7251055836677551
4960.0 0.7265577912330627
4970.0 0.7321842312812805
4980.0 0.7378107309341431
4990.0 0.7403221726417542
5000.0 0.7428335547447205
5010.0 0.7454950213432312
5020.0 0.7481564283370972
5030.0 0.7494580745697021
5040.0 0.7507597208023071
5050.0 0.7524242401123047
5060.0 0.7540887594223022
5070.0 0.7570383548736572
5080.0 0.7599878907203674
5090.0 0.7615653276443481
5100.0 0.7631427645683289
5110.0 0.7618510723114014
5120.0 0.7605593800544739
5130.0 0.7618777751922607
5140.0 0.7631961107254028
5150.0 0.7672112584114075
5160.0 0.7712263464927673
5170.0 0.7728601694107056
5180.0 0.774493932723999
5190.0 0.7765665054321289
5200.0 0.7786390781402588
5210.0 0.7826534509658813
5220.0 0.7866678237915039
5230.0 0.7904655933380127
5240.0 0.7942633628845215
5250.0 0.7963524460792542
5260.0 0.7984416484832764
5270.0 0.7987473011016846
5280.0 0.7990529537200928
5290.0 0.8000410795211792
5300.0 0.8010291457176208
5310.0 0.8035109639167786
5320.0 0.8059926629066467
5330.0 0.8080093264579773
5340.0 0.8100260496139526
5350.0 0.8121368885040283
5360.0 0.814247727394104
5370.0 0.8114168047904968
5380.0 0.8085858821868896
5390.0 0.8036777973175049
5400.0 0.7987698316574097
5410.0 0.7999362945556641
5420.0 0.8011026978492737
5430.0 0.8016219139099121
5440.0 0.8021411299705505
5450.0 0.7223533391952515
5460.0 0.6425654888153076
5470.0 0.44601932168006897
5480.0 0.2494732141494751
5490.0 0.14780329167842865
5500.0 0.046133339405059814
5510.0 0.028330421075224876
5520.0 0.01052749902009964
5530.0 0.006535693071782589
5540.0 0.002543887123465538
5550.0 0.0017742386553436518
5560.0 0.0010045901872217655
5570.0 0.0008038050727918744
5580.0 0.0006030199583619833
5590.0 0.0005290470435284078
5600.0 0.00045507409959100187
5610.0 0.00041898596100509167
5620.0 0.0003828874323517084
5630.0 0.00034788972698152065
5640.0 0.0003128920216113329
5650.0 0.0
5660.0 0.0
5670.0 0.0
5680.0 0.0
5690.0 0.0
5700.0 0.0
