decam/transmission_system/n28/z_decam_sdss_c0004_9260.0_1520.0/2012-09-12T00:00:00.ecsv
# %ECSV 1.0
# ---
# datatype:
# - {name: wavelength, unit: Angstrom, datatype: float64}
# - {name: throughput, datatype: float64}
# meta: !!omap
# - {MODE: DETECTOR}
# - {TYPE: transmission_system}
# - {CALIBDATE: '2012-09-12T00:00:00'}
# - {INSTRUME: DECam}
# - {OBSTYPE: transmission_system}
# - {CALIBCLS: lsst.ip.isr.IntermediateSystemTransmissionCurve}
# - {DETECTOR: 59}
# - {DETECTOR_NAME: N28}
# - {SOURCE: z_band_per_detector_throughput.fits}
# - {FILTER: z DECam SDSS c0004 9260.0 1520.0}
# - {CALIB_CREATION_DATE: '2012-09-12'}
# - {CALIB_CREATION_TIME: '00:00:00'}
# schema: astropy-2.0
wavelength throughput
8200.0 0.0
8210.0 0.0
8220.0 0.0
8230.0 0.0
8240.0 0.0
8250.0 0.0
8260.0 0.005359230097383261
8270.0 0.006033003330230713
8280.0 0.00598200224339962
8290.0 0.006470370572060347
8300.0 0.0069587500765919685
8310.0 0.007326693274080753
8320.0 0.008454752154648304
8330.0 0.00958281010389328
8340.0 0.010710868053138256
8350.0 0.015474140644073486
8360.0 0.01645168662071228
8370.0 0.017429225146770477
8380.0 0.01840677112340927
8390.0 0.02749807760119438
8400.0 0.03355040401220322
8410.0 0.03960273787379265
8420.0 0.04565506801009178
8430.0 0.09464351087808609
8440.0 0.08937016129493713
8450.0 0.14282841980457306
8460.0 0.19628667831420898
8470.0 0.39000773429870605
8480.0 0.38682809472084045
8490.0 0.5161257386207581
8500.0 0.6454233527183533
8510.0 0.7483649253845215
8520.0 0.8513066172599792
8530.0 0.9081868529319763
8540.0 0.9650670289993286
8550.0 0.9767850637435913
8560.0 0.988503098487854
8570.0 0.9811278581619263
8580.0 0.9915781021118164
8590.0 0.9758372902870178
8600.0 0.9759571552276611
8610.0 0.9806824326515198
8620.0 0.986355721950531
8630.0 0.9958016872406006
8640.0 1.0048129558563232
8650.0 1.0062686204910278
8660.0 1.0042076110839844
8670.0 1.0103057622909546
8680.0 1.0092219114303589
8690.0 1.0081381797790527
8700.0 1.0080103874206543
8710.0 1.0078824758529663
8720.0 1.008325219154358
8730.0 1.00876784324646
8740.0 1.0088236331939697
8750.0 1.0113636255264282
8760.0 1.0134544372558594
8770.0 1.01554536819458
8780.0 1.0180089473724365
8790.0 1.020472526550293
8800.0 1.0228012800216675
8810.0 1.025130033493042
8820.0 1.0272186994552612
8830.0 1.02930748462677
8840.0 1.0303293466567993
8850.0 1.0313513278961182
8860.0 1.0320426225662231
8870.0 1.0327339172363281
8880.0 1.0330216884613037
8890.0 1.0333094596862793
8900.0 1.0303376913070679
8910.0 1.0278435945510864
8920.0 1.0267497301101685
8930.0 1.025655746459961
8940.0 1.024561882019043
8950.0 1.0239607095718384
8960.0 1.0233595371246338
8970.0 1.0238795280456543
8980.0 1.0243995189666748
8990.0 1.0258064270019531
9000.0 1.0272133350372314
9010.0 1.0293259620666504
9020.0 1.0314384698867798
9030.0 1.0332412719726562
9040.0 1.0350438356399536
9050.0 1.034316062927246
9060.0 1.0374704599380493
9070.0 1.0362670421600342
9080.0 1.0350637435913086
9090.0 1.0322524309158325
9100.0 1.029441237449646
9110.0 1.0264631509780884
9120.0 1.0275574922561646
9130.0 1.0254225730895996
9140.0 1.0243827104568481
9150.0 1.0261424779891968
9160.0 1.0263127088546753
9170.0 1.0264830589294434
9180.0 1.0275999307632446
9190.0 1.0287169218063354
9200.0 1.0276556015014648
9210.0 1.0265942811965942
9220.0 1.0247999429702759
9230.0 1.0230056047439575
9240.0 1.0166794061660767
9250.0 1.0103532075881958
9260.0 1.0052928924560547
9270.0 1.0002325773239136
9280.0 0.9915202260017395
9290.0 0.9828078746795654
9300.0 0.9765169024467468
9310.0 0.970225989818573
9320.0 0.9643599390983582
9330.0 0.9584939479827881
9340.0 0.9497368335723877
9350.0 0.9409797787666321
9360.0 0.9294722676277161
9370.0 0.9179648160934448
9380.0 0.9094734191894531
9390.0 0.9009819626808167
9400.0 0.8890265226364136
9410.0 0.8770710229873657
9420.0 0.8684272766113281
9430.0 0.8597835302352905
9440.0 0.8540356755256653
9450.0 0.8560754656791687
9460.0 0.8574336171150208
9470.0 0.8559575080871582
9480.0 0.8571087121963501
9490.0 0.858259916305542
9500.0 0.8584233522415161
9510.0 0.862612247467041
9520.0 0.8645533919334412
9530.0 0.8664944171905518
9540.0 0.8686214685440063
9550.0 0.8707484602928162
9560.0 0.8725810050964355
9570.0 0.8744135499000549
9580.0 0.8738850355148315
9590.0 0.8733565807342529
9600.0 0.8701647520065308
9610.0 0.8669728636741638
9620.0 0.8637224435806274
9630.0 0.8604719638824463
9640.0 0.8569290637969971
9650.0 0.8533862233161926
9660.0 0.8510180115699768
9670.0 0.8486496806144714
9680.0 0.846594512462616
9690.0 0.8445392847061157
9700.0 0.8424840569496155
9710.0 0.8404288291931152
9720.0 0.8362711668014526
9730.0 0.8321134448051453
9740.0 0.8273380398750305
9750.0 0.8225627541542053
9760.0 0.8155133128166199
9770.0 0.8084638714790344
9780.0 0.798552393913269
9790.0 0.7886408567428589
9800.0 0.7813556790351868
9810.0 0.7740705013275146
9820.0 0.7655054926872253
9830.0 0.756940484046936
9840.0 0.7477394938468933
9850.0 0.7385385632514954
9860.0 0.7281684875488281
9870.0 0.7177984714508057
9880.0 0.7075441479682922
9890.0 0.6972898244857788
9900.0 0.6834713220596313
9910.0 0.6696528196334839
9920.0 0.6470680236816406
9930.0 0.6244831681251526
9940.0 0.5807956457138062
9950.0 0.5371080636978149
9960.0 0.480536550283432
9970.0 0.4239650368690491
9980.0 0.3599243760108948
9990.0 0.29588377475738525
10000.0 0.23160016536712646
10010.0 0.16731654107570648
10020.0 0.11884282529354095
10030.0 0.07036910951137543
10040.0 0.04851901903748512
10050.0 0.026668941602110863
10060.0 0.018738625571131706
10070.0 0.01080832164734602
10080.0 0.008218699134886265
10090.0 0.005629075691103935
10100.0 0.00442247511819005
10110.0 0.003215874545276165
10120.0 0.0023671744856983423
10130.0 0.0015184853691607714
10140.0 0.0016977733466774225
10150.0 0.0
10160.0 0.0
10170.0 0.0
10180.0 0.0
10190.0 0.0
10200.0 0.0
