decam/transmission_system/n2/i_decam_sdss_c0003_7835.0_1470.0/2012-09-12T00:00:00.ecsv
# %ECSV 1.0
# ---
# datatype:
# - {name: wavelength, unit: Angstrom, datatype: float64}
# - {name: throughput, datatype: float64}
# meta: !!omap
# - {MODE: DETECTOR}
# - {TYPE: transmission_system}
# - {CALIBDATE: '2012-09-12T00:00:00'}
# - {INSTRUME: DECam}
# - {OBSTYPE: transmission_system}
# - {CALIBCLS: lsst.ip.isr.IntermediateSystemTransmissionCurve}
# - {DETECTOR: 33}
# - {DETECTOR_NAME: N2}
# - {SOURCE: i_band_per_detector_throughput.fits}
# - {FILTER: i DECam SDSS c0003 7835.0 1470.0}
# - {CALIB_CREATION_DATE: '2012-09-12'}
# - {CALIB_CREATION_TIME: '00:00:00'}
# schema: astropy-2.0
wavelength throughput
6700.0 0.0
6710.0 0.0
6720.0 0.0
6730.0 0.0
6740.0 0.0
6750.0 0.0
6760.0 0.0008156959083862603
6770.0 0.0009251546580344439
6780.0 0.0010346133494749665
6790.0 0.001139315776526928
6800.0 0.001244028564542532
6810.0 0.0013907176908105612
6820.0 0.0015374069334939122
6830.0 0.0017235594568774104
6840.0 0.001909701619297266
6850.0 0.0021680511999875307
6860.0 0.002426390303298831
6870.0 0.002799744252115488
6880.0 0.0031730879563838243
6890.0 0.0036527954507619143
6900.0 0.0041325027123093605
6910.0 0.00484804529696703
6920.0 0.005563587415963411
6930.0 0.006817616987973452
6940.0 0.008071635849773884
6950.0 0.010515972040593624
6960.0 0.012960318475961685
6970.0 0.018719248473644257
6980.0 0.024478178471326828
6990.0 0.03797154128551483
7000.0 0.051464904099702835
7010.0 0.07968518882989883
7020.0 0.10790546238422394
7030.0 0.15811271965503693
7040.0 0.20831997692584991
7050.0 0.28379565477371216
7060.0 0.3592713475227356
7070.0 0.4513489902019501
7080.0 0.5434266328811646
7090.0 0.6313973069190979
7100.0 0.719368040561676
7110.0 0.7856553196907043
7120.0 0.8519425392150879
7130.0 0.8907440304756165
7140.0 0.929545521736145
7150.0 0.946234405040741
7160.0 0.9629231691360474
7170.0 0.9696416854858398
7180.0 0.9763603210449219
7190.0 0.9771924614906311
7200.0 0.9780246615409851
7210.0 0.9787185788154602
7220.0 0.9794124960899353
7230.0 0.9818244576454163
7240.0 0.9842365384101868
7250.0 0.9878610372543335
7260.0 0.9914856553077698
7270.0 0.9953811168670654
7280.0 0.9992765188217163
7290.0 1.0005463361740112
7300.0 1.0018161535263062
7310.0 1.0006893873214722
7320.0 0.9995627999305725
7330.0 0.9969322085380554
7340.0 0.9943015575408936
7350.0 0.9928085803985596
7360.0 0.9913157224655151
7370.0 0.9926355481147766
7380.0 0.9939553737640381
7390.0 0.9979231357574463
7400.0 1.0018908977508545
7410.0 1.0048884153366089
7420.0 1.0078858137130737
7430.0 1.0087535381317139
7440.0 1.009621262550354
7450.0 1.0085580348968506
7460.0 1.0074949264526367
7470.0 1.0061911344528198
7480.0 1.004887342453003
7490.0 1.0051935911178589
7500.0 1.0054998397827148
7510.0 1.0064877271652222
7520.0 1.0074756145477295
7530.0 1.0084259510040283
7540.0 1.0093761682510376
7550.0 1.008219599723816
7560.0 1.0070630311965942
7570.0 1.0045585632324219
7580.0 1.002054214477539
7590.0 0.9924619793891907
7600.0 0.9828696846961975
7610.0 0.9849313497543335
7620.0 0.9869930148124695
7630.0 0.9891529083251953
7640.0 0.9913127422332764
7650.0 0.9952375888824463
7660.0 0.999162495136261
7670.0 1.0009888410568237
7680.0 1.0028151273727417
7690.0 1.002595067024231
7700.0 1.0023751258850098
7710.0 1.0025054216384888
7720.0 1.0026357173919678
7730.0 1.0032206773757935
7740.0 1.0038055181503296
7750.0 1.0070784091949463
7760.0 1.0103511810302734
7770.0 1.0119069814682007
7780.0 1.0134629011154175
7790.0 1.0140531063079834
7800.0 1.0146434307098389
7810.0 1.0137543678283691
7820.0 1.012865424156189
7830.0 1.0115917921066284
7840.0 1.0103180408477783
7850.0 1.01048743724823
7860.0 1.0106568336486816
7870.0 1.0108036994934082
7880.0 1.0109506845474243
7890.0 1.0087668895721436
7900.0 1.0065830945968628
7910.0 1.0024737119674683
7920.0 0.9983645081520081
7930.0 0.9935897588729858
7940.0 0.9888150691986084
7950.0 0.9838478565216064
7960.0 0.9788805842399597
7970.0 0.9775145053863525
7980.0 0.9761484861373901
7990.0 0.9801125526428223
8000.0 0.9840766191482544
8010.0 0.9889011979103088
8020.0 0.9937258362770081
8030.0 0.9963510036468506
8040.0 0.9989761114120483
8050.0 0.9989863038063049
8060.0 0.9989966154098511
8070.0 0.9994142651557922
8080.0 0.9998318552970886
8090.0 0.9960899353027344
8100.0 0.9923478960990906
8110.0 0.9829447865486145
8120.0 0.9881985187530518
8130.0 0.9880783557891846
8140.0 0.9879581928253174
8150.0 0.9892792105674744
8160.0 0.9906002283096313
8170.0 0.9974730014801025
8180.0 0.9949754476547241
8190.0 0.9895662069320679
8200.0 0.9859126806259155
8210.0 0.9822592735290527
8220.0 0.9783321619033813
8230.0 0.9744051098823547
8240.0 0.9734322428703308
8250.0 0.9724593758583069
8260.0 0.9747917652130127
8270.0 0.9771241545677185
8280.0 0.981407105922699
8290.0 0.9856901168823242
8300.0 0.9899730682373047
8310.0 1.0021510124206543
8320.0 1.004327416419983
8330.0 1.006503701210022
8340.0 1.0086801052093506
8350.0 1.005246877670288
8360.0 1.002524733543396
8370.0 0.9998026490211487
8380.0 0.9970805644989014
8390.0 0.9962393045425415
8400.0 0.9904113411903381
8410.0 0.990852952003479
8420.0 0.9912944436073303
8430.0 0.9907056093215942
8440.0 0.9962761998176575
8450.0 0.9951146245002747
8460.0 0.9939529895782471
8470.0 1.0002808570861816
8480.0 1.0066088438034058
8490.0 1.0105855464935303
8500.0 1.0145622491836548
8510.0 1.0005006790161133
8520.0 0.9864391088485718
8530.0 0.9198018908500671
8540.0 0.8531646728515625
8550.0 0.7126323580741882
8560.0 0.5721001029014587
8570.0 0.28232452273368835
8580.0 0.286634624004364
8590.0 0.1087079644203186
8600.0 0.10899434983730316
8610.0 0.03821738809347153
8620.0 0.03938975930213928
8630.0 0.014028381556272507
8640.0 0.014671633020043373
8650.0 0.006090941838920116
8660.0 0.00623759999871254
8670.0 0.0029143125284463167
8680.0 0.0024514184333384037
8690.0 0.001988534815609455
8700.0 0.0
8710.0 0.0
8720.0 0.0
8730.0 0.0
8740.0 0.0
8750.0 0.0
