decam/transmission_system/n5/g_decam_sdss_c0001_4720.0_1520.0/2012-09-12T00:00:00.ecsv
# %ECSV 1.0
# ---
# datatype:
# - {name: wavelength, unit: Angstrom, datatype: float64}
# - {name: throughput, datatype: float64}
# meta: !!omap
# - {MODE: DETECTOR}
# - {TYPE: transmission_system}
# - {CALIBDATE: '2012-09-12T00:00:00'}
# - {INSTRUME: DECam}
# - {OBSTYPE: transmission_system}
# - {CALIBCLS: lsst.ip.isr.IntermediateSystemTransmissionCurve}
# - {DETECTOR: 36}
# - {DETECTOR_NAME: N5}
# - {SOURCE: g_band_per_detector_throughput.fits}
# - {FILTER: g DECam SDSS c0001 4720.0 1520.0}
# - {CALIB_CREATION_DATE: '2012-09-12'}
# - {CALIB_CREATION_TIME: '00:00:00'}
# schema: astropy-2.0
wavelength throughput
3750.0 0.0
3760.0 0.0
3770.0 0.0
3780.0 0.0
3790.0 0.0
3800.0 0.0
3810.0 0.0006711253081448376
3820.0 0.0008280334295704961
3830.0 0.0007971689337864518
3840.0 0.0010809308150783181
3850.0 0.0013282514410093427
3860.0 0.0015755617059767246
3870.0 0.0019131702138110995
3880.0 0.0022507684770971537
3890.0 0.002840723842382431
3900.0 0.003430679440498352
3910.0 0.0034421756863594055
3920.0 0.0066037774085998535
3930.0 0.013319496065378189
3940.0 0.020035214722156525
3950.0 0.020821573212742805
3960.0 0.11967505514621735
3970.0 0.22630299627780914
3980.0 0.33293089270591736
3990.0 0.3321346342563629
4000.0 0.3638603687286377
4010.0 0.38053247332572937
4020.0 0.39720454812049866
4030.0 0.40156567096710205
4040.0 0.40716204047203064
4050.0 0.40742072463035583
4060.0 0.41563892364501953
4070.0 0.41962048411369324
4080.0 0.4325602948665619
4090.0 0.433284729719162
4100.0 0.438440203666687
4110.0 0.44272762537002563
4120.0 0.44701507687568665
4130.0 0.44976627826690674
4140.0 0.45579615235328674
4150.0 0.4584060311317444
4160.0 0.47071295976638794
4170.0 0.4789850115776062
4180.0 0.48725706338882446
4190.0 0.48812443017959595
4200.0 0.4889127314090729
4210.0 0.4904150068759918
4220.0 0.4937090277671814
4230.0 0.4938521683216095
4240.0 0.5112969875335693
4250.0 0.5149765610694885
4260.0 0.5186561942100525
4270.0 0.5220392942428589
4280.0 0.5313985347747803
4290.0 0.5313770771026611
4300.0 0.5421736240386963
4310.0 0.5456170439720154
4320.0 0.5490604043006897
4330.0 0.5532376766204834
4340.0 0.5574149489402771
4350.0 0.5635306239128113
4360.0 0.569646418094635
4370.0 0.5739972591400146
4380.0 0.5783480405807495
4390.0 0.5845840573310852
4400.0 0.5908200740814209
4410.0 0.5944337248802185
4420.0 0.5980473756790161
4430.0 0.6013914346694946
4440.0 0.6047354936599731
4450.0 0.6080515384674072
4460.0 0.6113674640655518
4470.0 0.6146721243858337
4480.0 0.6179767847061157
4490.0 0.6203855872154236
4500.0 0.6227942705154419
4510.0 0.6260423064231873
4520.0 0.6292902827262878
4530.0 0.6341245770454407
4540.0 0.6389588117599487
4550.0 0.6407939791679382
4560.0 0.642629086971283
4570.0 0.643572986125946
4580.0 0.6445169448852539
4590.0 0.6480244994163513
4600.0 0.651531994342804
4610.0 0.6560190916061401
4620.0 0.6605063080787659
4630.0 0.6641623377799988
4640.0 0.6678183674812317
4650.0 0.6701489686965942
4660.0 0.6724796295166016
4670.0 0.6728202700614929
4680.0 0.6731609106063843
4690.0 0.674484133720398
4700.0 0.6758073568344116
4710.0 0.6777605414390564
4720.0 0.6797137260437012
4730.0 0.6832225918769836
4740.0 0.6867314577102661
4750.0 0.6918518543243408
4760.0 0.696972131729126
4770.0 0.697390079498291
4780.0 0.697808027267456
4790.0 0.6977474093437195
4800.0 0.6976869106292725
4810.0 0.7026093006134033
4820.0 0.707531750202179
4830.0 0.7088832259178162
4840.0 0.7102347016334534
4850.0 0.7079817056655884
4860.0 0.7057287693023682
4870.0 0.7089281678199768
4880.0 0.7121274471282959
4890.0 0.7160442471504211
4900.0 0.7199609875679016
4910.0 0.7212080955505371
4920.0 0.7224552035331726
4930.0 0.7220097780227661
4940.0 0.7215643525123596
4950.0 0.7223480939865112
4960.0 0.7231318950653076
4970.0 0.7266223430633545
4980.0 0.7301128506660461
4990.0 0.7324155569076538
5000.0 0.7347183227539062
5010.0 0.73732990026474
5020.0 0.7399415969848633
5030.0 0.7398748993873596
5040.0 0.7398080825805664
5050.0 0.7416074872016907
5060.0 0.7434068322181702
5070.0 0.7484596371650696
5080.0 0.7535125017166138
5090.0 0.7557567954063416
5100.0 0.7580011487007141
5110.0 0.7560914158821106
5120.0 0.7541816830635071
5130.0 0.7549565434455872
5140.0 0.7557314038276672
5150.0 0.7580820918083191
5160.0 0.7604328393936157
5170.0 0.760041356086731
5180.0 0.7596498727798462
5190.0 0.7619034647941589
5200.0 0.7641571164131165
5210.0 0.7691894769668579
5220.0 0.7742218971252441
5230.0 0.7766202688217163
5240.0 0.7790187001228333
5250.0 0.7797555923461914
5260.0 0.7804924845695496
5270.0 0.7807446718215942
5280.0 0.7809968590736389
5290.0 0.7813035845756531
5300.0 0.781610369682312
5310.0 0.783755898475647
5320.0 0.7859014272689819
5330.0 0.7891300320625305
5340.0 0.7923586964607239
5350.0 0.7967324256896973
5360.0 0.8011062145233154
5370.0 0.8012657761573792
5380.0 0.8014253377914429
5390.0 0.8015344738960266
5400.0 0.8016436696052551
5410.0 0.8150416612625122
5420.0 0.8284395933151245
5430.0 0.8676325082778931
5440.0 0.9068254232406616
5450.0 0.8975237607955933
5460.0 0.8882220983505249
5470.0 0.6576707363128662
5480.0 0.42711928486824036
5490.0 0.255806028842926
5500.0 0.0844927728176117
5510.0 0.05168870463967323
5520.0 0.018884630873799324
5530.0 0.01149173267185688
5540.0 0.004098834469914436
5550.0 0.0027587024960666895
5560.0 0.0014185601612553
5570.0 0.001091326354071498
5580.0 0.0007640925468876958
5590.0 0.0006538548623211682
5600.0 0.0005436069332063198
5610.0 0.0004938831552863121
5620.0 0.00044415940647013485
5630.0 0.00040492459083907306
5640.0 0.0003656897461041808
5650.0 0.0
5660.0 0.0
5670.0 0.0
5680.0 0.0
5690.0 0.0
5700.0 0.0
