decam/transmission_system/s20/z_decam_sdss_c0004_9260.0_1520.0/2012-09-12T00:00:00.ecsv
# %ECSV 1.0
# ---
# datatype:
# - {name: wavelength, unit: Angstrom, datatype: float64}
# - {name: throughput, datatype: float64}
# meta: !!omap
# - {MODE: DETECTOR}
# - {TYPE: transmission_system}
# - {CALIBDATE: '2012-09-12T00:00:00'}
# - {INSTRUME: DECam}
# - {OBSTYPE: transmission_system}
# - {CALIBCLS: lsst.ip.isr.IntermediateSystemTransmissionCurve}
# - {DETECTOR: 8}
# - {DETECTOR_NAME: S20}
# - {SOURCE: z_band_per_detector_throughput.fits}
# - {FILTER: z DECam SDSS c0004 9260.0 1520.0}
# - {CALIB_CREATION_DATE: '2012-09-12'}
# - {CALIB_CREATION_TIME: '00:00:00'}
# schema: astropy-2.0
wavelength throughput
8200.0 0.0
8210.0 0.0
8220.0 0.0
8230.0 0.0
8240.0 0.0
8250.0 0.0
8260.0 0.005167604424059391
8270.0 0.005823110695928335
8280.0 0.008256656117737293
8290.0 0.007529804483056068
8300.0 0.006802952848374844
8310.0 0.007944885641336441
8320.0 0.008952217176556587
8330.0 0.009959549643099308
8340.0 0.010966881178319454
8350.0 0.015212301164865494
8360.0 0.016132045537233353
8370.0 0.017051801085472107
8380.0 0.017971543595194817
8390.0 0.026694219559431076
8400.0 0.032295163720846176
8410.0 0.03789610415697098
8420.0 0.04349704831838608
8430.0 0.08830918371677399
8440.0 0.084650918841362
8450.0 0.13407135009765625
8460.0 0.1834917664527893
8470.0 0.37152722477912903
8480.0 0.3650590479373932
8490.0 0.4910121262073517
8500.0 0.6169652342796326
8510.0 0.7206042408943176
8520.0 0.8242433071136475
8530.0 0.8846191167831421
8540.0 0.9449948668479919
8550.0 0.9610820412635803
8560.0 0.9771692752838135
8570.0 0.9718066453933716
8580.0 0.9833219647407532
8590.0 0.9661964774131775
8600.0 0.966766893863678
8610.0 0.9712414741516113
8620.0 0.9776477217674255
8630.0 0.9874230623245239
8640.0 0.9977858662605286
8650.0 0.9993448853492737
8660.0 0.9959529042243958
8670.0 1.005027413368225
8680.0 1.0039927959442139
8690.0 1.0029582977294922
8700.0 1.0023767948150635
8710.0 1.0017952919006348
8720.0 1.001609206199646
8730.0 1.0014230012893677
8740.0 1.00299870967865
8750.0 1.00492525100708
8760.0 1.0075477361679077
8770.0 1.0101702213287354
8780.0 1.0136903524398804
8790.0 1.0172104835510254
8800.0 1.0197908878326416
8810.0 1.0223711729049683
8820.0 1.0250873565673828
8830.0 1.0278035402297974
8840.0 1.0287928581237793
8850.0 1.0297821760177612
8860.0 1.0305004119873047
8870.0 1.0312187671661377
8880.0 1.0312864780426025
8890.0 1.0313541889190674
8900.0 1.0287410020828247
8910.0 1.0256060361862183
8920.0 1.0242087841033936
8930.0 1.0228115320205688
8940.0 1.0214142799377441
8950.0 1.0202395915985107
8960.0 1.0190649032592773
8970.0 1.019973874092102
8980.0 1.0208829641342163
8990.0 1.0227291584014893
9000.0 1.0245753526687622
9010.0 1.0274277925491333
9020.0 1.030280351638794
9030.0 1.0326119661331177
9040.0 1.0349434614181519
9050.0 1.0341098308563232
9060.0 1.0378531217575073
9070.0 1.0368454456329346
9080.0 1.0358378887176514
9090.0 1.032667875289917
9100.0 1.0294979810714722
9110.0 1.0266757011413574
9120.0 1.0274786949157715
9130.0 1.0265837907791138
9140.0 1.0251095294952393
9150.0 1.0265668630599976
9160.0 1.0274139642715454
9170.0 1.0282610654830933
9180.0 1.0298641920089722
9190.0 1.031467318534851
9200.0 1.0306309461593628
9210.0 1.0297945737838745
9220.0 1.0282373428344727
9230.0 1.0266802310943604
9240.0 1.0200457572937012
9250.0 1.013411283493042
9260.0 1.0078645944595337
9270.0 1.002318024635315
9280.0 0.9932039976119995
9290.0 0.9840900897979736
9300.0 0.9773493409156799
9310.0 0.970608651638031
9320.0 0.9645023941993713
9330.0 0.9583961367607117
9340.0 0.9501346349716187
9350.0 0.9418730735778809
9360.0 0.9304708242416382
9370.0 0.9190685153007507
9380.0 0.9109556674957275
9390.0 0.9028428196907043
9400.0 0.8908584713935852
9410.0 0.8788741827011108
9420.0 0.8700581192970276
9430.0 0.8612421154975891
9440.0 0.8557250499725342
9450.0 0.8566604852676392
9460.0 0.8576094508171082
9470.0 0.8570337891578674
9480.0 0.8580973148345947
9490.0 0.8591607809066772
9500.0 0.8602997660636902
9510.0 0.8657383322715759
9520.0 0.8687516450881958
9530.0 0.8717648983001709
9540.0 0.8745971322059631
9550.0 0.8774293065071106
9560.0 0.879959225654602
9570.0 0.8824891448020935
9580.0 0.8823105096817017
9590.0 0.8821317553520203
9600.0 0.8786378502845764
9610.0 0.8751438856124878
9620.0 0.8716071248054504
9630.0 0.8680703639984131
9640.0 0.8644855618476868
9650.0 0.8609007596969604
9660.0 0.8583357930183411
9670.0 0.8557708859443665
9680.0 0.8538038730621338
9690.0 0.8518368005752563
9700.0 0.8498697280883789
9710.0 0.8479027152061462
9720.0 0.8442778587341309
9730.0 0.8406530022621155
9740.0 0.8360913395881653
9750.0 0.8315296173095703
9760.0 0.8240913152694702
9770.0 0.8166529536247253
9780.0 0.8074466586112976
9790.0 0.7982403039932251
9800.0 0.7899619340896606
9810.0 0.7816835641860962
9820.0 0.773084282875061
9830.0 0.7644850611686707
9840.0 0.755566418170929
9850.0 0.746647834777832
9860.0 0.7358614802360535
9870.0 0.7250751256942749
9880.0 0.7135550379753113
9890.0 0.7020350098609924
9900.0 0.6872340440750122
9910.0 0.672433078289032
9920.0 0.6509329080581665
9930.0 0.629432737827301
9940.0 0.5877947807312012
9950.0 0.5461567640304565
9960.0 0.4903729557991028
9970.0 0.434589147567749
9980.0 0.3685770630836487
9990.0 0.30256494879722595
10000.0 0.2329702079296112
10010.0 0.16337546706199646
10020.0 0.11458883434534073
10030.0 0.065802201628685
10040.0 0.045441415160894394
10050.0 0.02508062683045864
10060.0 0.017664363607764244
10070.0 0.010248099453747272
10080.0 0.007941479794681072
10090.0 0.005634849891066551
10100.0 0.004463454242795706
10110.0 0.0032920592930167913
10120.0 0.002504776930436492
10130.0 0.0017174945678561926
10140.0 0.0017561374697834253
10150.0 0.0
10160.0 0.0
10170.0 0.0
10180.0 0.0
10190.0 0.0
10200.0 0.0
