decam/transmission_system/n6/z_decam_sdss_c0004_9260.0_1520.0/2012-09-12T00:00:00.ecsv
# %ECSV 1.0
# ---
# datatype:
# - {name: wavelength, unit: Angstrom, datatype: float64}
# - {name: throughput, datatype: float64}
# meta: !!omap
# - {MODE: DETECTOR}
# - {TYPE: transmission_system}
# - {CALIBDATE: '2012-09-12T00:00:00'}
# - {INSTRUME: DECam}
# - {OBSTYPE: transmission_system}
# - {CALIBCLS: lsst.ip.isr.IntermediateSystemTransmissionCurve}
# - {DETECTOR: 37}
# - {DETECTOR_NAME: N6}
# - {SOURCE: z_band_per_detector_throughput.fits}
# - {FILTER: z DECam SDSS c0004 9260.0 1520.0}
# - {CALIB_CREATION_DATE: '2012-09-12'}
# - {CALIB_CREATION_TIME: '00:00:00'}
# schema: astropy-2.0
wavelength throughput
8200.0 0.0
8210.0 0.0
8220.0 0.0
8230.0 0.0
8240.0 0.0
8250.0 0.0
8260.0 0.004436370451003313
8270.0 0.004920959006994963
8280.0 0.004333163145929575
8290.0 0.004983986262232065
8300.0 0.005634818691760302
8310.0 0.0059159016236662865
8320.0 0.006955686490982771
8330.0 0.007995471358299255
8340.0 0.009035256691277027
8350.0 0.01350452657788992
8360.0 0.014277487993240356
8370.0 0.015050450339913368
8380.0 0.01582341082394123
8390.0 0.023876717314124107
8400.0 0.029120007529854774
8410.0 0.034363310784101486
8420.0 0.03960660099983215
8430.0 0.08089157193899155
8440.0 0.07550880312919617
8450.0 0.12211710214614868
8460.0 0.1687254160642624
8470.0 0.36315828561782837
8480.0 0.35873857140541077
8490.0 0.49730023741722107
8500.0 0.635861873626709
8510.0 0.7423862218856812
8520.0 0.8489105701446533
8530.0 0.9096666574478149
8540.0 0.9704228043556213
8550.0 0.9864283204078674
8560.0 1.0024338960647583
8570.0 0.9900693893432617
8580.0 1.0025454759597778
8590.0 0.9811044335365295
8600.0 0.9825804829597473
8610.0 0.9873990416526794
8620.0 0.9942947626113892
8630.0 1.003953456878662
8640.0 1.014530897140503
8650.0 1.0130654573440552
8660.0 1.0114898681640625
8670.0 1.0143864154815674
8680.0 1.0122698545455933
8690.0 1.0101531744003296
8700.0 1.0104072093963623
8710.0 1.0106613636016846
8720.0 1.0120924711227417
8730.0 1.0135235786437988
8740.0 1.0143013000488281
8750.0 1.01716148853302
8760.0 1.019019603729248
8770.0 1.0208778381347656
8780.0 1.0221863985061646
8790.0 1.023495078086853
8800.0 1.0242414474487305
8810.0 1.0249879360198975
8820.0 1.025725245475769
8830.0 1.0264625549316406
8840.0 1.0272290706634521
8850.0 1.0279954671859741
8860.0 1.0292611122131348
8870.0 1.0305266380310059
8880.0 1.032072901725769
8890.0 1.0336191654205322
8900.0 1.0308719873428345
8910.0 1.0301743745803833
8920.0 1.0296393632888794
8930.0 1.029104232788086
8940.0 1.028569221496582
8950.0 1.0280429124832153
8960.0 1.0275166034698486
8970.0 1.0279405117034912
8980.0 1.0283644199371338
8990.0 1.0295014381408691
9000.0 1.030638575553894
9010.0 1.0323375463485718
9020.0 1.0340365171432495
9030.0 1.035581111907959
9040.0 1.0371257066726685
9050.0 1.0362271070480347
9060.0 1.0388225317001343
9070.0 1.0377798080444336
9080.0 1.0367372035980225
9090.0 1.033700942993164
9100.0 1.0306645631790161
9110.0 1.027868390083313
9120.0 1.0292775630950928
9130.0 1.0268133878707886
9140.0 1.025776982307434
9150.0 1.0265101194381714
9160.0 1.025935411453247
9170.0 1.0253607034683228
9180.0 1.025351643562317
9190.0 1.025342583656311
9200.0 1.0230660438537598
9210.0 1.020789623260498
9220.0 1.0186302661895752
9230.0 1.016471028327942
9240.0 1.0105031728744507
9250.0 1.004535436630249
9260.0 1.0006731748580933
9270.0 0.996811032295227
9280.0 0.9897864460945129
9290.0 0.9827618598937988
9300.0 0.9781090021133423
9310.0 0.9734561443328857
9320.0 0.9685935974121094
9330.0 0.963731050491333
9340.0 0.9552430510520935
9350.0 0.946755051612854
9360.0 0.9347245693206787
9370.0 0.9226940870285034
9380.0 0.9132857918739319
9390.0 0.9038774967193604
9400.0 0.8910428285598755
9410.0 0.8782081604003906
9420.0 0.8692389726638794
9430.0 0.8602697849273682
9440.0 0.8553800582885742
9450.0 0.8574842214584351
9460.0 0.8584928512573242
9470.0 0.8582651615142822
9480.0 0.859453022480011
9490.0 0.8606408834457397
9500.0 0.861478328704834
9510.0 0.8639500737190247
9520.0 0.8648543953895569
9530.0 0.8657587766647339
9540.0 0.8662256002426147
9550.0 0.8666924834251404
9560.0 0.8668387532234192
9570.0 0.8669850826263428
9580.0 0.8655474185943604
9590.0 0.8641098141670227
9600.0 0.8612129092216492
9610.0 0.8583160042762756
9620.0 0.8564133048057556
9630.0 0.8545106053352356
9640.0 0.8528384566307068
9650.0 0.851166307926178
9660.0 0.8505013585090637
9670.0 0.8498364686965942
9680.0 0.8479312062263489
9690.0 0.8460260033607483
9700.0 0.8441208600997925
9710.0 0.8422156572341919
9720.0 0.8375772833824158
9730.0 0.8329389095306396
9740.0 0.8280258774757385
9750.0 0.8231129050254822
9760.0 0.8168717622756958
9770.0 0.8106306791305542
9780.0 0.8024353384971619
9790.0 0.7942400574684143
9800.0 0.7874996662139893
9810.0 0.780759334564209
9820.0 0.7723845839500427
9830.0 0.7640097737312317
9840.0 0.7541176676750183
9850.0 0.7442256212234497
9860.0 0.7332963943481445
9870.0 0.7223671078681946
9880.0 0.713895320892334
9890.0 0.7054235339164734
9900.0 0.6990180015563965
9910.0 0.6926124691963196
9920.0 0.6838356852531433
9930.0 0.6750588417053223
9940.0 0.639278769493103
9950.0 0.603498637676239
9960.0 0.5299196243286133
9970.0 0.45634061098098755
9980.0 0.3656240701675415
9990.0 0.27490755915641785
10000.0 0.20309334993362427
10010.0 0.1312791407108307
10020.0 0.09226491302251816
10030.0 0.05325065925717354
10040.0 0.03743067756295204
10050.0 0.0216106828302145
10060.0 0.015487433411180973
10070.0 0.009364194236695766
10080.0 0.0072580790147185326
10090.0 0.005151974968612194
10100.0 0.004114131443202496
10110.0 0.003076288616284728
10120.0 0.0023330908734351397
10130.0 0.0015898930141702294
10140.0 0.0017445477424189448
10150.0 0.0
10160.0 0.0
10170.0 0.0
10180.0 0.0
10190.0 0.0
10200.0 0.0
