decam/transmission_system/s14/r_decam_sdss_c0002_6415.0_1480.0/2012-09-12T00:00:00.ecsv
# %ECSV 1.0
# ---
# datatype:
# - {name: wavelength, unit: Angstrom, datatype: float64}
# - {name: throughput, datatype: float64}
# meta: !!omap
# - {MODE: DETECTOR}
# - {TYPE: transmission_system}
# - {CALIBDATE: '2012-09-12T00:00:00'}
# - {INSTRUME: DECam}
# - {OBSTYPE: transmission_system}
# - {CALIBCLS: lsst.ip.isr.IntermediateSystemTransmissionCurve}
# - {DETECTOR: 13}
# - {DETECTOR_NAME: S14}
# - {SOURCE: r_band_per_detector_throughput.fits}
# - {FILTER: r DECam SDSS c0002 6415.0 1480.0}
# - {CALIB_CREATION_DATE: '2012-09-12'}
# - {CALIB_CREATION_TIME: '00:00:00'}
# schema: astropy-2.0
wavelength throughput
5350.0 0.0
5360.0 0.0
5370.0 0.0
5380.0 0.0
5390.0 0.0
5400.0 0.0
5410.0 0.0035545628052204847
5420.0 0.003953152801841497
5430.0 0.004524643532931805
5440.0 0.005096134264022112
5450.0 0.005787188187241554
5460.0 0.006478232331573963
5470.0 0.00715276412665844
5480.0 0.007827285677194595
5490.0 0.008799276314675808
5500.0 0.009771278128027916
5510.0 0.010833453387022018
5520.0 0.011895629577338696
5530.0 0.01316699106246233
5540.0 0.014438353478908539
5550.0 0.01612236723303795
5560.0 0.01780637912452221
5570.0 0.019984150305390358
5580.0 0.02216191217303276
5590.0 0.02536522038280964
5600.0 0.028568530455231667
5610.0 0.035831231623888016
5620.0 0.04309391975402832
5630.0 0.07004457712173462
5640.0 0.09699523448944092
5650.0 0.19692465662956238
5660.0 0.29685407876968384
5670.0 0.46862202882766724
5680.0 0.6403899192810059
5690.0 0.7194976806640625
5700.0 0.7986053824424744
5710.0 0.809008002281189
5720.0 0.8194107413291931
5730.0 0.8225334882736206
5740.0 0.8256562948226929
5750.0 0.827942967414856
5760.0 0.830229640007019
5770.0 0.8317236304283142
5780.0 0.8332175612449646
5790.0 0.8351103067398071
5800.0 0.8370031118392944
5810.0 0.8418233394622803
5820.0 0.8466435074806213
5830.0 0.8485237956047058
5840.0 0.8504040837287903
5850.0 0.8488835096359253
5860.0 0.8473629355430603
5870.0 0.8451178073883057
5880.0 0.8428727388381958
5890.0 0.8440132737159729
5900.0 0.8451537489891052
5910.0 0.8494644165039062
5920.0 0.853775143623352
5930.0 0.8561727404594421
5940.0 0.8585704565048218
5950.0 0.8587888479232788
5960.0 0.8590072393417358
5970.0 0.8602437973022461
5980.0 0.8614804148674011
5990.0 0.8634457588195801
6000.0 0.8654109835624695
6010.0 0.8679384589195251
6020.0 0.8704658150672913
6030.0 0.8693823218345642
6040.0 0.8736469149589539
6050.0 0.8735314607620239
6060.0 0.873416006565094
6070.0 0.8728436231613159
6080.0 0.8722712993621826
6090.0 0.8736802935600281
6100.0 0.8750892877578735
6110.0 0.8785896897315979
6120.0 0.882090151309967
6130.0 0.8849927186965942
6140.0 0.8878953456878662
6150.0 0.8895564675331116
6160.0 0.8912175893783569
6170.0 0.8922545313835144
6180.0 0.8932914733886719
6190.0 0.8930467963218689
6200.0 0.8928021192550659
6210.0 0.8937535285949707
6220.0 0.8947049379348755
6230.0 0.8953473567962646
6240.0 0.8959896564483643
6250.0 0.8967107534408569
6260.0 0.8974318504333496
6270.0 0.8992112874984741
6280.0 0.9009907245635986
6290.0 0.9024357199668884
6300.0 0.903880774974823
6310.0 0.9044448733329773
6320.0 0.9050089120864868
6330.0 0.9058006405830383
6340.0 0.9065923094749451
6350.0 0.9083980321884155
6360.0 0.9102036952972412
6370.0 0.9120288491249084
6380.0 0.9138540029525757
6390.0 0.9141201376914978
6400.0 0.9143863320350647
6410.0 0.9148166179656982
6420.0 0.915246844291687
6430.0 0.9152755737304688
6440.0 0.9153043031692505
6450.0 0.9154526591300964
6460.0 0.9156010150909424
6470.0 0.9160873889923096
6480.0 0.9165738224983215
6490.0 0.9168561697006226
6500.0 0.9171385765075684
6510.0 0.9180574417114258
6520.0 0.9189762473106384
6530.0 0.9208884835243225
6540.0 0.9228006601333618
6550.0 0.9247593879699707
6560.0 0.9267180562019348
6570.0 0.9276247024536133
6580.0 0.9285314083099365
6590.0 0.9284234642982483
6600.0 0.9283155798912048
6610.0 0.927768886089325
6620.0 0.9272221922874451
6630.0 0.9260216951370239
6640.0 0.9248211979866028
6650.0 0.925332248210907
6660.0 0.9258432388305664
6670.0 0.9281657338142395
6680.0 0.9304882287979126
6690.0 0.9323036670684814
6700.0 0.9341191649436951
6710.0 0.9349830150604248
6720.0 0.9358468651771545
6730.0 0.9353625178337097
6740.0 0.9348781704902649
6750.0 0.9340368509292603
6760.0 0.9331955909729004
6770.0 0.9335286617279053
6780.0 0.9338618516921997
6790.0 0.9348337650299072
6800.0 0.9358056783676147
6810.0 0.936164140701294
6820.0 0.9365226030349731
6830.0 0.936783492565155
6840.0 0.9370444416999817
6850.0 0.9373045563697815
6860.0 0.9375647306442261
6870.0 0.9370523691177368
6880.0 0.9365400671958923
6890.0 0.9360794425010681
6900.0 0.9356189370155334
6910.0 0.934952974319458
6920.0 0.9342870116233826
6930.0 0.9337223172187805
6940.0 0.9331576824188232
6950.0 0.9324957132339478
6960.0 0.9318336844444275
6970.0 0.931897759437561
6980.0 0.9319617748260498
6990.0 0.9323164224624634
7000.0 0.932671070098877
7010.0 0.9320688843727112
7020.0 0.9314667582511902
7030.0 0.9279198050498962
7040.0 0.9243729114532471
7050.0 0.9176529049873352
7060.0 0.9109329581260681
7070.0 0.8972523808479309
7080.0 0.8835718035697937
7090.0 0.8720844984054565
7100.0 0.8605971336364746
7110.0 0.83416748046875
7120.0 0.8077378869056702
7130.0 0.698455274105072
7140.0 0.5891726016998291
7150.0 0.4278734624385834
7160.0 0.26657435297966003
7170.0 0.17173370718955994
7180.0 0.07689306885004044
7190.0 0.05011925846338272
7200.0 0.023345448076725006
7210.0 0.01532613206654787
7220.0 0.007306816056370735
7230.0 0.005820981226861477
7240.0 0.004335157107561827
7250.0 0.0031683524139225483
7260.0 0.002001557732000947
7270.0 0.0015219124034047127
7280.0 0.0010422671912238002
7290.0 0.0008428010041825473
7300.0 0.0006433451781049371
7310.0 0.0005696527077816427
7320.0 0.00049597054021433
7330.0 0.0004501723451539874
7340.0 0.00040438456926494837
7350.0 0.0
7360.0 0.0
7370.0 0.0
7380.0 0.0
7390.0 0.0
7400.0 0.0
