decam/transmission_system/n22/z_decam_sdss_c0004_9260.0_1520.0/2012-09-12T00:00:00.ecsv
# %ECSV 1.0
# ---
# datatype:
# - {name: wavelength, unit: Angstrom, datatype: float64}
# - {name: throughput, datatype: float64}
# meta: !!omap
# - {MODE: DETECTOR}
# - {TYPE: transmission_system}
# - {CALIBDATE: '2012-09-12T00:00:00'}
# - {INSTRUME: DECam}
# - {OBSTYPE: transmission_system}
# - {CALIBCLS: lsst.ip.isr.IntermediateSystemTransmissionCurve}
# - {DETECTOR: 53}
# - {DETECTOR_NAME: N22}
# - {SOURCE: z_band_per_detector_throughput.fits}
# - {FILTER: z DECam SDSS c0004 9260.0 1520.0}
# - {CALIB_CREATION_DATE: '2012-09-12'}
# - {CALIB_CREATION_TIME: '00:00:00'}
# schema: astropy-2.0
wavelength throughput
8200.0 0.0
8210.0 0.0
8220.0 0.0
8230.0 0.0
8240.0 0.0
8250.0 0.0
8260.0 0.004449320491403341
8270.0 0.005073972512036562
8280.0 0.0059374296106398106
8290.0 0.005874921567738056
8300.0 0.005812413990497589
8310.0 0.006138297729194164
8320.0 0.007140977308154106
8330.0 0.008143666200339794
8340.0 0.009146356955170631
8350.0 0.013468833640217781
8360.0 0.014173990115523338
8370.0 0.01487914752215147
8380.0 0.015584304928779602
8390.0 0.02306205965578556
8400.0 0.027668921276926994
8410.0 0.032275792211294174
8420.0 0.036882657557725906
8430.0 0.07262162119150162
8440.0 0.06789662688970566
8450.0 0.10738690942525864
8460.0 0.1468771994113922
8470.0 0.3179132342338562
8480.0 0.3144678771495819
8490.0 0.4499166011810303
8500.0 0.585365355014801
8510.0 0.7011803984642029
8520.0 0.8169954419136047
8530.0 0.8868119716644287
8540.0 0.9566284418106079
8550.0 0.9780029058456421
8560.0 0.999377429485321
8570.0 0.9943383932113647
8580.0 1.0049160718917847
8590.0 0.9832528233528137
8600.0 0.9831374883651733
8610.0 0.984119176864624
8620.0 0.9897615909576416
8630.0 0.9992902278900146
8640.0 1.0085011720657349
8650.0 1.010148525238037
8660.0 1.0081181526184082
8670.0 1.0136463642120361
8680.0 1.012019157409668
8690.0 1.0103919506072998
8700.0 1.010255217552185
8710.0 1.0101186037063599
8720.0 1.0108733177185059
8730.0 1.0116280317306519
8740.0 1.011360764503479
8750.0 1.0154317617416382
8760.0 1.017686367034912
8770.0 1.0199410915374756
8780.0 1.0220153331756592
8790.0 1.0240896940231323
8800.0 1.0251924991607666
8810.0 1.0262951850891113
8820.0 1.0272201299667358
8830.0 1.02814519405365
8840.0 1.028321623802185
8850.0 1.0284981727600098
8860.0 1.02918541431427
8870.0 1.0298727750778198
8880.0 1.0309243202209473
8890.0 1.0319758653640747
8900.0 1.0284231901168823
8910.0 1.028258204460144
8920.0 1.0275442600250244
8930.0 1.0268301963806152
8940.0 1.026116132736206
8950.0 1.025477647781372
8960.0 1.024839162826538
8970.0 1.0250656604766846
8980.0 1.0252920389175415
8990.0 1.0263599157333374
9000.0 1.0274277925491333
9010.0 1.029178261756897
9020.0 1.0309287309646606
9030.0 1.0326274633407593
9040.0 1.034326195716858
9050.0 1.0338518619537354
9060.0 1.0366501808166504
9070.0 1.0352143049240112
9080.0 1.033778429031372
9090.0 1.0308438539505005
9100.0 1.027909278869629
9110.0 1.0244709253311157
9120.0 1.026241660118103
9130.0 1.022562861442566
9140.0 1.0228030681610107
9150.0 1.0235270261764526
9160.0 1.0233616828918457
9170.0 1.0231962203979492
9180.0 1.0237159729003906
9190.0 1.0242358446121216
9200.0 1.02243971824646
9210.0 1.020643711090088
9220.0 1.0183278322219849
9230.0 1.0160118341445923
9240.0 1.0095179080963135
9250.0 1.0030239820480347
9260.0 0.9983654618263245
9270.0 0.9937070608139038
9280.0 0.986125111579895
9290.0 0.9785431623458862
9300.0 0.9735082983970642
9310.0 0.9684733748435974
9320.0 0.9637629985809326
9330.0 0.9590526223182678
9340.0 0.9509987235069275
9350.0 0.9429448843002319
9360.0 0.9313726425170898
9370.0 0.9198004007339478
9380.0 0.9108359217643738
9390.0 0.9018715023994446
9400.0 0.8891686201095581
9410.0 0.8764656782150269
9420.0 0.8674294948577881
9430.0 0.8583933115005493
9440.0 0.8524752259254456
9450.0 0.8547990322113037
9460.0 0.8551772236824036
9470.0 0.8555121421813965
9480.0 0.8571896553039551
9490.0 0.8588672280311584
9500.0 0.858521580696106
9510.0 0.863904595375061
9520.0 0.8653994798660278
9530.0 0.8668943643569946
9540.0 0.8680906295776367
9550.0 0.8692869544029236
9560.0 0.8700196146965027
9570.0 0.8707523345947266
9580.0 0.8694460988044739
9590.0 0.8681398630142212
9600.0 0.8646773099899292
9610.0 0.8612147569656372
9620.0 0.8588380217552185
9630.0 0.8564612865447998
9640.0 0.8542314171791077
9650.0 0.8520014882087708
9660.0 0.8512827754020691
9670.0 0.8505640029907227
9680.0 0.8488094210624695
9690.0 0.8470547795295715
9700.0 0.8453002572059631
9710.0 0.8435456156730652
9720.0 0.8395551443099976
9730.0 0.8355646133422852
9740.0 0.8311508297920227
9750.0 0.8267369866371155
9760.0 0.82065349817276
9770.0 0.814569890499115
9780.0 0.8079879879951477
9790.0 0.8014060258865356
9800.0 0.794950008392334
9810.0 0.7884939908981323
9820.0 0.7813109159469604
9830.0 0.7741279006004333
9840.0 0.7664771676063538
9850.0 0.7588263750076294
9860.0 0.7502447962760925
9870.0 0.7416631579399109
9880.0 0.7354379296302795
9890.0 0.729212760925293
9900.0 0.7253411412239075
9910.0 0.7214695811271667
9920.0 0.7158819437026978
9930.0 0.7102943062782288
9940.0 0.6755698919296265
9950.0 0.6408454775810242
9960.0 0.5564884543418884
9970.0 0.4721314609050751
9980.0 0.3654715418815613
9990.0 0.2588115930557251
10000.0 0.18912948668003082
10010.0 0.11944739520549774
10020.0 0.08518864214420319
10030.0 0.05092991515994072
10040.0 0.036383189260959625
10050.0 0.021836454048752785
10060.0 0.015720723196864128
10070.0 0.009604992344975471
10080.0 0.007504703942686319
10090.0 0.005404415540397167
10100.0 0.004381838254630566
10110.0 0.0033592612016946077
10120.0 0.002589083043858409
10130.0 0.0018188945250585675
10140.0 0.0018775390926748514
10150.0 0.0
10160.0 0.0
10170.0 0.0
10180.0 0.0
10190.0 0.0
10200.0 0.0
