decam/transmission_system/s24/g_decam_sdss_c0001_4720.0_1520.0/2012-09-12T00:00:00.ecsv
# %ECSV 1.0
# ---
# datatype:
# - {name: wavelength, unit: Angstrom, datatype: float64}
# - {name: throughput, datatype: float64}
# meta: !!omap
# - {MODE: DETECTOR}
# - {TYPE: transmission_system}
# - {CALIBDATE: '2012-09-12T00:00:00'}
# - {INSTRUME: DECam}
# - {OBSTYPE: transmission_system}
# - {CALIBCLS: lsst.ip.isr.IntermediateSystemTransmissionCurve}
# - {DETECTOR: 12}
# - {DETECTOR_NAME: S24}
# - {SOURCE: g_band_per_detector_throughput.fits}
# - {FILTER: g DECam SDSS c0001 4720.0 1520.0}
# - {CALIB_CREATION_DATE: '2012-09-12'}
# - {CALIB_CREATION_TIME: '00:00:00'}
# schema: astropy-2.0
wavelength throughput
3750.0 0.0
3760.0 0.0
3770.0 0.0
3780.0 0.0
3790.0 0.0
3800.0 0.0
3810.0 0.000693941256031394
3820.0 0.001061874208971858
3830.0 0.0009698312496766448
3840.0 0.0011859344085678458
3850.0 0.0015460265567526221
3860.0 0.0019061188213527203
3870.0 0.002281352411955595
3880.0 0.0026565860025584698
3890.0 0.003251889953389764
3900.0 0.0038471936713904142
3910.0 0.003725864691659808
3920.0 0.006622086279094219
3930.0 0.013669317588210106
3940.0 0.020716557279229164
3950.0 0.020139355212450027
3960.0 0.12076256424188614
3970.0 0.2216273546218872
3980.0 0.3224921226501465
3990.0 0.31867051124572754
4000.0 0.3521825671195984
4010.0 0.3682945668697357
4020.0 0.38440656661987305
4030.0 0.38924089074134827
4040.0 0.3934125006198883
4050.0 0.3936721384525299
4060.0 0.40352997183799744
4070.0 0.4065237045288086
4080.0 0.41959962248802185
4090.0 0.4200563132762909
4100.0 0.4275040030479431
4110.0 0.4315143823623657
4120.0 0.4355247914791107
4130.0 0.4379992187023163
4140.0 0.4440102279186249
4150.0 0.44637349247932434
4160.0 0.45963534712791443
4170.0 0.4672819972038269
4180.0 0.4749286472797394
4190.0 0.47645390033721924
4200.0 0.47686806321144104
4210.0 0.4783056080341339
4220.0 0.4849703013896942
4230.0 0.4850389063358307
4240.0 0.5011639595031738
4250.0 0.5067493319511414
4260.0 0.5123347043991089
4270.0 0.515057384967804
4280.0 0.5264855623245239
4290.0 0.5259702205657959
4300.0 0.5371168851852417
4310.0 0.5409871339797974
4320.0 0.544857382774353
4330.0 0.5495123863220215
4340.0 0.5541673302650452
4350.0 0.5600484609603882
4360.0 0.5659295916557312
4370.0 0.5707699060440063
4380.0 0.5756102204322815
4390.0 0.5826249122619629
4400.0 0.5896396636962891
4410.0 0.593806266784668
4420.0 0.5979729294776917
4430.0 0.6014138460159302
4440.0 0.6048547625541687
4450.0 0.6085224747657776
4460.0 0.6121901869773865
4470.0 0.6144422888755798
4480.0 0.616694450378418
4490.0 0.6200254559516907
4500.0 0.6233564615249634
4510.0 0.6266652941703796
4520.0 0.6299741864204407
4530.0 0.6346348524093628
4540.0 0.6392955183982849
4550.0 0.641975998878479
4560.0 0.6446564197540283
4570.0 0.6456252932548523
4580.0 0.6465941667556763
4590.0 0.6508080959320068
4600.0 0.6550220251083374
4610.0 0.6588338613510132
4620.0 0.6626457571983337
4630.0 0.6653791069984436
4640.0 0.6681124567985535
4650.0 0.6708953976631165
4660.0 0.6736782789230347
4670.0 0.6736236810684204
4680.0 0.6735690236091614
4690.0 0.6747896075248718
4700.0 0.6760101914405823
4710.0 0.6786551475524902
4720.0 0.6813000440597534
4730.0 0.6851715445518494
4740.0 0.6890429854393005
4750.0 0.6933634281158447
4760.0 0.6976838111877441
4770.0 0.698651134967804
4780.0 0.6996184587478638
4790.0 0.7004647850990295
4800.0 0.7013110518455505
4810.0 0.7035757899284363
4820.0 0.7058404684066772
4830.0 0.706565797328949
4840.0 0.7072910666465759
4850.0 0.707343339920044
4860.0 0.7073955535888672
4870.0 0.7104460597038269
4880.0 0.7134965062141418
4890.0 0.7176038026809692
4900.0 0.7217111587524414
4910.0 0.7237978577613831
4920.0 0.7258845567703247
4930.0 0.7245944142341614
4940.0 0.7233041524887085
4950.0 0.7236520051956177
4960.0 0.7239999175071716
4970.0 0.7302745580673218
4980.0 0.7365493178367615
4990.0 0.739546537399292
5000.0 0.7425437569618225
5010.0 0.7446275353431702
5020.0 0.7467114329338074
5030.0 0.7484208941459656
5040.0 0.7501304745674133
5050.0 0.7519899606704712
5060.0 0.7538495063781738
5070.0 0.7562101483345032
5080.0 0.7585707902908325
5090.0 0.7606022953987122
5100.0 0.7626338005065918
5110.0 0.7620492577552795
5120.0 0.7614648342132568
5130.0 0.762223482131958
5140.0 0.7629821300506592
5150.0 0.7669016718864441
5160.0 0.770821213722229
5170.0 0.7734292149543762
5180.0 0.7760371565818787
5190.0 0.7784770727157593
5200.0 0.7809169888496399
5210.0 0.784267783164978
5220.0 0.7876186370849609
5230.0 0.7914690971374512
5240.0 0.7953196167945862
5250.0 0.7982498407363892
5260.0 0.8011799454689026
5270.0 0.8019274473190308
5280.0 0.8026749491691589
5290.0 0.8036335706710815
5300.0 0.8045921325683594
5310.0 0.8071827292442322
5320.0 0.8097732067108154
5330.0 0.8117603063583374
5340.0 0.8137475252151489
5350.0 0.8156254887580872
5360.0 0.8175034523010254
5370.0 0.8142068386077881
5380.0 0.8109103441238403
5390.0 0.8046079874038696
5400.0 0.7983056306838989
5410.0 0.7992295622825623
5420.0 0.8001534342765808
5430.0 0.8035047650337219
5440.0 0.806856095790863
5450.0 0.7410849332809448
5460.0 0.6753138303756714
5470.0 0.4772074222564697
5480.0 0.2791009843349457
5490.0 0.16463932394981384
5500.0 0.05017765611410141
5510.0 0.030673032626509666
5520.0 0.011168413795530796
5530.0 0.00693916343152523
5540.0 0.002709923777729273
5550.0 0.0018736550118774176
5560.0 0.0010373758850619197
5570.0 0.0008223423501476645
5580.0 0.0006072985706850886
5590.0 0.0005326298414729536
5600.0 0.00045796114136464894
5610.0 0.0004197440866846591
5620.0 0.00038152700290083885
5630.0 0.0003459061845205724
5640.0 0.00031027497607283294
5650.0 0.0
5660.0 0.0
5670.0 0.0
5680.0 0.0
5690.0 0.0
5700.0 0.0
