decam/transmission_system/s25/z_decam_sdss_c0004_9260.0_1520.0/2012-09-12T00:00:00.ecsv
# %ECSV 1.0
# ---
# datatype:
# - {name: wavelength, unit: Angstrom, datatype: float64}
# - {name: throughput, datatype: float64}
# meta: !!omap
# - {MODE: DETECTOR}
# - {TYPE: transmission_system}
# - {CALIBDATE: '2012-09-12T00:00:00'}
# - {INSTRUME: DECam}
# - {OBSTYPE: transmission_system}
# - {CALIBCLS: lsst.ip.isr.IntermediateSystemTransmissionCurve}
# - {DETECTOR: 4}
# - {DETECTOR_NAME: S25}
# - {SOURCE: z_band_per_detector_throughput.fits}
# - {FILTER: z DECam SDSS c0004 9260.0 1520.0}
# - {CALIB_CREATION_DATE: '2012-09-12'}
# - {CALIB_CREATION_TIME: '00:00:00'}
# schema: astropy-2.0
wavelength throughput
8200.0 0.0
8210.0 0.0
8220.0 0.0
8230.0 0.0
8240.0 0.0
8250.0 0.0
8260.0 0.005378223955631256
8270.0 0.006078074686229229
8280.0 0.008189350366592407
8290.0 0.0076793706975877285
8300.0 0.0071693905629217625
8310.0 0.008184718899428844
8320.0 0.009230215102434158
8330.0 0.0102757029235363
8340.0 0.011321199126541615
8350.0 0.015902629122138023
8360.0 0.01693812571465969
8370.0 0.017973631620407104
8380.0 0.019009126350283623
8390.0 0.028767993673682213
8400.0 0.035443905740976334
8410.0 0.0421198233962059
8420.0 0.048795733600854874
8430.0 0.10219858586788177
8440.0 0.0977182388305664
8450.0 0.15437021851539612
8460.0 0.21102218329906464
8470.0 0.41309505701065063
8480.0 0.4050857424736023
8490.0 0.5328265428543091
8500.0 0.6605674624443054
8510.0 0.7564063668251038
8520.0 0.8522452712059021
8530.0 0.9039337038993835
8540.0 0.955622136592865
8550.0 0.9668258428573608
8560.0 0.9780296683311462
8570.0 0.9699418544769287
8580.0 0.9802044630050659
8590.0 0.9652199745178223
8600.0 0.9642559885978699
8610.0 0.9713603854179382
8620.0 0.9760884046554565
8630.0 0.987053632736206
8640.0 0.995518684387207
8650.0 0.9976670742034912
8660.0 0.9945875406265259
8670.0 1.0023982524871826
8680.0 1.001947045326233
8690.0 1.0014957189559937
8700.0 1.0015623569488525
8710.0 1.0016289949417114
8720.0 1.0014859437942505
8730.0 1.0013428926467896
8740.0 1.0005016326904297
8750.0 1.0032436847686768
8760.0 1.00485360622406
8770.0 1.0064635276794434
8780.0 1.0090268850326538
8790.0 1.0115902423858643
8800.0 1.0134596824645996
8810.0 1.015329122543335
8820.0 1.0177338123321533
8830.0 1.0201385021209717
8840.0 1.021564245223999
8850.0 1.0229899883270264
8860.0 1.0243369340896606
8870.0 1.0256839990615845
8880.0 1.0266294479370117
8890.0 1.027574896812439
8900.0 1.0229002237319946
8910.0 1.0226126909255981
8920.0 1.0211848020553589
8930.0 1.0197569131851196
8940.0 1.01832914352417
8950.0 1.0171188116073608
8960.0 1.0159083604812622
8970.0 1.0164321660995483
8980.0 1.0169559717178345
8990.0 1.0185105800628662
9000.0 1.020065188407898
9010.0 1.0224950313568115
9020.0 1.024924874305725
9030.0 1.0270267724990845
9040.0 1.0291285514831543
9050.0 1.0291519165039062
9060.0 1.0327481031417847
9070.0 1.0314552783966064
9080.0 1.0301624536514282
9090.0 1.0277217626571655
9100.0 1.0252810716629028
9110.0 1.022655963897705
9120.0 1.024311900138855
9130.0 1.0223171710968018
9140.0 1.0209112167358398
9150.0 1.022145390510559
9160.0 1.0218302011489868
9170.0 1.0215150117874146
9180.0 1.022481918334961
9190.0 1.0234489440917969
9200.0 1.0225253105163574
9210.0 1.021601676940918
9220.0 1.019982933998108
9230.0 1.0183641910552979
9240.0 1.0126010179519653
9250.0 1.0068378448486328
9260.0 1.002618670463562
9270.0 0.9983994960784912
9280.0 0.9903553128242493
9290.0 0.9823111295700073
9300.0 0.9762175679206848
9310.0 0.9701239466667175
9320.0 0.9642373323440552
9330.0 0.9583507180213928
9340.0 0.949292004108429
9350.0 0.9402332305908203
9360.0 0.9283090233802795
9370.0 0.9163848757743835
9380.0 0.9080144166946411
9390.0 0.8996438980102539
9400.0 0.8879609704017639
9410.0 0.8762779831886292
9420.0 0.8683214783668518
9430.0 0.8603650331497192
9440.0 0.8532931208610535
9450.0 0.8574874401092529
9460.0 0.8589210510253906
9470.0 0.8589945435523987
9480.0 0.8604139089584351
9490.0 0.8618332743644714
9500.0 0.8617606163024902
9510.0 0.8670554757118225
9520.0 0.8688967823982239
9530.0 0.8707380890846252
9540.0 0.8728848695755005
9550.0 0.8750315308570862
9560.0 0.8773123621940613
9570.0 0.8795931935310364
9580.0 0.8799468874931335
9590.0 0.8803006410598755
9600.0 0.8778917193412781
9610.0 0.8754827976226807
9620.0 0.8733354210853577
9630.0 0.8711880445480347
9640.0 0.8684402108192444
9650.0 0.8656924366950989
9660.0 0.8635717630386353
9670.0 0.8614512085914612
9680.0 0.8582380414009094
9690.0 0.8550248742103577
9700.0 0.8518117666244507
9710.0 0.8485986590385437
9720.0 0.8448631763458252
9730.0 0.8411277532577515
9740.0 0.8371378183364868
9750.0 0.8331479430198669
9760.0 0.8267261385917664
9770.0 0.8203043937683105
9780.0 0.8136959671974182
9790.0 0.8070874214172363
9800.0 0.7972519993782043
9810.0 0.7874164581298828
9820.0 0.7777923345565796
9830.0 0.7681682109832764
9840.0 0.7586217522621155
9850.0 0.7490752935409546
9860.0 0.738541841506958
9870.0 0.7280084490776062
9880.0 0.7176418304443359
9890.0 0.7072751522064209
9900.0 0.693794310092926
9910.0 0.6803134679794312
9920.0 0.6598911881446838
9930.0 0.6394688487052917
9940.0 0.600557267665863
9950.0 0.5616456866264343
9960.0 0.5108255743980408
9970.0 0.46000540256500244
9980.0 0.40085098147392273
9990.0 0.3416966199874878
10000.0 0.2762797474861145
10010.0 0.21086286008358002
10020.0 0.15322886407375336
10030.0 0.09559488296508789
10040.0 0.06607724726200104
10050.0 0.03655961900949478
10060.0 0.0253982562571764
10070.0 0.014236893504858017
10080.0 0.010626002214848995
10090.0 0.007015109993517399
10100.0 0.005415651947259903
10110.0 0.0038161941338330507
10120.0 0.0028582436498254538
10130.0 0.001900303061120212
10140.0 0.0019078011391684413
10150.0 0.0
10160.0 0.0
10170.0 0.0
10180.0 0.0
10190.0 0.0
10200.0 0.0
