decam/transmission_system/n14/i_decam_sdss_c0003_7835.0_1470.0/2012-09-12T00:00:00.ecsv
# %ECSV 1.0
# ---
# datatype:
# - {name: wavelength, unit: Angstrom, datatype: float64}
# - {name: throughput, datatype: float64}
# meta: !!omap
# - {MODE: DETECTOR}
# - {TYPE: transmission_system}
# - {CALIBDATE: '2012-09-12T00:00:00'}
# - {INSTRUME: DECam}
# - {OBSTYPE: transmission_system}
# - {CALIBCLS: lsst.ip.isr.IntermediateSystemTransmissionCurve}
# - {DETECTOR: 45}
# - {DETECTOR_NAME: N14}
# - {SOURCE: i_band_per_detector_throughput.fits}
# - {FILTER: i DECam SDSS c0003 7835.0 1470.0}
# - {CALIB_CREATION_DATE: '2012-09-12'}
# - {CALIB_CREATION_TIME: '00:00:00'}
# schema: astropy-2.0
wavelength throughput
6700.0 0.0
6710.0 0.0
6720.0 0.0
6730.0 0.0
6740.0 0.0
6750.0 0.0
6760.0 0.0010365555062890053
6770.0 0.0011893510818481445
6780.0 0.0013421362964436412
6790.0 0.0015172079438343644
6800.0 0.0016922795912250876
6810.0 0.0019320918945595622
6820.0 0.0021718936040997505
6830.0 0.002433151239529252
6840.0 0.0026944188866764307
6850.0 0.003030905732885003
6860.0 0.0033673925790935755
6870.0 0.003779836231842637
6880.0 0.004192279186099768
6890.0 0.004719301126897335
6900.0 0.005246312823146582
6910.0 0.005878286436200142
6920.0 0.006510260049253702
6930.0 0.0074362559244036674
6940.0 0.008362251333892345
6950.0 0.009732894599437714
6960.0 0.011103537864983082
6970.0 0.013758234679698944
6980.0 0.016412919387221336
6990.0 0.022571146488189697
7000.0 0.028729362413287163
7010.0 0.04314844310283661
7020.0 0.05756750702857971
7030.0 0.08707236498594284
7040.0 0.11657723039388657
7050.0 0.16830764710903168
7060.0 0.22003810107707977
7070.0 0.2962254583835602
7080.0 0.3724128305912018
7090.0 0.46619144082069397
7100.0 0.5599700212478638
7110.0 0.6514386534690857
7120.0 0.7429072260856628
7130.0 0.8114672899246216
7140.0 0.8800273537635803
7150.0 0.9167386889457703
7160.0 0.9534500241279602
7170.0 0.9662468433380127
7180.0 0.9790436625480652
7190.0 0.9795443415641785
7200.0 0.9800449013710022
7210.0 0.9801356792449951
7220.0 0.9802265763282776
7230.0 0.9835885167121887
7240.0 0.9869505167007446
7250.0 0.9921718835830688
7260.0 0.9973933100700378
7270.0 1.0019116401672363
7280.0 1.00642991065979
7290.0 1.0065115690231323
7300.0 1.0065933465957642
7310.0 1.0042243003845215
7320.0 1.0018552541732788
7330.0 0.9998863339424133
7340.0 0.9979173541069031
7350.0 0.9981973767280579
7360.0 0.9984772801399231
7370.0 1.0006855726242065
7380.0 1.0028939247131348
7390.0 1.0059415102005005
7400.0 1.0089892148971558
7410.0 1.0102322101593018
7420.0 1.0114752054214478
7430.0 1.0118005275726318
7440.0 1.0121256113052368
7450.0 1.0119150876998901
7460.0 1.0117045640945435
7470.0 1.0113499164581299
7480.0 1.0109953880310059
7490.0 1.0111463069915771
7500.0 1.0112972259521484
7510.0 1.0111057758331299
7520.0 1.0109144449234009
7530.0 1.0109336376190186
7540.0 1.0109528303146362
7550.0 1.0100456476211548
7560.0 1.0091383457183838
7570.0 1.0076148509979248
7580.0 1.0060912370681763
7590.0 0.9971262216567993
7600.0 0.9881613254547119
7610.0 0.9897614121437073
7620.0 0.9913614392280579
7630.0 0.9922471642494202
7640.0 0.9931329488754272
7650.0 0.9963921308517456
7660.0 0.9996511936187744
7670.0 1.0014872550964355
7680.0 1.0033231973648071
7690.0 1.0041077136993408
7700.0 1.0048922300338745
7710.0 1.0059833526611328
7720.0 1.0070745944976807
7730.0 1.0079389810562134
7740.0 1.0088034868240356
7750.0 1.0113617181777954
7760.0 1.0139199495315552
7770.0 1.0144736766815186
7780.0 1.015027403831482
7790.0 1.0150285959243774
7800.0 1.0150296688079834
7810.0 1.0143816471099854
7820.0 1.0137337446212769
7830.0 1.0133405923843384
7840.0 1.0129473209381104
7850.0 1.0135540962219238
7860.0 1.0141608715057373
7870.0 1.0137834548950195
7880.0 1.0134061574935913
7890.0 1.0100961923599243
7900.0 1.0067862272262573
7910.0 1.0018930435180664
7920.0 0.9969999194145203
7930.0 0.9923093318939209
7940.0 0.9876187443733215
7950.0 0.9840418696403503
7960.0 0.9804650545120239
7970.0 0.9805163741111755
7980.0 0.9805676937103271
7990.0 0.9854372143745422
8000.0 0.9903066754341125
8010.0 0.9930476546287537
8020.0 0.99578857421875
8030.0 0.9976975321769714
8040.0 0.9996064305305481
8050.0 0.9980466961860657
8060.0 0.996487021446228
8070.0 0.9961612224578857
8080.0 0.9958354234695435
8090.0 0.9921602606773376
8100.0 0.9884850978851318
8110.0 0.9821752905845642
8120.0 0.9866349101066589
8130.0 0.9868605732917786
8140.0 0.9870862364768982
8150.0 0.9879028797149658
8160.0 0.9887195825576782
8170.0 0.9928379058837891
8180.0 0.9908530116081238
8190.0 0.9831530451774597
8200.0 0.979756772518158
8210.0 0.976360559463501
8220.0 0.9739482998847961
8230.0 0.9715360999107361
8240.0 0.9729626178741455
8250.0 0.9743892550468445
8260.0 0.9785020351409912
8270.0 0.9826148152351379
8280.0 0.9869666695594788
8290.0 0.9913184642791748
8300.0 0.9956703782081604
8310.0 1.0045865774154663
8320.0 1.0050957202911377
8330.0 1.005604863166809
8340.0 1.0061140060424805
8350.0 0.9995632171630859
8360.0 0.9967146515846252
8370.0 0.9938661456108093
8380.0 0.9910175800323486
8390.0 0.9922693967819214
8400.0 0.9869001507759094
8410.0 0.9884200692176819
8420.0 0.9899400472640991
8430.0 0.9898382425308228
8440.0 0.9958410859107971
8450.0 0.9946768283843994
8460.0 0.9935126304626465
8470.0 0.9993605613708496
8480.0 1.0052084922790527
8490.0 1.0071978569030762
8500.0 1.0091873407363892
8510.0 0.9868475198745728
8520.0 0.9645076394081116
8530.0 0.8815045356750488
8540.0 0.7985013723373413
8550.0 0.6447774767875671
8560.0 0.49105358123779297
8570.0 0.2175855040550232
8580.0 0.22006334364414215
8590.0 0.0785241648554802
8600.0 0.07821230590343475
8610.0 0.027619903907179832
8620.0 0.027869727462530136
8630.0 0.010310430079698563
8640.0 0.010712124407291412
8650.0 0.004607111681252718
8660.0 0.004180482123047113
8670.0 0.002186131663620472
8680.0 0.0017917894292622805
8690.0 0.0013974473113194108
8700.0 0.0
8710.0 0.0
8720.0 0.0
8730.0 0.0
8740.0 0.0
8750.0 0.0
