decam/transmission_system/n29/g_decam_sdss_c0001_4720.0_1520.0/2012-09-12T00:00:00.ecsv
# %ECSV 1.0
# ---
# datatype:
# - {name: wavelength, unit: Angstrom, datatype: float64}
# - {name: throughput, datatype: float64}
# meta: !!omap
# - {MODE: DETECTOR}
# - {TYPE: transmission_system}
# - {CALIBDATE: '2012-09-12T00:00:00'}
# - {INSTRUME: DECam}
# - {OBSTYPE: transmission_system}
# - {CALIBCLS: lsst.ip.isr.IntermediateSystemTransmissionCurve}
# - {DETECTOR: 60}
# - {DETECTOR_NAME: N29}
# - {SOURCE: g_band_per_detector_throughput.fits}
# - {FILTER: g DECam SDSS c0001 4720.0 1520.0}
# - {CALIB_CREATION_DATE: '2012-09-12'}
# - {CALIB_CREATION_TIME: '00:00:00'}
# schema: astropy-2.0
wavelength throughput
3750.0 0.0
3760.0 0.0
3770.0 0.0
3780.0 0.0
3790.0 0.0
3800.0 0.0
3810.0 0.000833361002150923
3820.0 0.001140073873102665
3830.0 0.0011783532099798322
3840.0 0.001429879805073142
3850.0 0.001689236843958497
3860.0 0.0019485937664285302
3870.0 0.002266958588734269
3880.0 0.00258532352745533
3890.0 0.0032941882964223623
3900.0 0.004003042355179787
3910.0 0.003618026152253151
3920.0 0.0069620003923773766
3930.0 0.014214305207133293
3940.0 0.021466610953211784
3950.0 0.021985594183206558
3960.0 0.12126867473125458
3970.0 0.21000376343727112
3980.0 0.29873886704444885
3990.0 0.30083274841308594
4000.0 0.3294835090637207
4010.0 0.34507542848587036
4020.0 0.3606673777103424
4030.0 0.36411792039871216
4040.0 0.37379351258277893
4050.0 0.37318575382232666
4060.0 0.38541892170906067
4070.0 0.38784781098365784
4080.0 0.4000606834888458
4090.0 0.39962315559387207
4100.0 0.4085629880428314
4110.0 0.41382133960723877
4120.0 0.41907966136932373
4130.0 0.4203861653804779
4140.0 0.4296548068523407
4150.0 0.4307345747947693
4160.0 0.4479358494281769
4170.0 0.45513299107551575
4180.0 0.4623301327228546
4190.0 0.4624329209327698
4200.0 0.46401622891426086
4210.0 0.4655160903930664
4220.0 0.47661328315734863
4230.0 0.4760584533214569
4240.0 0.49242082238197327
4250.0 0.4982864260673523
4260.0 0.5041519999504089
4270.0 0.5068292617797852
4280.0 0.5190550684928894
4290.0 0.5178797245025635
4300.0 0.5298100113868713
4310.0 0.5348546504974365
4320.0 0.5398992300033569
4330.0 0.5461445450782776
4340.0 0.5523898601531982
4350.0 0.5577584505081177
4360.0 0.5631271600723267
4370.0 0.5689812302589417
4380.0 0.5748353004455566
4390.0 0.582072377204895
4400.0 0.5893094539642334
4410.0 0.5939781665802002
4420.0 0.5986468195915222
4430.0 0.6024302840232849
4440.0 0.6062136888504028
4450.0 0.6098483204841614
4460.0 0.6134828925132751
4470.0 0.6161891222000122
4480.0 0.6188952922821045
4490.0 0.622164785861969
4500.0 0.6254344582557678
4510.0 0.6289840936660767
4520.0 0.6325337886810303
4530.0 0.6370372772216797
4540.0 0.6415406465530396
4550.0 0.6436831951141357
4560.0 0.6458257436752319
4570.0 0.646859884262085
4580.0 0.647894024848938
4590.0 0.6530360579490662
4600.0 0.6581781506538391
4610.0 0.6624336838722229
4620.0 0.6666892170906067
4630.0 0.6696991920471191
4640.0 0.6727091073989868
4650.0 0.6747332811355591
4660.0 0.6767574548721313
4670.0 0.6762843132019043
4680.0 0.6758111715316772
4690.0 0.676971435546875
4700.0 0.678131639957428
4710.0 0.6816674470901489
4720.0 0.6852032542228699
4730.0 0.6901209950447083
4740.0 0.6950386762619019
4750.0 0.69894939661026
4760.0 0.7028600573539734
4770.0 0.7032912969589233
4780.0 0.7037224769592285
4790.0 0.7052043080329895
4800.0 0.7066861391067505
4810.0 0.7092929482460022
4820.0 0.7118996977806091
4830.0 0.7121456861495972
4840.0 0.7123916149139404
4850.0 0.7130751013755798
4860.0 0.7137585282325745
4870.0 0.7174280285835266
4880.0 0.7210975289344788
4890.0 0.7245675325393677
4900.0 0.7280375361442566
4910.0 0.7288271188735962
4920.0 0.7296167612075806
4930.0 0.7275770306587219
4940.0 0.7255373001098633
4950.0 0.7269878387451172
4960.0 0.7284383177757263
4970.0 0.735842227935791
4980.0 0.7432460784912109
4990.0 0.7458184361457825
5000.0 0.748390793800354
5010.0 0.7507224082946777
5020.0 0.7530539631843567
5030.0 0.7542337775230408
5040.0 0.7554135918617249
5050.0 0.7572125792503357
5060.0 0.7590116262435913
5070.0 0.7615763545036316
5080.0 0.7641412019729614
5090.0 0.7657480835914612
5100.0 0.7673550248146057
5110.0 0.7672428488731384
5120.0 0.7671306729316711
5130.0 0.7676479816436768
5140.0 0.7681653499603271
5150.0 0.7708643078804016
5160.0 0.7735632658004761
5170.0 0.7761102914810181
5180.0 0.7786572575569153
5190.0 0.7816954851150513
5200.0 0.7847337126731873
5210.0 0.7883350253105164
5220.0 0.7919362783432007
5230.0 0.7950509190559387
5240.0 0.798165500164032
5250.0 0.8006563782691956
5260.0 0.8031471967697144
5270.0 0.8040379285812378
5280.0 0.804928719997406
5290.0 0.8059929013252258
5300.0 0.8070570230484009
5310.0 0.8099887371063232
5320.0 0.8129205703735352
5330.0 0.8149129748344421
5340.0 0.8169053196907043
5350.0 0.8181471228599548
5360.0 0.8193888664245605
5370.0 0.8154762387275696
5380.0 0.8115636110305786
5390.0 0.8072817325592041
5400.0 0.8029999732971191
5410.0 0.8052849173545837
5420.0 0.8075699210166931
5430.0 0.8011280298233032
5440.0 0.7946861982345581
5450.0 0.6796631217002869
5460.0 0.5646400451660156
5470.0 0.3702172040939331
5480.0 0.175794318318367
5490.0 0.10314081609249115
5500.0 0.030487297102808952
5510.0 0.01901921071112156
5520.0 0.007551125250756741
5530.0 0.004767539910972118
5540.0 0.00198395480401814
5550.0 0.0014443981926888227
5560.0 0.0009048310457728803
5570.0 0.0007431873236782849
5580.0 0.0005815436015836895
5590.0 0.0005246126092970371
5600.0 0.0004676919779740274
5610.0 0.00042413698974996805
5620.0 0.0003805819433182478
5630.0 0.00035665472387336195
5640.0 0.00033271711436100304
5650.0 0.0
5660.0 0.0
5670.0 0.0
5680.0 0.0
5690.0 0.0
5700.0 0.0
