decam/transmission_system/n19/z_decam_sdss_c0004_9260.0_1520.0/2012-09-12T00:00:00.ecsv
# %ECSV 1.0
# ---
# datatype:
# - {name: wavelength, unit: Angstrom, datatype: float64}
# - {name: throughput, datatype: float64}
# meta: !!omap
# - {MODE: DETECTOR}
# - {TYPE: transmission_system}
# - {CALIBDATE: '2012-09-12T00:00:00'}
# - {INSTRUME: DECam}
# - {OBSTYPE: transmission_system}
# - {CALIBCLS: lsst.ip.isr.IntermediateSystemTransmissionCurve}
# - {DETECTOR: 50}
# - {DETECTOR_NAME: N19}
# - {SOURCE: z_band_per_detector_throughput.fits}
# - {FILTER: z DECam SDSS c0004 9260.0 1520.0}
# - {CALIB_CREATION_DATE: '2012-09-12'}
# - {CALIB_CREATION_TIME: '00:00:00'}
# schema: astropy-2.0
wavelength throughput
8200.0 0.0
8210.0 0.0
8220.0 0.0
8230.0 0.0
8240.0 0.0
8250.0 0.0
8260.0 0.005278392694890499
8270.0 0.005866312421858311
8280.0 0.005281549412757158
8290.0 0.0059967488050460815
8300.0 0.006711948662996292
8310.0 0.007123415824025869
8320.0 0.00830004457384348
8330.0 0.009476663544774055
8340.0 0.010653293691575527
8350.0 0.015550792217254639
8360.0 0.0166214220225811
8370.0 0.017692049965262413
8380.0 0.01876268908381462
8390.0 0.028774319216609
8400.0 0.03567446768283844
8410.0 0.042574603110551834
8420.0 0.049474749714136124
8430.0 0.10456328839063644
8440.0 0.09923826158046722
8450.0 0.16002680361270905
8460.0 0.22081536054611206
8470.0 0.436951607465744
8480.0 0.4310043156147003
8490.0 0.5658867955207825
8500.0 0.700769305229187
8510.0 0.7932015061378479
8520.0 0.8856337070465088
8530.0 0.9320008158683777
8540.0 0.9783679246902466
8550.0 0.9845449328422546
8560.0 0.9907220005989075
8570.0 0.978638231754303
8580.0 0.9889867305755615
8590.0 0.9743923544883728
8600.0 0.9740368127822876
8610.0 0.9825603365898132
8620.0 0.9874753355979919
8630.0 0.9982414245605469
8640.0 1.0069693326950073
8650.0 1.0073091983795166
8660.0 1.0058388710021973
8670.0 1.0092767477035522
8680.0 1.0079429149627686
8690.0 1.0066090822219849
8700.0 1.0072458982467651
8710.0 1.0078827142715454
8720.0 1.0093225240707397
8730.0 1.010762333869934
8740.0 1.0092483758926392
8750.0 1.0131481885910034
8760.0 1.0147206783294678
8770.0 1.0162930488586426
8780.0 1.0173358917236328
8790.0 1.0183788537979126
8800.0 1.0194809436798096
8810.0 1.020582914352417
8820.0 1.0218392610549927
8830.0 1.023095726966858
8840.0 1.0240269899368286
8850.0 1.0249582529067993
8860.0 1.0262151956558228
8870.0 1.0274720191955566
8880.0 1.028852105140686
8890.0 1.030232310295105
8900.0 1.0265618562698364
8910.0 1.0266000032424927
8920.0 1.0259816646575928
8930.0 1.0253632068634033
8940.0 1.0247447490692139
8950.0 1.0245680809020996
8960.0 1.0243914127349854
8970.0 1.0249558687210083
8980.0 1.0255203247070312
8990.0 1.0268710851669312
9000.0 1.028221845626831
9010.0 1.0298033952713013
9020.0 1.031385064125061
9030.0 1.0326659679412842
9040.0 1.0339467525482178
9050.0 1.0330612659454346
9060.0 1.035891056060791
9070.0 1.0346436500549316
9080.0 1.0333961248397827
9090.0 1.0310132503509521
9100.0 1.0286303758621216
9110.0 1.0263601541519165
9120.0 1.0275495052337646
9130.0 1.025093913078308
9140.0 1.0245057344436646
9150.0 1.0254185199737549
9160.0 1.0245481729507446
9170.0 1.0236778259277344
9180.0 1.0235669612884521
9190.0 1.0234562158584595
9200.0 1.0212371349334717
9210.0 1.0190180540084839
9220.0 1.016789436340332
9230.0 1.0145608186721802
9240.0 1.008581519126892
9250.0 1.002602219581604
9260.0 0.9988789558410645
9270.0 0.9951555728912354
9280.0 0.9882284998893738
9290.0 0.9813014268875122
9300.0 0.9765499830245972
9310.0 0.9717985987663269
9320.0 0.9669442772865295
9330.0 0.9620899558067322
9340.0 0.9534545540809631
9350.0 0.9448191523551941
9360.0 0.9329035878181458
9370.0 0.9209880232810974
9380.0 0.9118791818618774
9390.0 0.902770459651947
9400.0 0.8904792666435242
9410.0 0.8781880736351013
9420.0 0.8697683215141296
9430.0 0.8613486289978027
9440.0 0.8554111123085022
9450.0 0.8589290976524353
9460.0 0.8595651388168335
9470.0 0.8600906133651733
9480.0 0.8616570830345154
9490.0 0.8632236123085022
9500.0 0.8628107309341431
9510.0 0.8662804365158081
9520.0 0.8670307397842407
9530.0 0.8677811026573181
9540.0 0.8684296011924744
9550.0 0.8690781593322754
9560.0 0.8695406913757324
9570.0 0.8700031638145447
9580.0 0.8689498901367188
9590.0 0.8678966164588928
9600.0 0.8654296398162842
9610.0 0.8629626631736755
9620.0 0.8611556887626648
9630.0 0.859348714351654
9640.0 0.8576079607009888
9650.0 0.8558671474456787
9660.0 0.8548029065132141
9670.0 0.8537386059761047
9680.0 0.8511656522750854
9690.0 0.8485928177833557
9700.0 0.8460199236869812
9710.0 0.8434470295906067
9720.0 0.838927686214447
9730.0 0.8344084024429321
9740.0 0.8294520378112793
9750.0 0.8244956731796265
9760.0 0.8180721402168274
9770.0 0.8116486668586731
9780.0 0.8039738535881042
9790.0 0.7962989807128906
9800.0 0.788006067276001
9810.0 0.7797131538391113
9820.0 0.7704422473907471
9830.0 0.761171281337738
9840.0 0.750847578048706
9850.0 0.7405238151550293
9860.0 0.7288739681243896
9870.0 0.71722412109375
9880.0 0.7067975997924805
9890.0 0.6963711380958557
9900.0 0.684340238571167
9910.0 0.6723092794418335
9920.0 0.6547629237174988
9930.0 0.6372165083885193
9940.0 0.5998346209526062
9950.0 0.5624527335166931
9960.0 0.50901198387146
9970.0 0.4555712938308716
9980.0 0.3886764943599701
9990.0 0.3217816650867462
10000.0 0.2557123899459839
10010.0 0.18964311480522156
10020.0 0.13879403471946716
10030.0 0.08794493973255157
10040.0 0.061724528670310974
10050.0 0.03550412133336067
10060.0 0.024939360097050667
10070.0 0.014374598860740662
10080.0 0.01065677311271429
10090.0 0.0069389562122523785
10100.0 0.00532484520226717
10110.0 0.003710733726620674
10120.0 0.0027132572140544653
10130.0 0.0017157705733552575
10140.0 0.0018227576510980725
10150.0 0.0
10160.0 0.0
10170.0 0.0
10180.0 0.0
10190.0 0.0
10200.0 0.0
