decam/transmission_system/n22/y_decam_c0005_10095.0_1130.0/2012-09-12T00:00:00.ecsv
# %ECSV 1.0
# ---
# datatype:
# - {name: wavelength, unit: Angstrom, datatype: float64}
# - {name: throughput, datatype: float64}
# meta: !!omap
# - {MODE: DETECTOR}
# - {TYPE: transmission_system}
# - {CALIBDATE: '2012-09-12T00:00:00'}
# - {INSTRUME: DECam}
# - {OBSTYPE: transmission_system}
# - {CALIBCLS: lsst.ip.isr.IntermediateSystemTransmissionCurve}
# - {DETECTOR: 53}
# - {DETECTOR_NAME: N22}
# - {SOURCE: Y_band_per_detector_throughput.fits}
# - {FILTER: Y DECam c0005 10095.0 1130.0}
# - {CALIB_CREATION_DATE: '2012-09-12'}
# - {CALIB_CREATION_TIME: '00:00:00'}
# schema: astropy-2.0
wavelength throughput
9250.0 0.0
9260.0 0.0
9270.0 0.0
9280.0 0.0
9290.0 0.0
9300.0 0.0
9310.0 0.005979426670819521
9320.0 0.006815934553742409
9330.0 0.0076524317264556885
9340.0 0.008776730857789516
9350.0 0.00990102905780077
9360.0 0.011286897584795952
9370.0 0.01267277542501688
9380.0 0.014927261509001255
9390.0 0.0171817597001791
9400.0 0.021202227100729942
9410.0 0.02522268518805504
9420.0 0.03330926597118378
9430.0 0.04139584302902222
9440.0 0.060727741569280624
9450.0 0.08005962520837784
9460.0 0.0785425528883934
9470.0 0.16478481888771057
9480.0 0.16662460565567017
9490.0 0.32458528876304626
9500.0 0.3321792781352997
9510.0 0.5542106628417969
9520.0 0.6511164903640747
9530.0 0.7480222582817078
9540.0 0.7886223793029785
9550.0 0.829222559928894
9560.0 0.8361290693283081
9570.0 0.8430356979370117
9580.0 0.8413602709770203
9590.0 0.8396848440170288
9600.0 0.8373056650161743
9610.0 0.8349264860153198
9620.0 0.8321768045425415
9630.0 0.8294270634651184
9640.0 0.8277759552001953
9650.0 0.8261248469352722
9660.0 0.8246701955795288
9670.0 0.8232155442237854
9680.0 0.8195634484291077
9690.0 0.8159113526344299
9700.0 0.814175546169281
9710.0 0.8124396800994873
9720.0 0.8039219379425049
9730.0 0.7954041957855225
9740.0 0.7896076440811157
9750.0 0.783811092376709
9760.0 0.7770783305168152
9770.0 0.7703454494476318
9780.0 0.7637417316436768
9790.0 0.7571380138397217
9800.0 0.751129150390625
9810.0 0.7451202869415283
9820.0 0.7393192648887634
9830.0 0.7335183024406433
9840.0 0.7264917492866516
9850.0 0.7194651961326599
9860.0 0.7128275036811829
9870.0 0.7061898112297058
9880.0 0.6970858573913574
9890.0 0.6879818439483643
9900.0 0.6795579195022583
9910.0 0.6711338758468628
9920.0 0.6615248322486877
9930.0 0.6519157290458679
9940.0 0.6440083384513855
9950.0 0.6361009478569031
9960.0 0.6265479326248169
9970.0 0.6169949173927307
9980.0 0.6078923344612122
9990.0 0.598789632320404
10000.0 0.5886136293411255
10010.0 0.5784376859664917
10020.0 0.567751944065094
10030.0 0.5570663213729858
10040.0 0.5457203388214111
10050.0 0.5343742966651917
10060.0 0.523886501789093
10070.0 0.5133986473083496
10080.0 0.501811146736145
10090.0 0.49022355675697327
10100.0 0.4780118763446808
10110.0 0.4658002257347107
10120.0 0.4534814953804016
10130.0 0.4411627948284149
10140.0 0.4297219514846802
10150.0 0.4182811379432678
10160.0 0.40749260783195496
10170.0 0.3967041075229645
10180.0 0.3850126564502716
10190.0 0.3733212649822235
10200.0 0.36238893866539
10210.0 0.3514566123485565
10220.0 0.3403714597225189
10230.0 0.3292863070964813
10240.0 0.3182283639907837
10250.0 0.30717045068740845
10260.0 0.2968011200428009
10270.0 0.28643175959587097
10280.0 0.27717846632003784
10290.0 0.2679251730442047
10300.0 0.2576529085636139
10310.0 0.24738062918186188
10320.0 0.23744645714759827
10330.0 0.22751227021217346
10340.0 0.2165587693452835
10350.0 0.20560525357723236
10360.0 0.19313322007656097
10370.0 0.1806611865758896
10380.0 0.17288975417613983
10390.0 0.16511835157871246
10400.0 0.16042788326740265
10410.0 0.15573744475841522
10420.0 0.1516258865594864
10430.0 0.14751432836055756
10440.0 0.14351408183574677
10450.0 0.13951383531093597
10460.0 0.13574299216270447
10470.0 0.13197213411331177
10480.0 0.12851323187351227
10490.0 0.12505432963371277
10500.0 0.12104373425245285
10510.0 0.11703311651945114
10520.0 0.11423797905445099
10530.0 0.11144284158945084
10540.0 0.10943640023469925
10550.0 0.10742995887994766
10560.0 0.10624458640813828
10570.0 0.10505923628807068
10580.0 0.10350600630044937
10590.0 0.10195278376340866
10600.0 0.09792959690093994
10610.0 0.09390641003847122
10620.0 0.08402015268802643
10630.0 0.07413388043642044
10640.0 0.05996629595756531
10650.0 0.04579871520400047
10660.0 0.03360791876912117
10670.0 0.021417126059532166
10680.0 0.01490393653512001
10690.0 0.008390748873353004
10700.0 0.0
10710.0 0.0
10720.0 0.0
10730.0 0.0
10740.0 0.0
10750.0 0.0
