decam/transmission_system/n7/z_decam_sdss_c0004_9260.0_1520.0/2012-09-12T00:00:00.ecsv
# %ECSV 1.0
# ---
# datatype:
# - {name: wavelength, unit: Angstrom, datatype: float64}
# - {name: throughput, datatype: float64}
# meta: !!omap
# - {MODE: DETECTOR}
# - {TYPE: transmission_system}
# - {CALIBDATE: '2012-09-12T00:00:00'}
# - {INSTRUME: DECam}
# - {OBSTYPE: transmission_system}
# - {CALIBCLS: lsst.ip.isr.IntermediateSystemTransmissionCurve}
# - {DETECTOR: 38}
# - {DETECTOR_NAME: N7}
# - {SOURCE: z_band_per_detector_throughput.fits}
# - {FILTER: z DECam SDSS c0004 9260.0 1520.0}
# - {CALIB_CREATION_DATE: '2012-09-12'}
# - {CALIB_CREATION_TIME: '00:00:00'}
# schema: astropy-2.0
wavelength throughput
8200.0 0.0
8210.0 0.0
8220.0 0.0
8230.0 0.0
8240.0 0.0
8250.0 0.0
8260.0 0.005816287826746702
8270.0 0.006448956672102213
8280.0 0.005377123598009348
8290.0 0.006348771974444389
8300.0 0.007320410571992397
8310.0 0.007847369648516178
8320.0 0.009029046632349491
8330.0 0.010210712440311909
8340.0 0.011392389424145222
8350.0 0.016492696478962898
8360.0 0.01758996583521366
8370.0 0.01868722029030323
8380.0 0.01978447660803795
8390.0 0.03012954071164131
8400.0 0.037585821002721786
8410.0 0.04504208639264107
8420.0 0.05249836668372154
8430.0 0.11143163591623306
8440.0 0.1056596040725708
8450.0 0.16792245209217072
8460.0 0.23018530011177063
8470.0 0.4404037892818451
8480.0 0.43395909667015076
8490.0 0.5639715790748596
8500.0 0.6939840316772461
8510.0 0.785958468914032
8520.0 0.8779329657554626
8530.0 0.9239448308944702
8540.0 0.969956636428833
8550.0 0.9776490926742554
8560.0 0.9853415489196777
8570.0 0.975932776927948
8580.0 0.9861871004104614
8590.0 0.9715096950531006
8600.0 0.9710426330566406
8610.0 0.9783552289009094
8620.0 0.9837483167648315
8630.0 0.9930921792984009
8640.0 1.0015497207641602
8650.0 1.0031119585037231
8660.0 1.0004103183746338
8670.0 1.0064712762832642
8680.0 1.0054877996444702
8690.0 1.0045043230056763
8700.0 1.0051283836364746
8710.0 1.0057525634765625
8720.0 1.0064111948013306
8730.0 1.0070699453353882
8740.0 1.006840705871582
8750.0 1.0091060400009155
8760.0 1.0103000402450562
8770.0 1.0114940404891968
8780.0 1.0130553245544434
8790.0 1.01461660861969
8800.0 1.0167393684387207
8810.0 1.0188621282577515
8820.0 1.0209985971450806
8830.0 1.0231349468231201
8840.0 1.0248979330062866
8850.0 1.0266609191894531
8860.0 1.0281895399093628
8870.0 1.029718041419983
8880.0 1.0306710004806519
8890.0 1.0316238403320312
8900.0 1.029032588005066
8910.0 1.0272351503372192
8920.0 1.026206374168396
8930.0 1.0251774787902832
8940.0 1.02414870262146
8950.0 1.0236200094223022
8960.0 1.023091197013855
8970.0 1.023340106010437
8980.0 1.0235888957977295
8990.0 1.025147557258606
9000.0 1.0267060995101929
9010.0 1.0286803245544434
9020.0 1.0306545495986938
9030.0 1.0325506925582886
9040.0 1.0344469547271729
9050.0 1.0342419147491455
9060.0 1.0377044677734375
9070.0 1.036495566368103
9080.0 1.0352866649627686
9090.0 1.0328513383865356
9100.0 1.0304160118103027
9110.0 1.0278065204620361
9120.0 1.0281970500946045
9130.0 1.0267155170440674
9140.0 1.0253053903579712
9150.0 1.026932954788208
9160.0 1.0264575481414795
9170.0 1.025982141494751
9180.0 1.0267585515975952
9190.0 1.027535080909729
9200.0 1.0264147520065308
9210.0 1.0252944231033325
9220.0 1.0237046480178833
9230.0 1.0221149921417236
9240.0 1.0165879726409912
9250.0 1.0110607147216797
9260.0 1.0071356296539307
9270.0 1.003210425376892
9280.0 0.9951782822608948
9290.0 0.987146258354187
9300.0 0.9812849760055542
9310.0 0.9754237532615662
9320.0 0.9693594574928284
9330.0 0.963295042514801
9340.0 0.9539885520935059
9350.0 0.9446821212768555
9360.0 0.9326759576797485
9370.0 0.9206697344779968
9380.0 0.9118483662605286
9390.0 0.9030270576477051
9400.0 0.8910666704177856
9410.0 0.8791062235832214
9420.0 0.8708463907241821
9430.0 0.862586498260498
9440.0 0.8571599125862122
9450.0 0.859857976436615
9460.0 0.8606662154197693
9470.0 0.859801173210144
9480.0 0.8608318567276001
9490.0 0.8618625402450562
9500.0 0.8619654774665833
9510.0 0.8645933270454407
9520.0 0.8658069968223572
9530.0 0.8670207262039185
9540.0 0.8685490489006042
9550.0 0.8700773119926453
9560.0 0.8714827299118042
9570.0 0.8728880882263184
9580.0 0.8725282549858093
9590.0 0.8721684217453003
9600.0 0.8697580695152283
9610.0 0.8673476576805115
9620.0 0.8648636341094971
9630.0 0.8623796105384827
9640.0 0.8591648936271667
9650.0 0.8559502363204956
9660.0 0.8534891605377197
9670.0 0.8510281443595886
9680.0 0.8480965495109558
9690.0 0.8451650142669678
9700.0 0.8422335386276245
9710.0 0.8393019437789917
9720.0 0.8345765471458435
9730.0 0.8298512101173401
9740.0 0.8248750567436218
9750.0 0.8198989033699036
9760.0 0.8131097555160522
9770.0 0.8063205480575562
9780.0 0.7969423532485962
9790.0 0.7875641584396362
9800.0 0.7789537310600281
9810.0 0.7703432440757751
9820.0 0.7608158588409424
9830.0 0.7512884140014648
9840.0 0.7411665916442871
9850.0 0.7310448884963989
9860.0 0.7201221585273743
9870.0 0.7091993093490601
9880.0 0.698662519454956
9890.0 0.6881256699562073
9900.0 0.6743185520172119
9910.0 0.6605115532875061
9920.0 0.6401075124740601
9930.0 0.619703471660614
9940.0 0.5822944641113281
9950.0 0.544885516166687
9960.0 0.496787965297699
9970.0 0.44869038462638855
9980.0 0.39113175868988037
9990.0 0.3335731029510498
10000.0 0.27310606837272644
10010.0 0.21263901889324188
10020.0 0.1578383594751358
10030.0 0.10303768515586853
10040.0 0.07165709137916565
10050.0 0.04027649015188217
10060.0 0.027960825711488724
10070.0 0.015645161271095276
10080.0 0.011484608054161072
10090.0 0.007324045058339834
10100.0 0.005586341023445129
10110.0 0.003848647465929389
10120.0 0.002833173843100667
10130.0 0.001817700220271945
10140.0 0.00186881551053375
10150.0 0.0
10160.0 0.0
10170.0 0.0
10180.0 0.0
10190.0 0.0
10200.0 0.0
