decam/transmission_system/s2/g_decam_sdss_c0001_4720.0_1520.0/2012-09-12T00:00:00.ecsv
# %ECSV 1.0
# ---
# datatype:
# - {name: wavelength, unit: Angstrom, datatype: float64}
# - {name: throughput, datatype: float64}
# meta: !!omap
# - {MODE: DETECTOR}
# - {TYPE: transmission_system}
# - {CALIBDATE: '2012-09-12T00:00:00'}
# - {INSTRUME: DECam}
# - {OBSTYPE: transmission_system}
# - {CALIBCLS: lsst.ip.isr.IntermediateSystemTransmissionCurve}
# - {DETECTOR: 26}
# - {DETECTOR_NAME: S2}
# - {SOURCE: g_band_per_detector_throughput.fits}
# - {FILTER: g DECam SDSS c0001 4720.0 1520.0}
# - {CALIB_CREATION_DATE: '2012-09-12'}
# - {CALIB_CREATION_TIME: '00:00:00'}
# schema: astropy-2.0
wavelength throughput
3750.0 0.0
3760.0 0.0
3770.0 0.0
3780.0 0.0
3790.0 0.0
3800.0 0.0
3810.0 0.0007318052812479436
3820.0 0.0008552319486625493
3830.0 0.0008629999356344342
3840.0 0.0011617683339864016
3850.0 0.001421706867404282
3860.0 0.0016816452844068408
3870.0 0.002043326385319233
3880.0 0.0024049971252679825
3890.0 0.002934407675638795
3900.0 0.0034638182260096073
3910.0 0.0033463421277701855
3920.0 0.006173450965434313
3930.0 0.012130290269851685
3940.0 0.018087118864059448
3950.0 0.019094763323664665
3960.0 0.10802403837442398
3970.0 0.21332955360412598
3980.0 0.3186350166797638
3990.0 0.3156905472278595
4000.0 0.35734251141548157
4010.0 0.3738642632961273
4020.0 0.39038604497909546
4030.0 0.39513683319091797
4040.0 0.4022632837295532
4050.0 0.40227848291397095
4060.0 0.41075387597084045
4070.0 0.41442352533340454
4080.0 0.42633649706840515
4090.0 0.4265764057636261
4100.0 0.4327603578567505
4110.0 0.43681469559669495
4120.0 0.4408690929412842
4130.0 0.442912757396698
4140.0 0.4496607482433319
4150.0 0.4515340328216553
4160.0 0.46526187658309937
4170.0 0.4723860025405884
4180.0 0.4795101284980774
4190.0 0.48017311096191406
4200.0 0.48079484701156616
4210.0 0.4822678565979004
4220.0 0.487826943397522
4230.0 0.4875580966472626
4240.0 0.5035123229026794
4250.0 0.5079939961433411
4260.0 0.5124756097793579
4270.0 0.5153276324272156
4280.0 0.5271167159080505
4290.0 0.5263720154762268
4300.0 0.5379140973091125
4310.0 0.5415591597557068
4320.0 0.5452041625976562
4330.0 0.5499425530433655
4340.0 0.5546809434890747
4350.0 0.5607792735099792
4360.0 0.566877543926239
4370.0 0.5719184279441833
4380.0 0.5769593119621277
4390.0 0.5837462544441223
4400.0 0.5905333161354065
4410.0 0.5947667360305786
4420.0 0.5990002155303955
4430.0 0.6024044156074524
4440.0 0.6058086156845093
4450.0 0.6088437438011169
4460.0 0.6118789315223694
4470.0 0.6147412061691284
4480.0 0.6176035404205322
4490.0 0.6210210919380188
4500.0 0.6244386434555054
4510.0 0.6276385188102722
4520.0 0.6308383345603943
4530.0 0.6355941295623779
4540.0 0.6403498649597168
4550.0 0.6422882080078125
4560.0 0.644226610660553
4570.0 0.6452982425689697
4580.0 0.6463698148727417
4590.0 0.6504867076873779
4600.0 0.6546036005020142
4610.0 0.6586433053016663
4620.0 0.6626830697059631
4630.0 0.6659367680549622
4640.0 0.6691904664039612
4650.0 0.6714393496513367
4660.0 0.6736882328987122
4670.0 0.6734771132469177
4680.0 0.6732659339904785
4690.0 0.6742751002311707
4700.0 0.6752842664718628
4710.0 0.6783382892608643
4720.0 0.6813923120498657
4730.0 0.6853782534599304
4740.0 0.6893642544746399
4750.0 0.6938362121582031
4760.0 0.6983082294464111
4770.0 0.6994391679763794
4780.0 0.7005700469017029
4790.0 0.7007126808166504
4800.0 0.7008553147315979
4810.0 0.7039520144462585
4820.0 0.7070487141609192
4830.0 0.7082134485244751
4840.0 0.709378182888031
4850.0 0.7084090709686279
4860.0 0.7074400186538696
4870.0 0.7104806900024414
4880.0 0.7135213017463684
4890.0 0.7176156640052795
4900.0 0.7217099666595459
4910.0 0.72319495677948
4920.0 0.7246798872947693
4930.0 0.7233504056930542
4940.0 0.7220209240913391
4950.0 0.7226227521896362
4960.0 0.7232246994972229
4970.0 0.7285626530647278
4980.0 0.7339007258415222
4990.0 0.7366342544555664
5000.0 0.7393677234649658
5010.0 0.7422587871551514
5020.0 0.7451497912406921
5030.0 0.7463581562042236
5040.0 0.7475664615631104
5050.0 0.7489878535270691
5060.0 0.7504092454910278
5070.0 0.7535321116447449
5080.0 0.7566549777984619
5090.0 0.7582327723503113
5100.0 0.7598105669021606
5110.0 0.7580444812774658
5120.0 0.7562784552574158
5130.0 0.7571621537208557
5140.0 0.7580459117889404
5150.0 0.762090265750885
5160.0 0.7661346793174744
5170.0 0.7675352096557617
5180.0 0.7689357995986938
5190.0 0.770590603351593
5200.0 0.7722452878952026
5210.0 0.776615560054779
5220.0 0.7809857726097107
5230.0 0.7845854163169861
5240.0 0.7881850004196167
5250.0 0.7895895838737488
5260.0 0.7909941673278809
5270.0 0.7908343076705933
5280.0 0.7906744480133057
5290.0 0.7912709712982178
5300.0 0.7918675541877747
5310.0 0.7943518161773682
5320.0 0.7968360185623169
5330.0 0.7986732721328735
5340.0 0.8005105257034302
5350.0 0.8031307458877563
5360.0 0.8057509660720825
5370.0 0.8040218353271484
5380.0 0.8022928237915039
5390.0 0.7962750792503357
5400.0 0.7902573943138123
5410.0 0.7901873588562012
5420.0 0.7901173233985901
5430.0 0.7954883575439453
5440.0 0.800859272480011
5450.0 0.7464568018913269
5460.0 0.6920543313026428
5470.0 0.4934763014316559
5480.0 0.2948983311653137
5490.0 0.1751050502061844
5500.0 0.05531175434589386
5510.0 0.033902183175086975
5520.0 0.012492604553699493
5530.0 0.0077081057243049145
5540.0 0.0029236176051199436
5550.0 0.002020292216911912
5560.0 0.001116967061534524
5570.0 0.0008840920636430383
5580.0 0.0006512171239592135
5590.0 0.0005737340543419123
5600.0 0.0004962509265169501
5610.0 0.00044410748523660004
5620.0 0.000391953595681116
5630.0 0.00035818133619613945
5640.0 0.0003244090767111629
5650.0 0.0
5660.0 0.0
5670.0 0.0
5680.0 0.0
5690.0 0.0
5700.0 0.0
