decam/transmission_system/s1/i_decam_sdss_c0003_7835.0_1470.0/2012-09-12T00:00:00.ecsv
# %ECSV 1.0
# ---
# datatype:
# - {name: wavelength, unit: Angstrom, datatype: float64}
# - {name: throughput, datatype: float64}
# meta: !!omap
# - {MODE: DETECTOR}
# - {TYPE: transmission_system}
# - {CALIBDATE: '2012-09-12T00:00:00'}
# - {INSTRUME: DECam}
# - {OBSTYPE: transmission_system}
# - {CALIBCLS: lsst.ip.isr.IntermediateSystemTransmissionCurve}
# - {DETECTOR: 25}
# - {DETECTOR_NAME: S1}
# - {SOURCE: i_band_per_detector_throughput.fits}
# - {FILTER: i DECam SDSS c0003 7835.0 1470.0}
# - {CALIB_CREATION_DATE: '2012-09-12'}
# - {CALIB_CREATION_TIME: '00:00:00'}
# schema: astropy-2.0
wavelength throughput
6700.0 0.0
6710.0 0.0
6720.0 0.0
6730.0 0.0
6740.0 0.0
6750.0 0.0
6760.0 0.00126796611584723
6770.0 0.001479717786423862
6780.0 0.0016914799343794584
6790.0 0.0018978728912770748
6800.0 0.002104255836457014
6810.0 0.002359531121328473
6820.0 0.00261481711640954
6830.0 0.0029304821509867907
6840.0 0.0032461469527333975
6850.0 0.0036322330124676228
6860.0 0.004018318839371204
6870.0 0.004480558447539806
6880.0 0.004942798521369696
6890.0 0.0054899780079722404
6900.0 0.006037167739123106
6910.0 0.006696236319839954
6920.0 0.007355293724685907
6930.0 0.008209612220525742
6940.0 0.00906394049525261
6950.0 0.010227245278656483
6960.0 0.011390561237931252
6970.0 0.013326848857104778
6980.0 0.015263136476278305
6990.0 0.01942341960966587
7000.0 0.023583702743053436
7010.0 0.03343886137008667
7020.0 0.0432940311729908
7030.0 0.0649673342704773
7040.0 0.08664064854383469
7050.0 0.12795716524124146
7060.0 0.16927365958690643
7070.0 0.23561634123325348
7080.0 0.30195900797843933
7090.0 0.3921836316585541
7100.0 0.4824082553386688
7110.0 0.5807314515113831
7120.0 0.6790546774864197
7130.0 0.7607361078262329
7140.0 0.8424175381660461
7150.0 0.8918555974960327
7160.0 0.9412935376167297
7170.0 0.9610138535499573
7180.0 0.9807342290878296
7190.0 0.9802452921867371
7200.0 0.979756236076355
7210.0 0.9756256341934204
7220.0 0.9714949727058411
7230.0 0.9729867577552795
7240.0 0.9744786024093628
7250.0 0.982119619846344
7260.0 0.9897606372833252
7270.0 0.9990155100822449
7280.0 1.008270263671875
7290.0 1.010837197303772
7300.0 1.013404130935669
7310.0 1.0085991621017456
7320.0 1.0037941932678223
7330.0 0.9967504739761353
7340.0 0.9897069334983826
7350.0 0.986976146697998
7360.0 0.9842453598976135
7370.0 0.9871501922607422
7380.0 0.9900550842285156
7390.0 0.9961987733840942
7400.0 1.0023424625396729
7410.0 1.0064367055892944
7420.0 1.0105310678482056
7430.0 1.011451005935669
7440.0 1.0123710632324219
7450.0 1.0113449096679688
7460.0 1.0103187561035156
7470.0 1.009273648262024
7480.0 1.0082284212112427
7490.0 1.0090593099594116
7500.0 1.0098901987075806
7510.0 1.0110876560211182
7520.0 1.0122849941253662
7530.0 1.01301908493042
7540.0 1.013753056526184
7550.0 1.0120264291763306
7560.0 1.0102996826171875
7570.0 1.0070459842681885
7580.0 1.0037921667099
7590.0 0.9931264519691467
7600.0 0.9824607968330383
7610.0 0.983116626739502
7620.0 0.9837724566459656
7630.0 0.9841074347496033
7640.0 0.9844425320625305
7650.0 0.9872221350669861
7660.0 0.9900017976760864
7670.0 0.9913103580474854
7680.0 0.9926188588142395
7690.0 0.9934072494506836
7700.0 0.9941955804824829
7710.0 0.9966261982917786
7720.0 0.9990567564964294
7730.0 1.0026103258132935
7740.0 1.0061639547348022
7750.0 1.0116974115371704
7760.0 1.0172308683395386
7770.0 1.0193904638290405
7780.0 1.021550178527832
7790.0 1.0207700729370117
7800.0 1.0199899673461914
7810.0 1.0173051357269287
7820.0 1.014620304107666
7830.0 1.0131193399429321
7840.0 1.0116184949874878
7850.0 1.013785719871521
7860.0 1.0159529447555542
7870.0 1.0191651582717896
7880.0 1.0223772525787354
7890.0 1.021493673324585
7900.0 1.0206098556518555
7910.0 1.0142836570739746
7920.0 1.0079573392868042
7930.0 0.9977633953094482
7940.0 0.9875693917274475
7950.0 0.9776096940040588
7960.0 0.9676500558853149
7970.0 0.9648045897483826
7980.0 0.9619591236114502
7990.0 0.9688516855239868
8000.0 0.9757442474365234
8010.0 0.9861847162246704
8020.0 0.9966250658035278
8030.0 1.0036684274673462
8040.0 1.010711669921875
8050.0 1.0120033025741577
8060.0 1.0132948160171509
8070.0 1.0103024244308472
8080.0 1.0073100328445435
8090.0 0.9982221126556396
8100.0 0.9891341924667358
8110.0 0.9741774797439575
8120.0 0.9806358814239502
8130.0 0.9827996492385864
8140.0 0.9849634766578674
8150.0 0.9924677610397339
8160.0 0.9999721646308899
8170.0 1.018664002418518
8180.0 1.0164967775344849
8190.0 1.0128984451293945
8200.0 1.0041385889053345
8210.0 0.995378851890564
8220.0 0.9838477373123169
8230.0 0.9723165035247803
8240.0 0.9670552015304565
8250.0 0.9617938995361328
8260.0 0.965215802192688
8270.0 0.9686377048492432
8280.0 0.9768565893173218
8290.0 0.9850753545761108
8300.0 0.9932942390441895
8310.0 1.0180509090423584
8320.0 1.0212620496749878
8330.0 1.0244733095169067
8340.0 1.0276844501495361
8350.0 1.0153840780258179
8360.0 1.0076206922531128
8370.0 0.9998571872711182
8380.0 0.9920938014984131
8390.0 0.9807178378105164
8400.0 0.9754713177680969
8410.0 0.9748649597167969
8420.0 0.974258542060852
8430.0 0.976535439491272
8440.0 0.9841165542602539
8450.0 0.9862784147262573
8460.0 0.9884403347969055
8470.0 0.9988783001899719
8480.0 1.009316325187683
8490.0 1.0164763927459717
8500.0 1.0236364603042603
8510.0 1.009502649307251
8520.0 0.9953688979148865
8530.0 0.9286893010139465
8540.0 0.8620096445083618
8550.0 0.7292050123214722
8560.0 0.5964003205299377
8570.0 0.319112628698349
8580.0 0.32765740156173706
8590.0 0.13482950627803802
8600.0 0.1370529979467392
8610.0 0.04840930178761482
8620.0 0.049868788570165634
8630.0 0.016403572633862495
8640.0 0.017324313521385193
8650.0 0.006592832040041685
8660.0 0.006043886765837669
8670.0 0.002769887214526534
8680.0 0.0022135793697088957
8690.0 0.0016572714084759355
8700.0 0.0
8710.0 0.0
8720.0 0.0
8730.0 0.0
8740.0 0.0
8750.0 0.0
