decam/transmission_system/s29/g_decam_sdss_c0001_4720.0_1520.0/2012-09-12T00:00:00.ecsv
# %ECSV 1.0
# ---
# datatype:
# - {name: wavelength, unit: Angstrom, datatype: float64}
# - {name: throughput, datatype: float64}
# meta: !!omap
# - {MODE: DETECTOR}
# - {TYPE: transmission_system}
# - {CALIBDATE: '2012-09-12T00:00:00'}
# - {INSTRUME: DECam}
# - {OBSTYPE: transmission_system}
# - {CALIBCLS: lsst.ip.isr.IntermediateSystemTransmissionCurve}
# - {DETECTOR: 1}
# - {DETECTOR_NAME: S29}
# - {SOURCE: g_band_per_detector_throughput.fits}
# - {FILTER: g DECam SDSS c0001 4720.0 1520.0}
# - {CALIB_CREATION_DATE: '2012-09-12'}
# - {CALIB_CREATION_TIME: '00:00:00'}
# schema: astropy-2.0
wavelength throughput
3750.0 0.0
3760.0 0.0
3770.0 0.0
3780.0 0.0
3790.0 0.0
3800.0 0.0
3810.0 0.0009786066366359591
3820.0 0.0012212747242301702
3830.0 0.0011586943874135613
3840.0 0.0016288059996441007
3850.0 0.0019013104028999805
3860.0 0.0021738146897405386
3870.0 0.002604733221232891
3880.0 0.0030356517527252436
3890.0 0.0037276407238096
3900.0 0.004419639706611633
3910.0 0.004376822151243687
3920.0 0.007359323091804981
3930.0 0.01420061755925417
3940.0 0.02104192227125168
3950.0 0.02308824099600315
3960.0 0.11741280555725098
3970.0 0.2228803038597107
3980.0 0.328347772359848
3990.0 0.3287210464477539
4000.0 0.365547776222229
4010.0 0.3822183609008789
4020.0 0.3988889157772064
4030.0 0.4045977294445038
4040.0 0.40941011905670166
4050.0 0.4113513231277466
4060.0 0.4209778904914856
4070.0 0.4256141483783722
4080.0 0.43740183115005493
4090.0 0.4377167820930481
4100.0 0.4472139775753021
4110.0 0.4510643184185028
4120.0 0.4549146890640259
4130.0 0.45762214064598083
4140.0 0.4633457660675049
4150.0 0.4659183919429779
4160.0 0.47943177819252014
4170.0 0.486994206905365
4180.0 0.49455660581588745
4190.0 0.4957081973552704
4200.0 0.49784913659095764
4210.0 0.49666059017181396
4220.0 0.5043292045593262
4230.0 0.5052401423454285
4240.0 0.5187478065490723
4250.0 0.52353835105896
4260.0 0.5283288359642029
4270.0 0.5316393971443176
4280.0 0.5433148145675659
4290.0 0.5432091355323792
4300.0 0.553977906703949
4310.0 0.557722270488739
4320.0 0.561466634273529
4330.0 0.5662200450897217
4340.0 0.5709734559059143
4350.0 0.5760615468025208
4360.0 0.5811495780944824
4370.0 0.5854045152664185
4380.0 0.5896594524383545
4390.0 0.5965536236763
4400.0 0.6034478545188904
4410.0 0.6075795888900757
4420.0 0.6117112636566162
4430.0 0.6145564317703247
4440.0 0.6174015402793884
4450.0 0.6205224990844727
4460.0 0.6236433386802673
4470.0 0.6254734396934509
4480.0 0.6273034811019897
4490.0 0.630666196346283
4500.0 0.6340289115905762
4510.0 0.6368088722229004
4520.0 0.6395887136459351
4530.0 0.6434463858604431
4540.0 0.6473040580749512
4550.0 0.6495431065559387
4560.0 0.6517822742462158
4570.0 0.6524204611778259
4580.0 0.653058648109436
4590.0 0.6564046740531921
4600.0 0.6597506999969482
4610.0 0.6631000638008118
4620.0 0.6664495468139648
4630.0 0.6684519052505493
4640.0 0.670454204082489
4650.0 0.6724386811256409
4660.0 0.674423098564148
4670.0 0.673888087272644
4680.0 0.6733530759811401
4690.0 0.6737620234489441
4700.0 0.674170970916748
4710.0 0.676796019077301
4720.0 0.6794211864471436
4730.0 0.6828557848930359
4740.0 0.686290442943573
4750.0 0.6896989345550537
4760.0 0.6931074857711792
4770.0 0.6935631632804871
4780.0 0.6940189003944397
4790.0 0.6944640278816223
4800.0 0.6949091553688049
4810.0 0.6966318488121033
4820.0 0.6983546018600464
4830.0 0.6982530355453491
4840.0 0.6981515288352966
4850.0 0.6979517936706543
4860.0 0.697752058506012
4870.0 0.7007361054420471
4880.0 0.7037200331687927
4890.0 0.7070481777191162
4900.0 0.7103763818740845
4910.0 0.7122425436973572
4920.0 0.7141087651252747
4930.0 0.7124536037445068
4940.0 0.710798442363739
4950.0 0.7099750638008118
4960.0 0.7091516852378845
4970.0 0.7148462533950806
4980.0 0.7205408811569214
4990.0 0.7239996790885925
5000.0 0.7274583578109741
5010.0 0.7290619611740112
5020.0 0.7306655645370483
5030.0 0.7317762970924377
5040.0 0.7328870892524719
5050.0 0.7345220446586609
5060.0 0.7361570596694946
5070.0 0.7377917766571045
5080.0 0.7394264936447144
5090.0 0.741174042224884
5100.0 0.7429215312004089
5110.0 0.7425634264945984
5120.0 0.7422053217887878
5130.0 0.7421327233314514
5140.0 0.7420601844787598
5150.0 0.7447432279586792
5160.0 0.7474262714385986
5170.0 0.7501094341278076
5180.0 0.7527925372123718
5190.0 0.7556674480438232
5200.0 0.7585424184799194
5210.0 0.7613897919654846
5220.0 0.7642371654510498
5230.0 0.7672746181488037
5240.0 0.7703120708465576
5250.0 0.7731641530990601
5260.0 0.7760162353515625
5270.0 0.7769203782081604
5280.0 0.7778244018554688
5290.0 0.7785726189613342
5300.0 0.7793208956718445
5310.0 0.7815694212913513
5320.0 0.7838180065155029
5330.0 0.7854213118553162
5340.0 0.7870246767997742
5350.0 0.7878783941268921
5360.0 0.78873211145401
5370.0 0.7852615118026733
5380.0 0.7817909121513367
5390.0 0.7760448455810547
5400.0 0.7702987194061279
5410.0 0.7707253098487854
5420.0 0.7711517810821533
5430.0 0.7728297710418701
5440.0 0.7745077013969421
5450.0 0.7061066627502441
5460.0 0.6377055644989014
5470.0 0.44985514879226685
5480.0 0.2620047330856323
5490.0 0.154542475938797
5500.0 0.047080229967832565
5510.0 0.028737297281622887
5520.0 0.010394372045993805
5530.0 0.0064817629754543304
5540.0 0.002569143660366535
5550.0 0.001792890252545476
5560.0 0.0010166368447244167
5570.0 0.0007997860084287822
5580.0 0.0005829351721331477
5590.0 0.0005143313901498914
5600.0 0.0004457379109226167
5610.0 0.0004054023011121899
5620.0 0.0003650562430266291
5630.0 0.0003360818955115974
5640.0 0.00030710751889273524
5650.0 0.0
5660.0 0.0
5670.0 0.0
5680.0 0.0
5690.0 0.0
5700.0 0.0
