decam/transmission_system/n9/g_decam_sdss_c0001_4720.0_1520.0/2012-09-12T00:00:00.ecsv
# %ECSV 1.0
# ---
# datatype:
# - {name: wavelength, unit: Angstrom, datatype: float64}
# - {name: throughput, datatype: float64}
# meta: !!omap
# - {MODE: DETECTOR}
# - {TYPE: transmission_system}
# - {CALIBDATE: '2012-09-12T00:00:00'}
# - {INSTRUME: DECam}
# - {OBSTYPE: transmission_system}
# - {CALIBCLS: lsst.ip.isr.IntermediateSystemTransmissionCurve}
# - {DETECTOR: 40}
# - {DETECTOR_NAME: N9}
# - {SOURCE: g_band_per_detector_throughput.fits}
# - {FILTER: g DECam SDSS c0001 4720.0 1520.0}
# - {CALIB_CREATION_DATE: '2012-09-12'}
# - {CALIB_CREATION_TIME: '00:00:00'}
# schema: astropy-2.0
wavelength throughput
3750.0 0.0
3760.0 0.0
3770.0 0.0
3780.0 0.0
3790.0 0.0
3800.0 0.0
3810.0 0.0007018443429842591
3820.0 0.0009343869751319289
3830.0 0.0007135379710234702
3840.0 0.001241712598130107
3850.0 0.0013699475675821304
3860.0 0.0014981824206188321
3870.0 0.0018093091202899814
3880.0 0.0021204459480941296
3890.0 0.0025890623219311237
3900.0 0.0030576889403164387
3910.0 0.0031909917015582323
3920.0 0.0060243732295930386
3930.0 0.012182973325252533
3940.0 0.01834157481789589
3950.0 0.019175715744495392
3960.0 0.10694508254528046
3970.0 0.20481106638908386
3980.0 0.30267706513404846
3990.0 0.30513155460357666
4000.0 0.3415271043777466
4010.0 0.35765355825424194
4020.0 0.3737800419330597
4030.0 0.3769564926624298
4040.0 0.3864055871963501
4050.0 0.38551634550094604
4060.0 0.3946097195148468
4070.0 0.3977173864841461
4080.0 0.4104093611240387
4090.0 0.41007548570632935
4100.0 0.41733571887016296
4110.0 0.4213285744190216
4120.0 0.42532145977020264
4130.0 0.4273206293582916
4140.0 0.43489935994148254
4150.0 0.43676018714904785
4160.0 0.44952619075775146
4170.0 0.45726388692855835
4180.0 0.46500158309936523
4190.0 0.46527016162872314
4200.0 0.46736836433410645
4210.0 0.4699130356311798
4220.0 0.4749580919742584
4230.0 0.4745418131351471
4240.0 0.4909537136554718
4250.0 0.49539241194725037
4260.0 0.49983111023902893
4270.0 0.5024690628051758
4280.0 0.5138087868690491
4290.0 0.5129038095474243
4300.0 0.5249288082122803
4310.0 0.529039204120636
4320.0 0.5331496000289917
4330.0 0.5381953120231628
4340.0 0.543241024017334
4350.0 0.5494194626808167
4360.0 0.5555979013442993
4370.0 0.5607377886772156
4380.0 0.5658776164054871
4390.0 0.5723395347595215
4400.0 0.5788014531135559
4410.0 0.5831961631774902
4420.0 0.5875908732414246
4430.0 0.5912748575210571
4440.0 0.5949588418006897
4450.0 0.5984843969345093
4460.0 0.6020100116729736
4470.0 0.605609655380249
4480.0 0.6092092394828796
4490.0 0.6125347018241882
4500.0 0.615860104560852
4510.0 0.6191661953926086
4520.0 0.6224722862243652
4530.0 0.6274666786193848
4540.0 0.6324610710144043
4550.0 0.6349951028823853
4560.0 0.637529194355011
4570.0 0.6391732692718506
4580.0 0.640817403793335
4590.0 0.6449755430221558
4600.0 0.6491336226463318
4610.0 0.6535274982452393
4620.0 0.6579214930534363
4630.0 0.6617580056190491
4640.0 0.6655945777893066
4650.0 0.6684337258338928
4660.0 0.6712728142738342
4670.0 0.6723580956459045
4680.0 0.6734433770179749
4690.0 0.6750823855400085
4700.0 0.6767215132713318
4710.0 0.6794971227645874
4720.0 0.6822726726531982
4730.0 0.6862195730209351
4740.0 0.6901664733886719
4750.0 0.6949726939201355
4760.0 0.6997789144515991
4770.0 0.7015351057052612
4780.0 0.7032912373542786
4790.0 0.7040845155715942
4800.0 0.7048776745796204
4810.0 0.7085948586463928
4820.0 0.7123120427131653
4830.0 0.714478075504303
4840.0 0.7166442275047302
4850.0 0.7159245610237122
4860.0 0.7152050137519836
4870.0 0.7183979153633118
4880.0 0.7215908169746399
4890.0 0.7257531881332397
4900.0 0.7299155592918396
4910.0 0.7316591739654541
4920.0 0.733402669429779
4930.0 0.7334939241409302
4940.0 0.7335851788520813
4950.0 0.734464704990387
4960.0 0.7353442311286926
4970.0 0.7402773499488831
4980.0 0.7452105283737183
4990.0 0.7483846545219421
5000.0 0.7515586614608765
5010.0 0.7546518445014954
5020.0 0.7577450275421143
5030.0 0.7587376236915588
5040.0 0.7597302198410034
5050.0 0.7617006301879883
5060.0 0.7636711001396179
5070.0 0.7675883769989014
5080.0 0.7715056538581848
5090.0 0.7738247513771057
5100.0 0.7761438488960266
5110.0 0.7752734422683716
5120.0 0.7744031548500061
5130.0 0.7756324410438538
5140.0 0.776861846446991
5150.0 0.7802522778511047
5160.0 0.7836427092552185
5170.0 0.7845180630683899
5180.0 0.785393476486206
5190.0 0.787568986415863
5200.0 0.78974449634552
5210.0 0.7943600416183472
5220.0 0.7989755868911743
5230.0 0.8023656606674194
5240.0 0.8057556748390198
5250.0 0.8074496984481812
5260.0 0.8091437220573425
5270.0 0.8095896244049072
5280.0 0.8100356459617615
5290.0 0.8109838366508484
5300.0 0.8119320273399353
5310.0 0.8147226572036743
5320.0 0.8175132870674133
5330.0 0.8200093507766724
5340.0 0.8225054144859314
5350.0 0.8259264230728149
5360.0 0.8293474316596985
5370.0 0.82963627576828
5380.0 0.8299251198768616
5390.0 0.8278099298477173
5400.0 0.825694739818573
5410.0 0.8289495706558228
5420.0 0.8322044014930725
5430.0 0.8489319682121277
5440.0 0.8656595349311829
5450.0 0.8263806104660034
5460.0 0.787101686000824
5470.0 0.577058732509613
5480.0 0.3670158088207245
5490.0 0.2206116020679474
5500.0 0.07420741021633148
5510.0 0.04530910775065422
5520.0 0.01641080155968666
5530.0 0.010045298375189304
5540.0 0.0036797861102968454
5550.0 0.002500934526324272
5560.0 0.0013220827095210552
5570.0 0.00103912060149014
5580.0 0.0007561686797998846
5590.0 0.0006434386596083641
5600.0 0.0005307190003804862
5610.0 0.00047018443001434207
5620.0 0.0004096497723367065
5630.0 0.00037787144538015127
5640.0 0.00034609308931976557
5650.0 0.0
5660.0 0.0
5670.0 0.0
5680.0 0.0
5690.0 0.0
5700.0 0.0
