decam/transmission_system/s15/z_decam_sdss_c0004_9260.0_1520.0/2012-09-12T00:00:00.ecsv
# %ECSV 1.0
# ---
# datatype:
# - {name: wavelength, unit: Angstrom, datatype: float64}
# - {name: throughput, datatype: float64}
# meta: !!omap
# - {MODE: DETECTOR}
# - {TYPE: transmission_system}
# - {CALIBDATE: '2012-09-12T00:00:00'}
# - {INSTRUME: DECam}
# - {OBSTYPE: transmission_system}
# - {CALIBCLS: lsst.ip.isr.IntermediateSystemTransmissionCurve}
# - {DETECTOR: 14}
# - {DETECTOR_NAME: S15}
# - {SOURCE: z_band_per_detector_throughput.fits}
# - {FILTER: z DECam SDSS c0004 9260.0 1520.0}
# - {CALIB_CREATION_DATE: '2012-09-12'}
# - {CALIB_CREATION_TIME: '00:00:00'}
# schema: astropy-2.0
wavelength throughput
8200.0 0.0
8210.0 0.0
8220.0 0.0
8230.0 0.0
8240.0 0.0
8250.0 0.0
8260.0 0.004340817220509052
8270.0 0.004923493135720491
8280.0 0.006825519725680351
8290.0 0.006268007215112448
8300.0 0.005710494704544544
8310.0 0.006438686046749353
8320.0 0.007437305059283972
8330.0 0.008435923606157303
8340.0 0.009434541687369347
8350.0 0.013332280330359936
8360.0 0.014001619070768356
8370.0 0.014670947566628456
8380.0 0.015340286307036877
8390.0 0.022737525403499603
8400.0 0.027397507801651955
8410.0 0.032057490199804306
8420.0 0.03671747073531151
8430.0 0.07217295467853546
8440.0 0.0690021961927414
8450.0 0.10964120179414749
8460.0 0.1502802073955536
8470.0 0.3256686329841614
8480.0 0.32068726420402527
8490.0 0.45219558477401733
8500.0 0.5837039351463318
8510.0 0.695601224899292
8520.0 0.807498574256897
8530.0 0.8768553733825684
8540.0 0.946212112903595
8550.0 0.9680002331733704
8560.0 0.9897884130477905
8570.0 0.9841732978820801
8580.0 0.9960041642189026
8590.0 0.9750502705574036
8600.0 0.975686252117157
8610.0 0.9790385365486145
8620.0 0.9855059385299683
8630.0 0.995830774307251
8640.0 1.0054161548614502
8650.0 1.0077587366104126
8660.0 1.0049512386322021
8670.0 1.0109803676605225
8680.0 1.009234070777893
8690.0 1.0074878931045532
8700.0 1.0072765350341797
8710.0 1.0070654153823853
8720.0 1.0075387954711914
8730.0 1.0080121755599976
8740.0 1.0084527730941772
8750.0 1.0122137069702148
8760.0 1.0147922039031982
8770.0 1.017370581626892
8780.0 1.020106315612793
8790.0 1.0228419303894043
8800.0 1.024111032485962
8810.0 1.02538001537323
8820.0 1.0268092155456543
8830.0 1.0282384157180786
8840.0 1.0287394523620605
8850.0 1.0292404890060425
8860.0 1.0300060510635376
8870.0 1.0307714939117432
8880.0 1.0317257642745972
8890.0 1.0326800346374512
8900.0 1.0289517641067505
8910.0 1.0284667015075684
8920.0 1.0274299383163452
8930.0 1.026393175125122
8940.0 1.025356411933899
8950.0 1.0243959426879883
8960.0 1.0234355926513672
8970.0 1.0240617990493774
8980.0 1.0246881246566772
8990.0 1.0262800455093384
9000.0 1.027872085571289
9010.0 1.0304126739501953
9020.0 1.0329532623291016
9030.0 1.035050630569458
9040.0 1.037148118019104
9050.0 1.037011981010437
9060.0 1.0394706726074219
9070.0 1.0381399393081665
9080.0 1.0368092060089111
9090.0 1.0335453748703003
9100.0 1.0302815437316895
9110.0 1.0267620086669922
9120.0 1.0291852951049805
9130.0 1.0269756317138672
9140.0 1.0249526500701904
9150.0 1.026520013809204
9160.0 1.0266821384429932
9170.0 1.0268443822860718
9180.0 1.0276862382888794
9190.0 1.0285282135009766
9200.0 1.0269815921783447
9210.0 1.025434970855713
9220.0 1.0231704711914062
9230.0 1.02090585231781
9240.0 1.0141217708587646
9250.0 1.0073375701904297
9260.0 1.0023140907287598
9270.0 0.9972906708717346
9280.0 0.9892224073410034
9290.0 0.981154203414917
9300.0 0.9757689833641052
9310.0 0.9703837633132935
9320.0 0.9653886556625366
9330.0 0.9603936672210693
9340.0 0.9525644183158875
9350.0 0.9447352290153503
9360.0 0.9332135319709778
9370.0 0.92169189453125
9380.0 0.9131402373313904
9390.0 0.904588520526886
9400.0 0.8921140432357788
9410.0 0.8796396851539612
9420.0 0.8706398010253906
9430.0 0.8616399168968201
9440.0 0.8556284308433533
9450.0 0.857162594795227
9460.0 0.8586595058441162
9470.0 0.8580044507980347
9480.0 0.8593584895133972
9490.0 0.8607125282287598
9500.0 0.8616078495979309
9510.0 0.8665212392807007
9520.0 0.8684754371643066
9530.0 0.8704296350479126
9540.0 0.8721388578414917
9550.0 0.873848021030426
9560.0 0.8749624490737915
9570.0 0.8760769963264465
9580.0 0.8748894929885864
9590.0 0.8737019896507263
9600.0 0.8700342774391174
9610.0 0.866366446018219
9620.0 0.8635901212692261
9630.0 0.8608137965202332
9640.0 0.858392596244812
9650.0 0.8559714555740356
9660.0 0.8548266887664795
9670.0 0.8536819815635681
9680.0 0.8525219559669495
9690.0 0.8513619899749756
9700.0 0.8502019643783569
9710.0 0.8490419387817383
9720.0 0.84500652551651
9730.0 0.8409709930419922
9740.0 0.8362328410148621
9750.0 0.8314946293830872
9760.0 0.8245491981506348
9770.0 0.8176037669181824
9780.0 0.8086747527122498
9790.0 0.7997456789016724
9800.0 0.7934983968734741
9810.0 0.7872511148452759
9820.0 0.7794366478919983
9830.0 0.7716221809387207
9840.0 0.762432336807251
9850.0 0.7532424330711365
9860.0 0.7419309616088867
9870.0 0.730619490146637
9880.0 0.7201836705207825
9890.0 0.7097477912902832
9900.0 0.7006176114082336
9910.0 0.6914873719215393
9920.0 0.6815202832221985
9930.0 0.6715532541275024
9940.0 0.63750159740448
9950.0 0.6034500002861023
9960.0 0.529456377029419
9970.0 0.45546266436576843
9980.0 0.35668715834617615
9990.0 0.25791165232658386
10000.0 0.18601903319358826
10010.0 0.11412645131349564
10020.0 0.07951995730400085
10030.0 0.044913455843925476
10040.0 0.03188319876790047
10050.0 0.01885293610394001
10060.0 0.013636292889714241
10070.0 0.008419649675488472
10080.0 0.006713517010211945
10090.0 0.0050073834136128426
10100.0 0.004060368053615093
10110.0 0.0031133631709963083
10120.0 0.002400791272521019
10130.0 0.0016882293857634068
10140.0 0.0017391578294336796
10150.0 0.0
10160.0 0.0
10170.0 0.0
10180.0 0.0
10190.0 0.0
10200.0 0.0
