decam/transmission_system/n26/y_decam_c0005_10095.0_1130.0/2012-09-12T00:00:00.ecsv
# %ECSV 1.0
# ---
# datatype:
# - {name: wavelength, unit: Angstrom, datatype: float64}
# - {name: throughput, datatype: float64}
# meta: !!omap
# - {MODE: DETECTOR}
# - {TYPE: transmission_system}
# - {CALIBDATE: '2012-09-12T00:00:00'}
# - {INSTRUME: DECam}
# - {OBSTYPE: transmission_system}
# - {CALIBCLS: lsst.ip.isr.IntermediateSystemTransmissionCurve}
# - {DETECTOR: 57}
# - {DETECTOR_NAME: N26}
# - {SOURCE: Y_band_per_detector_throughput.fits}
# - {FILTER: Y DECam c0005 10095.0 1130.0}
# - {CALIB_CREATION_DATE: '2012-09-12'}
# - {CALIB_CREATION_TIME: '00:00:00'}
# schema: astropy-2.0
wavelength throughput
9250.0 0.0
9260.0 0.0
9270.0 0.0
9280.0 0.0
9290.0 0.0
9300.0 0.0
9310.0 0.006960650440305471
9320.0 0.007801260333508253
9330.0 0.008641869761049747
9340.0 0.009770614095032215
9350.0 0.010899347253143787
9360.0 0.012351077049970627
9370.0 0.013802796602249146
9380.0 0.01625979132950306
9390.0 0.018716787919402122
9400.0 0.023070305585861206
9410.0 0.027423813939094543
9420.0 0.036259498447179794
9430.0 0.04509517550468445
9440.0 0.06536942720413208
9450.0 0.08564367145299911
9460.0 0.0858210101723671
9470.0 0.1723470538854599
9480.0 0.1725134700536728
9490.0 0.32748299837112427
9500.0 0.33048319816589355
9510.0 0.5420699119567871
9520.0 0.6408964395523071
9530.0 0.7397230267524719
9540.0 0.7888649106025696
9550.0 0.8380067348480225
9560.0 0.8486748337745667
9570.0 0.8593429327011108
9580.0 0.8580846786499023
9590.0 0.8568264245986938
9600.0 0.8551667928695679
9610.0 0.8535070419311523
9620.0 0.8517143726348877
9630.0 0.849921703338623
9640.0 0.8487370610237122
9650.0 0.8475524187088013
9660.0 0.8453777432441711
9670.0 0.843203067779541
9680.0 0.8396767973899841
9690.0 0.836150586605072
9700.0 0.8336442708969116
9710.0 0.8311379551887512
9720.0 0.8223789930343628
9730.0 0.8136200904846191
9740.0 0.8077368140220642
9750.0 0.8018536567687988
9760.0 0.7958409190177917
9770.0 0.7898283004760742
9780.0 0.7832983732223511
9790.0 0.7767685055732727
9800.0 0.7707247138023376
9810.0 0.7646809220314026
9820.0 0.7587475180625916
9830.0 0.7528140544891357
9840.0 0.7455353140830994
9850.0 0.738256573677063
9860.0 0.7312990427017212
9870.0 0.7243414521217346
9880.0 0.7148659825325012
9890.0 0.705390453338623
9900.0 0.6965422630310059
9910.0 0.6876939535140991
9920.0 0.6776259541511536
9930.0 0.6675578951835632
9940.0 0.6592398881912231
9950.0 0.6509218215942383
9960.0 0.6408398747444153
9970.0 0.6307579874992371
9980.0 0.6210033297538757
9990.0 0.6112486720085144
10000.0 0.600553572177887
10010.0 0.5898585319519043
10020.0 0.5785170793533325
10030.0 0.5671756267547607
10040.0 0.5552780032157898
10050.0 0.5433804988861084
10060.0 0.5322549343109131
10070.0 0.5211293697357178
10080.0 0.5088863372802734
10090.0 0.4966433644294739
10100.0 0.4837847650051117
10110.0 0.4709261357784271
10120.0 0.45959967374801636
10130.0 0.4482732117176056
10140.0 0.4361833930015564
10150.0 0.4240935742855072
10160.0 0.4126504063606262
10170.0 0.4012072682380676
10180.0 0.38886532187461853
10190.0 0.37652334570884705
10200.0 0.36504480242729187
10210.0 0.3535662889480591
10220.0 0.3419017493724823
10230.0 0.3302372097969055
10240.0 0.31870439648628235
10250.0 0.3071715831756592
10260.0 0.2964502274990082
10270.0 0.28572890162467957
10280.0 0.276131272315979
10290.0 0.26653367280960083
10300.0 0.2558726370334625
10310.0 0.2452116161584854
10320.0 0.23466402292251587
10330.0 0.22411642968654633
10340.0 0.2118738293647766
10350.0 0.1996312439441681
10360.0 0.18719612061977386
10370.0 0.17476101219654083
10380.0 0.16786924004554749
10390.0 0.16097746789455414
10400.0 0.1563146412372589
10410.0 0.1516517996788025
10420.0 0.14745426177978516
10430.0 0.14325673878192902
10440.0 0.13902169466018677
10450.0 0.13478665053844452
10460.0 0.13065116107463837
10470.0 0.1265156865119934
10480.0 0.12262484431266785
10490.0 0.11873400956392288
10500.0 0.1142302006483078
10510.0 0.10972636193037033
10520.0 0.10624130815267563
10530.0 0.10275625437498093
10540.0 0.09993978589773178
10550.0 0.09712332487106323
10560.0 0.09510084986686707
10570.0 0.0930783823132515
10580.0 0.0908995121717453
10590.0 0.0887206420302391
10600.0 0.08438494056463242
10610.0 0.08004923164844513
10620.0 0.07058416306972504
10630.0 0.061119090765714645
10640.0 0.048436906188726425
10650.0 0.03575471416115761
10660.0 0.025818591937422752
10670.0 0.015882471576333046
10680.0 0.010968044400215149
10690.0 0.006053617689758539
10700.0 0.0
10710.0 0.0
10720.0 0.0
10730.0 0.0
10740.0 0.0
10750.0 0.0
