decam/transmission_system/s2/y_decam_c0005_10095.0_1130.0/2012-09-12T00:00:00.ecsv
# %ECSV 1.0
# ---
# datatype:
# - {name: wavelength, unit: Angstrom, datatype: float64}
# - {name: throughput, datatype: float64}
# meta: !!omap
# - {MODE: DETECTOR}
# - {TYPE: transmission_system}
# - {CALIBDATE: '2012-09-12T00:00:00'}
# - {INSTRUME: DECam}
# - {OBSTYPE: transmission_system}
# - {CALIBCLS: lsst.ip.isr.IntermediateSystemTransmissionCurve}
# - {DETECTOR: 26}
# - {DETECTOR_NAME: S2}
# - {SOURCE: Y_band_per_detector_throughput.fits}
# - {FILTER: Y DECam c0005 10095.0 1130.0}
# - {CALIB_CREATION_DATE: '2012-09-12'}
# - {CALIB_CREATION_TIME: '00:00:00'}
# schema: astropy-2.0
wavelength throughput
9250.0 0.0
9260.0 0.0
9270.0 0.0
9280.0 0.0
9290.0 0.0
9300.0 0.0
9310.0 0.006243654061108828
9320.0 0.007083360571414232
9330.0 0.007923077791929245
9340.0 0.008967338129878044
9350.0 0.010011589154601097
9360.0 0.011354473419487476
9370.0 0.012697356753051281
9380.0 0.014864743687212467
9390.0 0.01703212969005108
9400.0 0.020809369161725044
9410.0 0.024586599320173264
9420.0 0.032106172293424606
9430.0 0.039625752717256546
9440.0 0.0566241480410099
9450.0 0.07362256199121475
9460.0 0.07685870677232742
9470.0 0.15454773604869843
9480.0 0.16288407146930695
9490.0 0.3090799152851105
9500.0 0.3272610902786255
9510.0 0.5413344502449036
9520.0 0.6447129249572754
9530.0 0.7480913400650024
9540.0 0.7937226891517639
9550.0 0.8393540382385254
9560.0 0.8468917608261108
9570.0 0.8544294238090515
9580.0 0.8522628545761108
9590.0 0.8500962853431702
9600.0 0.8475905060768127
9610.0 0.8450847864151001
9620.0 0.8422620296478271
9630.0 0.8394392132759094
9640.0 0.8377639651298523
9650.0 0.8360886573791504
9660.0 0.8342828154563904
9670.0 0.8324769139289856
9680.0 0.8290230631828308
9690.0 0.8255691528320312
9700.0 0.8235145211219788
9710.0 0.8214597702026367
9720.0 0.8128436803817749
9730.0 0.8042275309562683
9740.0 0.798339307308197
9750.0 0.792451024055481
9760.0 0.7860197424888611
9770.0 0.779588520526886
9780.0 0.773124635219574
9790.0 0.7666606903076172
9800.0 0.7609261870384216
9810.0 0.7551916837692261
9820.0 0.7495707273483276
9830.0 0.7439498901367188
9840.0 0.7368027567863464
9850.0 0.7296555638313293
9860.0 0.722840428352356
9870.0 0.7160252332687378
9880.0 0.7065346837043762
9890.0 0.6970441341400146
9900.0 0.6882185339927673
9910.0 0.6793930530548096
9920.0 0.6694968342781067
9930.0 0.6596006155014038
9940.0 0.6516239047050476
9950.0 0.6436471939086914
9960.0 0.6340721845626831
9970.0 0.6244971752166748
9980.0 0.6152668595314026
9990.0 0.6060365438461304
10000.0 0.5956235527992249
10010.0 0.5852105617523193
10020.0 0.574192464351654
10030.0 0.5631743669509888
10040.0 0.5514674782752991
10050.0 0.5397605895996094
10060.0 0.5288510918617249
10070.0 0.5179415941238403
10080.0 0.506075918674469
10090.0 0.4942101538181305
10100.0 0.4818249046802521
10110.0 0.46943965554237366
10120.0 0.45772361755371094
10130.0 0.4460075795650482
10140.0 0.4343481659889221
10150.0 0.422688752412796
10160.0 0.4116315245628357
10170.0 0.40057432651519775
10180.0 0.3886214792728424
10190.0 0.37666869163513184
10200.0 0.3654799461364746
10210.0 0.3542912006378174
10220.0 0.34297800064086914
10230.0 0.3316648006439209
10240.0 0.32041338086128235
10250.0 0.3091619610786438
10260.0 0.29868757724761963
10270.0 0.28821319341659546
10280.0 0.2788104712963104
10290.0 0.2694077789783478
10300.0 0.25901272892951965
10310.0 0.24861763417720795
10320.0 0.23834140598773956
10330.0 0.22806519269943237
10340.0 0.21635620296001434
10350.0 0.2046472430229187
10360.0 0.19218303263187408
10370.0 0.17971880733966827
10380.0 0.1726769357919693
10390.0 0.16563506424427032
10400.0 0.1609085500240326
10410.0 0.15618203580379486
10420.0 0.15193961560726166
10430.0 0.14769719541072845
10440.0 0.14341206848621368
10450.0 0.1391269564628601
10460.0 0.13496772944927216
10470.0 0.130808487534523
10480.0 0.12689810991287231
10490.0 0.12298773229122162
10500.0 0.11854378879070282
10510.0 0.11409984529018402
10520.0 0.11088230460882187
10530.0 0.10766477882862091
10540.0 0.10533799231052399
10550.0 0.10301121324300766
10560.0 0.1017608493566513
10570.0 0.10051048547029495
10580.0 0.0987849161028862
10590.0 0.09705935418605804
10600.0 0.09203583002090454
10610.0 0.08701232075691223
10620.0 0.07552351802587509
10630.0 0.06403470039367676
10640.0 0.05003027990460396
10650.0 0.03602585569024086
10660.0 0.025876009836792946
10670.0 0.015726154670119286
10680.0 0.010872045531868935
10690.0 0.0060179345309734344
10700.0 0.0
10710.0 0.0
10720.0 0.0
10730.0 0.0
10740.0 0.0
10750.0 0.0
