decam/transmission_atmosphere/2012-09-12T00:00:00.ecsv
# %ECSV 1.0
# ---
# datatype:
# - {name: wavelength, unit: Angstrom, datatype: float64}
# - {name: throughput, datatype: float64}
# meta: !!omap
# - {TYPE: transmission_atmosphere}
# - {CALIBDATE: '2012-09-12T00:00:00'}
# - {INSTRUME: DECam}
# - {OBSTYPE: transmission_atmosphere}
# - {CALIBCLS: lsst.ip.isr.IntermediateAtmosphereTransmissionCurve}
# - {SOURCE: des_atm_std.fits}
# - {CALIB_CREATION_DATE: '2012-09-12'}
# - {CALIB_CREATION_TIME: '00:00:00'}
# schema: astropy-2.0
wavelength throughput
[from data line 616]
6080.0 0.8555660843849182
6085.0 0.8560474514961243
6090.0 0.8566182851791382
6095.0 0.8570089936256409
6100.0 0.8575798869132996
6105.0 0.8581510186195374
6110.0 0.8585470914840698
6115.0 0.8591183423995972
6120.0 0.8595095276832581
6125.0 0.8599949479103088
6130.0 0.8604772090911865
6135.0 0.8610456585884094
6140.0 0.8615280985832214
6145.0 0.8620105981826782
6150.0 0.8624020218849182
6155.0 0.8628847002983093
6160.0 0.8633676171302795
6165.0 0.8638505339622498
6170.0 0.8642421364784241
6175.0 0.8646356463432312
6180.0 0.8651188015937805
6185.0 0.8655076026916504
6190.0 0.865990936756134
6195.0 0.8663846850395203
6200.0 0.8666003346443176
6205.0 0.8669941425323486
6210.0 0.8673880696296692
6215.0 0.8678687214851379
6220.0 0.8681711554527283
6225.0 0.8685652613639832
6230.0 0.8688676953315735
6235.0 0.8692618012428284
6240.0 0.8695662021636963
6245.0 0.8698686957359314
6250.0 0.8702629208564758
6255.0 0.870570182800293
6260.0 0.8707857728004456
6265.0 0.8708314299583435
6270.0 0.8698316812515259
6275.0 0.8609009385108948
6280.0 0.8470916152000427
6285.0 0.8517417311668396
6290.0 0.8602352142333984
6295.0 0.8602752089500427
6300.0 0.8613568544387817
6305.0 0.8649744391441345
6310.0 0.8678972721099854
6315.0 0.8703029751777649
6320.0 0.8722692131996155
6325.0 0.8738002181053162
6330.0 0.874890148639679
6335.0 0.8758127689361572
6340.0 0.8763784170150757
6345.0 0.8767732381820679
6350.0 0.8771637678146362
6355.0 0.8777367472648621
6360.0 0.8780397176742554
6365.0 0.8786130547523499
6370.0 0.8788281083106995
6375.0 0.879401683807373
6380.0 0.8798829317092896
6385.0 0.8803688287734985
6390.0 0.880672037601471
6395.0 0.8811579346656799
6400.0 0.8814611434936523
6405.0 0.8818568587303162
6410.0 0.8822504878044128
6415.0 0.8826463222503662
6420.0 0.8829496502876282
6425.0 0.8832529187202454
6430.0 0.8836509585380554
6435.0 0.8838658928871155
6440.0 0.8841733932495117
6445.0 0.8843882083892822
6450.0 0.8846070766448975
6455.0 0.8845561742782593
6460.0 0.8841504454612732
6465.0 0.8834826350212097
6470.0 0.8823651075363159
6475.0 0.8810710310935974
6480.0 0.881109893321991
6485.0 0.8820327520370483
6490.0 0.882865846157074
6495.0 0.8834378123283386
6500.0 0.8851613998413086
6505.0 0.8867993354797363
6510.0 0.8865689635276794
6515.0 0.8841148614883423
6520.0 0.8835304975509644
6525.0 0.8863229155540466
6530.0 0.8881388902664185
6535.0 0.8883527517318726
6540.0 0.8887472152709961
6545.0 0.8882481455802917
6550.0 0.8879269361495972
6555.0 0.8883211016654968
6560.0 0.8890697956085205
6565.0 0.8899078369140625
6570.0 0.8905713558197021
6575.0 0.8907838463783264
6580.0 0.8916231393814087
6585.0 0.8922840356826782
6590.0 0.8929474353790283
6595.0 0.8936982750892639
6600.0 0.8939111232757568
6605.0 0.8943043351173401
6610.0 0.8947895765304565
6615.0 0.8952725529670715
6620.0 0.8955751657485962
6625.0 0.8958792090415955
6630.0 0.8960025310516357
6635.0 0.8964896202087402
6640.0 0.8967026472091675
6645.0 0.897006630897522
6650.0 0.8973106741905212
6655.0 0.897706925868988
6660.0 0.8980110883712769
6665.0 0.8983152508735657
6670.0 0.8986194133758545
6675.0 0.898922324180603
6680.0 0.8991366028785706
6685.0 0.8995344638824463
6690.0 0.899747371673584
6695.0 0.9000517725944519
6700.0 0.9003560543060303
6705.0 0.900568962097168
6710.0 0.9008731842041016
6715.0 0.9012713432312012
6720.0 0.9014842510223389
6725.0 0.9017885327339172
6730.0 0.9020015001296997
6735.0 0.9023059606552124
6740.0 0.9025188684463501
6745.0 0.9029171466827393
6750.0 0.9032204747200012
6755.0 0.9033430218696594
6760.0 0.9036474823951721
6765.0 0.9038603901863098
6770.0 0.9040732979774475
6775.0 0.9044681787490845
6780.0 0.9046811461448669
6785.0 0.9048941135406494
6790.0 0.9051069617271423
6795.0 0.9055055379867554
6800.0 0.9057184457778931
6805.0 0.9057492017745972
6810.0 0.9059621095657349
6815.0 0.9061749577522278
6820.0 0.9063878059387207
6825.0 0.9066006541252136
6830.0 0.9068136215209961
6835.0 0.9070264101028442
6840.0 0.9070568084716797
6845.0 0.9072696566581726
6850.0 0.907482385635376
6855.0 0.9075136780738831
6860.0 0.9024608135223389
6865.0 0.8562678694725037
6870.0 0.7419440746307373
6875.0 0.6883152723312378
6880.0 0.7499836683273315
6885.0 0.8011475801467896
6890.0 0.7876035571098328
6895.0 0.7871633172035217
6900.0 0.8061789870262146
6905.0 0.8215807676315308
6910.0 0.8394465446472168
6915.0 0.8533297181129456
6920.0 0.8654147982597351
6925.0 0.8775893449783325
6930.0 0.8868849873542786
6935.0 0.8908932209014893
6940.0 0.8919891715049744
6945.0 0.8940674662590027
6950.0 0.8974404335021973
6955.0 0.8994622826576233
6960.0 0.8993934988975525
6965.0 0.9037987589836121
6970.0 0.9090297222137451
6975.0 0.9103366732597351
6980.0 0.9098177552223206
6985.0 0.9072888493537903
6990.0 0.9037530422210693
6995.0 0.9036890864372253
7000.0 0.9053621292114258
7005.0 0.9055729508399963
7010.0 0.9053261280059814
7015.0 0.9057173728942871
7020.0 0.9061111211776733
7025.0 0.906230092048645
7030.0 0.9074474573135376
7035.0 0.9105873107910156
7040.0 0.9104323387145996
7045.0 0.9107353091239929
7050.0 0.9109466075897217
7055.0 0.910699725151062
7060.0 0.9114607572555542
7065.0 0.9123111963272095
7070.0 0.9131641983985901
7075.0 0.913375973701477
7080.0 0.9135872721672058
7085.0 0.9143489003181458
7090.0 0.9148358702659607
7095.0 0.9150474667549133
7100.0 0.9148001670837402
7105.0 0.9150117635726929
7110.0 0.9154958724975586
7115.0 0.9159827828407288
7120.0 0.9162861108779907
7125.0 0.9162226915359497
7130.0 0.9158831834793091
7135.0 0.9160026907920837
7140.0 0.9160304665565491
7145.0 0.915412425994873
7150.0 0.9145216941833496
7155.0 0.9141815304756165
7160.0 0.9127395153045654
7165.0 0.906150758266449
7170.0 0.8911100625991821
7175.0 0.876432478427887
7180.0 0.8693786263465881
7185.0 0.857365608215332
7190.0 0.8500388860702515
7195.0 0.852257251739502
7200.0 0.8542901277542114
7205.0 0.8621147871017456
7210.0 0.8820895552635193
7215.0 0.9014331698417664
7220.0 0.9076247215270996
7225.0 0.905348539352417
7230.0 0.8929401636123657
7235.0 0.8738955855369568
7240.0 0.8718950152397156
7245.0 0.8732011318206787
7250.0 0.8773683309555054
7255.0 0.8807050585746765
7260.0 0.8870862126350403
7265.0 0.8866448402404785
7270.0 0.8854687809944153
7275.0 0.8794910311698914
7280.0 0.8785900473594666
7285.0 0.8907845616340637
7290.0 0.8895093202590942
7295.0 0.8914700746536255
7300.0 0.897395670413971
7305.0 0.8949262499809265
7310.0 0.8955007195472717
7315.0 0.897922933101654
7320.0 0.9028399586677551
7325.0 0.9109931588172913
7330.0 0.9144374132156372
7335.0 0.9147392511367798
7340.0 0.9170732498168945
7345.0 0.9178383946418762
7350.0 0.9174016118049622
7355.0 0.9177969694137573
7360.0 0.9171733260154724
7365.0 0.9169204235076904
7370.0 0.9175915122032166
7375.0 0.919651985168457
7380.0 0.9211582541465759
7385.0 0.9212763905525208
7390.0 0.9217627048492432
7395.0 0.9220659732818604
7400.0 0.9225545525550842
7405.0 0.9236912131309509
7410.0 0.924177348613739
7415.0 0.9244809746742249
7420.0 0.9249697923660278
7425.0 0.9249932169914246
7430.0 0.925389289855957
7435.0 0.9259707927703857
7440.0 0.9260892271995544
7445.0 0.926019549369812
7450.0 0.9262305498123169
7455.0 0.9262537956237793
7460.0 0.9264647960662842
7465.0 0.9266756772994995
7470.0 0.9267939329147339
7475.0 0.9268170595169067
7480.0 0.9269353151321411
7485.0 0.9271465539932251
7490.0 0.9272623062133789
7495.0 0.9274735450744629
7500.0 0.9275919198989868
7505.0 0.9276149272918701
7510.0 0.9279189109802246
7515.0 0.9281301498413086
7520.0 0.9282460808753967
7525.0 0.9284572601318359
7530.0 0.9286683797836304
7535.0 0.9287843704223633
7540.0 0.9289023876190186
7545.0 0.9290183186531067
7550.0 0.9292294383049011
7555.0 0.9294405579566956
7560.0 0.929463267326355
7565.0 0.9296743273735046
7570.0 0.9297922253608704
7575.0 0.929908037185669
7580.0 0.9298399686813354
7585.0 0.9257720112800598
7590.0 0.8809557557106018
7595.0 0.7012253999710083
7600.0 0.44259113073349
7605.0 0.30679166316986084
7610.0 0.32268357276916504
7615.0 0.4610940217971802
7620.0 0.605934739112854
7625.0 0.5851006507873535
7630.0 0.5056225061416626
7635.0 0.5065242052078247
7640.0 0.5503846406936646
7645.0 0.6034325957298279
7650.0 0.6660851836204529
7655.0 0.7226259708404541
7660.0 0.7679639458656311
7665.0 0.80682373046875
7670.0 0.8480076193809509
7675.0 0.875226616859436
7680.0 0.8905273675918579
7685.0 0.9004237055778503
7690.0 0.9072473645210266
7695.0 0.9136990308761597
7700.0 0.9216433763504028
7705.0 0.9270712733268738
7710.0 0.9294252991676331
7715.0 0.9303792119026184
7720.0 0.9309623837471008
7725.0 0.93126380443573
7730.0 0.9313806891441345
7735.0 0.9316821098327637
7740.0 0.9318921566009521
7745.0 0.9321956038475037
7750.0 0.9322170615196228
7755.0 0.9324272871017456
7760.0 0.9323554039001465
7765.0 0.932565450668335
7770.0 0.9325870275497437
7775.0 0.9327039122581482
7780.0 0.9326319098472595
7785.0 0.9327487349510193
7790.0 0.9328655004501343
7795.0 0.9328868985176086
7800.0 0.9330971240997314
7805.0 0.933118462562561
7810.0 0.933235228061676
7815.0 0.9333502054214478
7820.0 0.9334667921066284
7825.0 0.9335816502571106
7830.0 0.933698296546936
7835.0 0.9338130950927734
7840.0 0.9340232610702515
7845.0 0.9340463876724243
7850.0 0.9339743852615356
7855.0 0.933997631072998
7860.0 0.9339252710342407
7865.0 0.9332939982414246
7870.0 0.9327541589736938
7875.0 0.9326833486557007
7880.0 0.932236909866333
7885.0 0.9316987991333008
7890.0 0.9302236437797546
7895.0 0.9288429021835327
7900.0 0.9284894466400146
7905.0 0.9288856387138367
7910.0 0.9293748736381531
7915.0 0.9304246306419373
7920.0 0.9307257533073425
7925.0 0.9297183752059937
7930.0 0.9302069544792175
7935.0 0.9331303238868713
7940.0 0.93483567237854
7945.0 0.9347644448280334
7950.0 0.9341297745704651
7955.0 0.9329348802566528
7960.0 0.9293038249015808
7965.0 0.9281072616577148
7970.0 0.9309386014938354
7975.0 0.932738721370697
7980.0 0.9336958527565002
7985.0 0.9335305094718933
7990.0 0.9336445331573486
7995.0 0.9338538646697998
8000.0 0.9323750734329224
8005.0 0.9313658475875854
8010.0 0.9309176206588745
8015.0 0.9315009117126465
8020.0 0.9322709441184998
8025.0 0.9320112466812134
8030.0 0.9317501783370972
8035.0 0.9325210452079773
8040.0 0.9329162240028381
8045.0 0.9331256747245789
8050.0 0.9345523715019226
8055.0 0.9358869194984436
8060.0 0.9360008239746094
8065.0 0.9358333349227905
8070.0 0.9359487295150757
8075.0 0.935968816280365
8080.0 0.935896635055542
8085.0 0.9352598786354065
8090.0 0.9347186088562012
8095.0 0.9334255456924438
8100.0 0.9335405826568604
8105.0 0.9342171549797058
8110.0 0.932549774646759
8115.0 0.9304116368293762
8120.0 0.9289311170578003
8125.0 0.9277327656745911
8130.0 0.9216558337211609
8135.0 0.9104171395301819
8140.0 0.9059391617774963
8145.0 0.9037084579467773
8150.0 0.896035373210907
8155.0 0.8869563937187195
8160.0 0.8779692053794861
8165.0 0.8718963265419006
8170.0 0.8829795122146606
8175.0 0.883654773235321
8180.0 0.8703457713127136
8185.0 0.8811486959457397
8190.0 0.8896985650062561
8195.0 0.8906556367874146
8200.0 0.8907632827758789
8205.0 0.9099281430244446
8210.0 0.9245022535324097
8215.0 0.9235811829566956
8220.0 0.9141153693199158
8225.0 0.8821931481361389
8230.0 0.8393598794937134
8235.0 0.8577919006347656
8240.0 0.9005528688430786
8245.0 0.9162654280662537
8250.0 0.9199469685554504
8255.0 0.9159215092658997
8260.0 0.9124607443809509
8265.0 0.9222558736801147
8270.0 0.9246255159378052
8275.0 0.9060202836990356
8280.0 0.8946579098701477
8285.0 0.9013542532920837
8290.0 0.9011819958686829
8295.0 0.9041128158569336
8300.0 0.9128795266151428
8305.0 0.914027214050293
8310.0 0.9214792251586914
8315.0 0.9211170673370361
8320.0 0.9115345478057861
8325.0 0.9173881411552429
8330.0 0.9262559413909912
8335.0 0.9247666001319885
8340.0 0.926008939743042
8345.0 0.9322425127029419
8350.0 0.9343336820602417
8355.0 0.933220624923706
8360.0 0.9334283471107483
8365.0 0.9346717596054077
8370.0 0.9362919330596924
8375.0 0.9367825984954834
8380.0 0.9371780753135681
8385.0 0.938327431678772
8390.0 0.9389126896858215
8395.0 0.9395909309387207
8400.0 0.9397979378700256
8405.0 0.9392523169517517
8410.0 0.9387052655220032
8415.0 0.9395732283592224
8420.0 0.9401572942733765
8425.0 0.9410242438316345
8430.0 0.9411382675170898
8435.0 0.9406852722167969
8440.0 0.9407979846000671
8445.0 0.9414777755737305
8450.0 0.9419676661491394
8455.0 0.9424591064453125
8460.0 0.9423830509185791
8465.0 0.9423070549964905
8470.0 0.9427984356880188
8475.0 0.9428167343139648
8480.0 0.9422691464424133
8485.0 0.9421001076698303
8490.0 0.9421183466911316
8495.0 0.9423266053199768
8500.0 0.9424391984939575
8505.0 0.9422686696052551
8510.0 0.9419108033180237
8515.0 0.9416459202766418
8520.0 0.9418526887893677
8525.0 0.9424380660057068
8530.0 0.9427391290664673
8535.0 0.9427571892738342
8540.0 0.9425879120826721
8545.0 0.9426059126853943
8550.0 0.9429069757461548
8555.0 0.9431151151657104
8560.0 0.9433218240737915
8565.0 0.9435285329818726
8570.0 0.943547785282135
8575.0 0.9434712529182434
8580.0 0.9436780214309692
8585.0 0.9439805746078491
8590.0 0.9439984560012817
8595.0 0.944110631942749
8600.0 0.9444132447242737
8605.0 0.9444310069084167
8610.0 0.9443544149398804
8615.0 0.9445623755455017
8620.0 0.9445801377296448
8625.0 0.9445978403091431
8630.0 0.9448060393333435
8635.0 0.9448237419128418
8640.0 0.9448413848876953
8645.0 0.9451438188552856
8650.0 0.9451614618301392
8655.0 0.9450845718383789
8660.0 0.945292592048645
8665.0 0.945310115814209
8670.0 0.9453276991844177
8675.0 0.9454410672187805
8680.0 0.9454585909843445
8685.0 0.945570707321167
8690.0 0.9457786083221436
8695.0 0.9457960724830627
8700.0 0.9458134770393372
8705.0 0.9458308815956116
8710.0 0.9459442496299744
8715.0 0.9459616541862488
8720.0 0.9459789991378784
8725.0 0.9460922479629517
8730.0 0.9461095333099365
8735.0 0.9461268186569214
8740.0 0.9463347792625427
8745.0 0.9463520050048828
8750.0 0.9463692903518677
8755.0 0.9463877081871033
8760.0 0.9464049339294434
8765.0 0.9464221000671387
8770.0 0.946439266204834
8775.0 0.9465523958206177
8780.0 0.9464748501777649
8785.0 0.9464918971061707
8790.0 0.9466050863265991
8795.0 0.9466221332550049
8800.0 0.9466391801834106
8805.0 0.946562647819519
8810.0 0.9464850425720215
8815.0 0.9465019702911377
8820.0 0.9464254975318909
8825.0 0.9463477730751038
8830.0 0.9465540051460266
8835.0 0.9464762806892395
8840.0 0.9466838240623474
8845.0 0.9467954039573669
8850.0 0.9467175602912903
8855.0 0.9463567137718201
8860.0 0.9455209374427795
8865.0 0.9457271695137024
8870.0 0.9462175369262695
8875.0 0.9462354779243469
8880.0 0.9454942345619202
8885.0 0.945889949798584
8890.0 0.9469500780105591
8895.0 0.9467772245407104
8900.0 0.9460359215736389
8905.0 0.9459588527679443
8910.0 0.9463545083999634
8915.0 0.9458973407745361
8920.0 0.9446821808815002
8925.0 0.9437519311904907
8930.0 0.9393148422241211
8935.0 0.9365841150283813
8940.0 0.9376447796821594
8945.0 0.9330182671546936
8950.0 0.9234691858291626
8955.0 0.91060471534729
8960.0 0.901437520980835
8965.0 0.8881981372833252
8970.0 0.8829221725463867
8975.0 0.8921336531639099
8980.0 0.8974568247795105
8985.0 0.8640618324279785
8990.0 0.8218574523925781
8995.0 0.8418465852737427
9000.0 0.8693216443061829
9005.0 0.8623319864273071
9010.0 0.8668825030326843
9015.0 0.8739905953407288
9020.0 0.870867133140564
9025.0 0.8657520413398743
9030.0 0.8775056600570679
9035.0 0.9075445532798767
9040.0 0.926129937171936
9045.0 0.9235870838165283
9050.0 0.9196226000785828
9055.0 0.9191626310348511
9060.0 0.9158577919006348
9065.0 0.8960619568824768
9070.0 0.8733342289924622
9075.0 0.8654746413230896
9080.0 0.8641703724861145
9085.0 0.8676052093505859
9090.0 0.8688519597053528
9095.0 0.8744524717330933
9100.0 0.8782519698143005
9105.0 0.8721044659614563
9110.0 0.8833956122398376
9115.0 0.8880564570426941
9120.0 0.878684401512146
9125.0 0.890166699886322
9130.0 0.8702669739723206
9135.0 0.8477022051811218
9140.0 0.8655471205711365
9145.0 0.8949636220932007
9150.0 0.8872899413108826
9155.0 0.8481191396713257
9160.0 0.858939528465271
