decam/transmission_atmosphere/2012-09-12T00:00:00.ecsv
# %ECSV 1.0
# ---
# datatype:
# - {name: wavelength, unit: Angstrom, datatype: float64}
# - {name: throughput, datatype: float64}
# meta: !!omap
# - {TYPE: transmission_atmosphere}
# - {CALIBDATE: '2012-09-12T00:00:00'}
# - {INSTRUME: DECam}
# - {OBSTYPE: transmission_atmosphere}
# - {CALIBCLS: lsst.ip.isr.IntermediateAtmosphereTransmissionCurve}
# - {SOURCE: des_atm_std.fits}
# - {CALIB_CREATION_DATE: '2012-09-12'}
# - {CALIB_CREATION_TIME: '00:00:00'}
# schema: astropy-2.0
wavelength throughput
[from data line 1234]
9170.0 0.9022297263145447
9175.0 0.8753836154937744
9180.0 0.8641909956932068
9185.0 0.8870674967765808
9190.0 0.9091033935546875
9195.0 0.91499924659729
9200.0 0.9144445061683655
9205.0 0.9260458946228027
9210.0 0.9261537790298462
9215.0 0.9169501662254333
9220.0 0.9161101579666138
9225.0 0.9238205552101135
9230.0 0.9237406849861145
9235.0 0.9204334616661072
9240.0 0.916266143321991
9245.0 0.9127693176269531
9250.0 0.9121229648590088
9255.0 0.9161309599876404
9260.0 0.9191892147064209
9265.0 0.9207320809364319
9270.0 0.9247420430183411
9275.0 0.9048397541046143
9280.0 0.8767012357711792
9285.0 0.871550440788269
9290.0 0.862625002861023
9295.0 0.8459620475769043
9300.0 0.8115789890289307
9305.0 0.7798970937728882
9310.0 0.7491813898086548
9315.0 0.7160213589668274
9320.0 0.6534490585327148
9325.0 0.6314995288848877
9330.0 0.6383031606674194
9335.0 0.6205533742904663
9340.0 0.5528960227966309
9345.0 0.5273681282997131
9350.0 0.6019955277442932
9355.0 0.625374436378479
9360.0 0.6027987003326416
9365.0 0.6135254502296448
9370.0 0.6005882024765015
9375.0 0.6328460574150085
9380.0 0.6428499221801758
9385.0 0.6515879034996033
9390.0 0.7297135591506958
9395.0 0.8139619827270508
9400.0 0.8056464791297913
9405.0 0.7645952701568604
9410.0 0.7591304779052734
9415.0 0.7812349796295166
9420.0 0.774389386177063
9425.0 0.7066799998283386
9430.0 0.6560409665107727
9435.0 0.6938561797142029
9440.0 0.6611574292182922
9445.0 0.6343255043029785
9450.0 0.7104179859161377
9455.0 0.7232927083969116
9460.0 0.6798420548439026
9465.0 0.69744873046875
9470.0 0.7420040369033813
9475.0 0.7361172437667847
9480.0 0.6779519319534302
9485.0 0.7009779214859009
9490.0 0.7846130728721619
9495.0 0.739790678024292
9500.0 0.6778722405433655
9505.0 0.7222042083740234
9510.0 0.8036876320838928
9515.0 0.7930843830108643
9520.0 0.7041701078414917
9525.0 0.6823786497116089
9530.0 0.7328156232833862
9535.0 0.7623487710952759
9540.0 0.7700484395027161
9545.0 0.758366584777832
9550.0 0.7641757726669312
9555.0 0.7523692846298218
9560.0 0.7401737570762634
9565.0 0.7431576251983643
9570.0 0.7513590455055237
9575.0 0.8068071007728577
9580.0 0.8126612305641174
9585.0 0.7876690030097961
9590.0 0.7663643956184387
9595.0 0.751789391040802
9600.0 0.7805477976799011
9605.0 0.8051515817642212
9610.0 0.8226096630096436
9615.0 0.8400999903678894
9620.0 0.8224194645881653
9625.0 0.7901721596717834
9630.0 0.8177465796470642
9635.0 0.8441860675811768
9640.0 0.8343799114227295
9645.0 0.835130512714386
9650.0 0.8498815894126892
9655.0 0.8729081153869629
9660.0 0.8584441542625427
9665.0 0.8285301327705383
9670.0 0.842339038848877
9675.0 0.8979634046554565
9680.0 0.9166414737701416
9685.0 0.9009326696395874
9690.0 0.9120892286300659
9695.0 0.92333984375
9700.0 0.9152494072914124
9705.0 0.9116411805152893
9710.0 0.9210904836654663
9715.0 0.9131931662559509
9720.0 0.9103437066078186
9725.0 0.9092132449150085
9730.0 0.8996039032936096
9735.0 0.8922776579856873
9740.0 0.8897171020507812
9745.0 0.8814308047294617
9750.0 0.874389111995697
9755.0 0.8782153129577637
9760.0 0.8755587935447693
9765.0 0.8845263719558716
9770.0 0.9071367383003235
9775.0 0.9172541499137878
9780.0 0.9095390439033508
9785.0 0.9047789573669434
9790.0 0.9042197465896606
9795.0 0.9015570282936096
9800.0 0.9068167805671692
9805.0 0.9125503301620483
9810.0 0.9325968623161316
9815.0 0.9384308457374573
9820.0 0.9350074529647827
9825.0 0.92967689037323
9830.0 0.9283517003059387
9835.0 0.9394356608390808
9840.0 0.9463218450546265
9845.0 0.942325234413147
9850.0 0.9377580285072327
9855.0 0.9427353143692017
9860.0 0.9497171640396118
9865.0 0.9512583613395691
9870.0 0.9492669105529785
9875.0 0.9476572871208191
9880.0 0.9495805501937866
9885.0 0.9521721601486206
9890.0 0.9528545141220093
9895.0 0.951913058757782
9900.0 0.9506855010986328
9905.0 0.9513674378395081
9910.0 0.9524316787719727
9915.0 0.9529227614402771
9920.0 0.9533186554908752
9925.0 0.952854573726654
9930.0 0.9519129395484924
9935.0 0.9527860283851624
9940.0 0.9540411829948425
9945.0 0.9545323252677917
9950.0 0.9547374844551086
9955.0 0.9545598030090332
9960.0 0.9546687006950378
9965.0 0.9547776579856873
9970.0 0.954695463180542
9975.0 0.9547088742256165
9980.0 0.9546274542808533
9985.0 0.954640805721283
9990.0 0.9545586109161377
9995.0 0.954285204410553
10000.0 0.9543941020965576
10005.0 0.9550763964653015
10010.0 0.9549940824508667
10015.0 0.9534788727760315
10020.0 0.9518672227859497
10025.0 0.9529315829277039
10030.0 0.954569935798645
10035.0 0.9549654722213745
10040.0 0.9544051885604858
10045.0 0.9545145630836487
10050.0 0.9548144936561584
10055.0 0.9547321200370789
10060.0 0.9550321102142334
10065.0 0.9551408886909485
10070.0 0.955249547958374
10075.0 0.9550715684890747
10080.0 0.9547027945518494
10085.0 0.9544290900230408
10090.0 0.953485906124115
10095.0 0.9525428414344788
10100.0 0.9534164071083069
10105.0 0.9548637866973877
10110.0 0.9556424617767334
10115.0 0.955464243888855
10120.0 0.9549990892410278
10125.0 0.9552990198135376
10130.0 0.9557902216911316
10135.0 0.9558987021446228
10140.0 0.9558161497116089
10145.0 0.9556384086608887
10150.0 0.9557470083236694
10155.0 0.9557599425315857
10160.0 0.9557728171348572
10165.0 0.9558814167976379
10170.0 0.9556074142456055
10175.0 0.9558115601539612
10180.0 0.9563033580780029
10185.0 0.9562205076217651
10190.0 0.9552767872810364
10195.0 0.9549070000648499
10200.0 0.9557807445526123
10205.0 0.9561761021614075
10210.0 0.9562846422195435
10215.0 0.9562024474143982
10220.0 0.9560238122940063
10225.0 0.9560366272926331
10230.0 0.9556666016578674
10235.0 0.9551052451133728
10240.0 0.9547353982925415
10245.0 0.955609142780304
10250.0 0.9562923312187195
10255.0 0.9562093019485474
10260.0 0.956317663192749
10265.0 0.9565216302871704
10270.0 0.9563429951667786
10275.0 0.9559728503227234
10280.0 0.9561768174171448
10285.0 0.9563809037208557
10290.0 0.956298291683197
10295.0 0.9565979242324829
10300.0 0.9568019509315491
10305.0 0.9568144679069519
10310.0 0.956731379032135
10315.0 0.9567438960075378
10320.0 0.9568528532981873
10325.0 0.9569609761238098
10330.0 0.9569735527038574
10335.0 0.956890344619751
10340.0 0.9569985270500183
10345.0 0.9570108652114868
10350.0 0.9570233821868896
10355.0 0.9570364952087402
10360.0 0.9569531083106995
10365.0 0.9568698406219482
10370.0 0.9568821787834167
10375.0 0.95689457654953
10380.0 0.9570028185844421
10385.0 0.9570151567459106
10390.0 0.9569317102432251
10395.0 0.9569441080093384
10400.0 0.9569569230079651
10405.0 0.9569692611694336
10410.0 0.9569815993309021
10415.0 0.9569938778877258
10420.0 0.9569104313850403
10425.0 0.956922709941864
10430.0 0.9569349884986877
10435.0 0.9568514823913574
10440.0 0.9569599628448486
10445.0 0.9568763971328735
10450.0 0.9567927122116089
10455.0 0.9566134810447693
10460.0 0.9565298557281494
10465.0 0.9564462304115295
10470.0 0.9564582109451294
10475.0 0.9564709663391113
10480.0 0.9563871622085571
10485.0 0.9562075734138489
10490.0 0.9558364152908325
10495.0 0.9554651379585266
10500.0 0.9553813338279724
10505.0 0.9554892778396606
10510.0 0.9554054737091064
10515.0 0.9552261233329773
10520.0 0.9549506306648254
10525.0 0.954675018787384
10530.0 0.954495370388031
10535.0 0.9543156623840332
10540.0 0.954039990901947
10545.0 0.9537643790245056
10550.0 0.9533928036689758
10555.0 0.9530213475227356
10560.0 0.9526498317718506
10565.0 0.9521822929382324
10570.0 0.9517147541046143
10575.0 0.9511513710021973
10580.0 0.9506838917732239
10585.0 0.9501202702522278
10590.0 0.9497486352920532
10595.0 0.9492810964584351
10600.0 0.9491006135940552
10605.0 0.9489205479621887
10610.0 0.9485498070716858
10615.0 0.9482738375663757
10620.0 0.9479030966758728
10625.0 0.9475324153900146
10630.0 0.9472553730010986
10635.0 0.9468822479248047
10640.0 0.9464144110679626
10645.0 0.9461389780044556
10650.0 0.9457695484161377
10655.0 0.9456839561462402
10660.0 0.9457889199256897
10665.0 0.945896327495575
10670.0 0.9460065960884094
10675.0 0.9458288550376892
10680.0 0.9462238550186157
10685.0 0.9474802017211914
10690.0 0.9482620358467102
10695.0 0.9487573504447937
10700.0 0.9494404196739197
10705.0 0.950598418712616
10710.0 0.9517577886581421
10715.0 0.9519636631011963
10720.0 0.9517880082130432
10725.0 0.9520879983901978
10730.0 0.9534382224082947
10735.0 0.9545019268989563
10740.0 0.9539417624473572
10745.0 0.9521383047103882
10750.0 0.9529144763946533
10755.0 0.955412745475769
10760.0 0.9561901688575745
10765.0 0.9559151530265808
10770.0 0.9542995691299438
10775.0 0.9520128965377808
10780.0 0.9534602761268616
10785.0 0.9561535120010376
10790.0 0.9570272564888
10795.0 0.9564639925956726
10800.0 0.953792154788971
10805.0 0.9511197209358215
10810.0 0.9524723291397095
10815.0 0.9527707695960999
10820.0 0.9544116258621216
10825.0 0.9563406705856323
10830.0 0.953092098236084
10835.0 0.949938178062439
10840.0 0.9526346325874329
10845.0 0.9545634984970093
10850.0 0.9542868137359619
10855.0 0.950173556804657
10860.0 0.9421274662017822
10865.0 0.9403142333030701
10870.0 0.9484790563583374
10875.0 0.9549188017845154
10880.0 0.9570404291152954
10885.0 0.9550368189811707
10890.0 0.9504426121711731
10895.0 0.9486307501792908
10900.0 0.9472015500068665
10905.0 0.9443353414535522
10910.0 0.9505832195281982
10915.0 0.9540485143661499
10920.0 0.9450392127037048
10925.0 0.9367014169692993
10930.0 0.9405509233474731
10935.0 0.9486230611801147
10940.0 0.9482502937316895
10945.0 0.941545307636261
10950.0 0.9420360326766968
10955.0 0.9410873055458069
10960.0 0.9368781447410583
10965.0 0.9433194994926453
10970.0 0.9484148621559143
10975.0 0.9418048858642578
10980.0 0.937113881111145
10985.0 0.93587726354599
10990.0 0.9285950660705566
10995.0 0.9218922257423401
11000.0 0.9244936108589172
