decam/transmission_atmosphere/2012-09-12T00:00:00.ecsv
# %ECSV 1.0
# ---
# datatype:
# - {name: wavelength, unit: Angstrom, datatype: float64}
# - {name: throughput, datatype: float64}
# meta: !!omap
# - {TYPE: transmission_atmosphere}
# - {CALIBDATE: '2012-09-12T00:00:00'}
# - {INSTRUME: DECam}
# - {OBSTYPE: transmission_atmosphere}
# - {CALIBCLS: lsst.ip.isr.IntermediateAtmosphereTransmissionCurve}
# - {SOURCE: des_atm_std.fits}
# - {CALIB_CREATION_DATE: '2012-09-12'}
# - {CALIB_CREATION_TIME: '00:00:00'}
# schema: astropy-2.0
wavelength throughput
3000.0 0.01458919420838356
3005.0 0.017724765464663506
3010.0 0.02195957861840725
3015.0 0.026555143296718597
3020.0 0.03071996569633484
3025.0 0.036156706511974335
3030.0 0.043156132102012634
3035.0 0.04930518567562103
3040.0 0.05442070588469505
3045.0 0.06168486177921295
3050.0 0.07156643271446228
3055.0 0.08012929558753967
3060.0 0.08603779226541519
3065.0 0.09328675270080566
3070.0 0.10468553006649017
3075.0 0.11631117016077042
3080.0 0.12389834970235825
3085.0 0.13027700781822205
3090.0 0.13926513493061066
3095.0 0.1523321568965912
3100.0 0.1636359989643097
3105.0 0.1709761619567871
3110.0 0.17804528772830963
3115.0 0.1862877607345581
3120.0 0.19868122041225433
3125.0 0.21111027896404266
3130.0 0.21859537065029144
3135.0 0.22243990004062653
3140.0 0.2321116030216217
3145.0 0.24663960933685303
3150.0 0.2547549605369568
3155.0 0.25695404410362244
3160.0 0.26502564549446106
3165.0 0.27769744396209717
3170.0 0.2842367887496948
3175.0 0.28611207008361816
3180.0 0.29372289776802063
3185.0 0.3080977499485016
3190.0 0.31766489148139954
3195.0 0.31717878580093384
3200.0 0.3181161880493164
3205.0 0.3300001621246338
3210.0 0.3442780673503876
3215.0 0.3491581678390503
3220.0 0.3446376919746399
3225.0 0.3438046872615814
3230.0 0.3543376922607422
3235.0 0.36974480748176575
3240.0 0.37711647152900696
3245.0 0.3741472065448761
3250.0 0.3705538511276245
3255.0 0.37595731019973755
3260.0 0.3873025178909302
3265.0 0.3968641757965088
3270.0 0.3991929888725281
3275.0 0.39624637365341187
3280.0 0.394483357667923
3285.0 0.40185099840164185
3290.0 0.4127449691295624
3295.0 0.41903331875801086
3300.0 0.4195612072944641
3305.0 0.41733118891716003
3310.0 0.41711553931236267
3315.0 0.42193353176116943
3320.0 0.43013110756874084
3325.0 0.43563932180404663
3330.0 0.4372137784957886
3335.0 0.43609732389450073
3340.0 0.43684184551239014
3345.0 0.4422282576560974
3350.0 0.44791820645332336
3355.0 0.45190948247909546
3360.0 0.4538584053516388
3365.0 0.4540608525276184
3370.0 0.4538293778896332
3375.0 0.4551561772823334
3380.0 0.45960384607315063
3385.0 0.4642566740512848
3390.0 0.4673844575881958
3395.0 0.4690595269203186
3400.0 0.46978050470352173
3405.0 0.47125720977783203
3410.0 0.47449791431427
3415.0 0.47779715061187744
3420.0 0.4804336428642273
3425.0 0.48245275020599365
3430.0 0.4841272234916687
3435.0 0.4853120744228363
3440.0 0.4862534701824188
3445.0 0.4884086847305298
3450.0 0.4913139343261719
3455.0 0.4939713478088379
3460.0 0.49624529480934143
3465.0 0.49832284450531006
3470.0 0.5001518130302429
3475.0 0.5018298029899597
3480.0 0.5037587285041809
3485.0 0.5058908462524414
3490.0 0.5079343318939209
3495.0 0.5099689960479736
3500.0 0.5118513107299805
3505.0 0.5135911107063293
3510.0 0.5153189897537231
3515.0 0.5168512463569641
3520.0 0.5186417698860168
3525.0 0.5206408500671387
3530.0 0.5227327942848206
3535.0 0.5245251655578613
3540.0 0.5261209607124329
3545.0 0.5278606414794922
3550.0 0.5297595262527466
3555.0 0.5316594243049622
3560.0 0.5333085656166077
3565.0 0.5349951386451721
3570.0 0.5365362167358398
3575.0 0.5383296608924866
3580.0 0.5401401519775391
3585.0 0.5420059561729431
3590.0 0.5438554286956787
3595.0 0.5455047488212585
3600.0 0.5471537709236145
3605.0 0.5487114191055298
3610.0 0.5504152774810791
3615.0 0.5521194934844971
3620.0 0.55387943983078
3625.0 0.555492639541626
3630.0 0.5572534203529358
3635.0 0.5588672757148743
3640.0 0.5605165362358093
3645.0 0.5620177984237671
3650.0 0.5635750889778137
3655.0 0.565245509147644
3660.0 0.5669735074043274
3665.0 0.5686452388763428
3670.0 0.5702031850814819
3675.0 0.5717607736587524
3680.0 0.5734333992004395
3685.0 0.5749571919441223
3690.0 0.5765727162361145
3695.0 0.578096866607666
3700.0 0.5797709226608276
3705.0 0.5812954902648926
3710.0 0.582853376865387
3715.0 0.5842608213424683
3720.0 0.5857266187667847
3725.0 0.5872511863708496
3730.0 0.5888940095901489
3735.0 0.5904783606529236
3740.0 0.5920038223266602
3745.0 0.5935294032096863
3750.0 0.5949037671089172
3755.0 0.5963098406791687
3760.0 0.5976237058639526
3765.0 0.5991490483283997
3770.0 0.6007636785507202
3775.0 0.602410614490509
3780.0 0.603905975818634
3785.0 0.605280339717865
3790.0 0.6065936088562012
3795.0 0.6079065203666687
3800.0 0.609279990196228
3805.0 0.6107760071754456
3810.0 0.612272322177887
3815.0 0.6137074828147888
3820.0 0.6152045130729675
3825.0 0.6166101694107056
3830.0 0.6180459856987
3835.0 0.6193279027938843
3840.0 0.6206392645835876
3845.0 0.6219831705093384
3850.0 0.6233271360397339
3855.0 0.6248257756233215
3860.0 0.6262328624725342
3865.0 0.6275774240493774
3870.0 0.6288589835166931
3875.0 0.6301403641700745
3880.0 0.6314849257469177
3885.0 0.6328296065330505
3890.0 0.6340824961662292
3895.0 0.6354272961616516
3900.0 0.6367722153663635
3905.0 0.6380253434181213
3910.0 0.6393703818321228
3915.0 0.6405593752861023
3920.0 0.6419044733047485
3925.0 0.6432223916053772
3930.0 0.6446052193641663
3935.0 0.6459238529205322
3940.0 0.6472699046134949
3945.0 0.6484588980674744
3950.0 0.6495558023452759
3955.0 0.6506791710853577
3960.0 0.6519984006881714
3965.0 0.6533834338188171
3970.0 0.6545457243919373
3975.0 0.6556685566902161
3980.0 0.6567909717559814
3985.0 0.6579529047012329
3990.0 0.659339427947998
3995.0 0.6604353189468384
4000.0 0.6615569591522217
4005.0 0.6627190709114075
4010.0 0.6640399694442749
4015.0 0.6652690768241882
4020.0 0.6666322350502014
4025.0 0.6678621768951416
4030.0 0.6690253019332886
4035.0 0.6701211929321289
4040.0 0.6712169051170349
4045.0 0.6723124384880066
4050.0 0.6734077334403992
4055.0 0.6745462417602539
4060.0 0.6758448481559753
4065.0 0.6771441102027893
4070.0 0.6782835125923157
4075.0 0.6793110370635986
4080.0 0.6801093220710754
4085.0 0.6811357140541077
4090.0 0.6822068691253662
4095.0 0.683346152305603
4100.0 0.6843485236167908
4105.0 0.6855116486549377
4110.0 0.6867203712463379
4115.0 0.6879986524581909
4120.0 0.6891394257545471
4125.0 0.6900033354759216
4130.0 0.6907973885536194
4135.0 0.6917294263839722
4140.0 0.692916750907898
4145.0 0.694196879863739
4150.0 0.6954079866409302
4155.0 0.6966195106506348
4160.0 0.6976691484451294
4165.0 0.6987413763999939
4170.0 0.6996510624885559
4175.0 0.700560450553894
4180.0 0.7015620470046997
4185.0 0.702471137046814
4190.0 0.7035430073738098
4195.0 0.7045226097106934
4200.0 0.7054314017295837
4205.0 0.7064108848571777
4210.0 0.7073903679847717
4215.0 0.7082991003990173
4220.0 0.7092074155807495
4225.0 0.7101866006851196
4230.0 0.7111660242080688
4235.0 0.7120739221572876
4240.0 0.7128387689590454
4245.0 0.7136537432670593
4250.0 0.7148479223251343
4255.0 0.7161146402359009
4260.0 0.7171458601951599
4265.0 0.7180536985397339
4270.0 0.7188169956207275
4275.0 0.7195594906806946
4280.0 0.7204463481903076
4285.0 0.7216429114341736
4290.0 0.7227475643157959
4295.0 0.7237802147865295
4300.0 0.7245423197746277
4305.0 0.7251384854316711
4310.0 0.7259526252746582
4315.0 0.7269126772880554
4320.0 0.7280188202857971
4325.0 0.7290522456169128
4330.0 0.72979336977005
4335.0 0.7303875684738159
4340.0 0.731201171875
4345.0 0.7319409847259521
4350.0 0.732514500617981
4355.0 0.7334745526313782
4360.0 0.7345821857452393
4365.0 0.7356904149055481
4370.0 0.7367804646492004
4375.0 0.73788982629776
4380.0 0.7385368347167969
4385.0 0.7390535473823547
4390.0 0.7393285036087036
4395.0 0.7400662899017334
4400.0 0.7410833835601807
4405.0 0.7422679662704468
4410.0 0.7433604001998901
4415.0 0.7441551089286804
4420.0 0.7450244426727295
4425.0 0.7456877827644348
4430.0 0.7463324069976807
4435.0 0.7471264600753784
4440.0 0.7478453516960144
4445.0 0.7482642531394958
4450.0 0.7488322257995605
4455.0 0.7497009038925171
4460.0 0.7507957220077515
4465.0 0.7519662976264954
4470.0 0.7527433633804321
4475.0 0.7534616589546204
4480.0 0.7537262439727783
4485.0 0.7542169690132141
4490.0 0.7551451325416565
4495.0 0.7563939094543457
4500.0 0.7573398947715759
4505.0 0.7581173181533813
4510.0 0.7588352560997009
4515.0 0.7594605684280396
4520.0 0.7602545619010925
4525.0 0.7608793377876282
4530.0 0.7615804672241211
4535.0 0.7623742818832397
4540.0 0.7632284760475159
4545.0 0.7640990614891052
4550.0 0.7647235989570618
4555.0 0.7652714252471924
4560.0 0.7659724354743958
4565.0 0.7666734457015991
4570.0 0.767374575138092
4575.0 0.767998456954956
4580.0 0.7683141231536865
4585.0 0.768706202507019
4590.0 0.7694063782691956
4595.0 0.7701838612556458
4600.0 0.7708067297935486
4605.0 0.7713521718978882
4610.0 0.7718972563743591
4615.0 0.7725195288658142
4620.0 0.7733743190765381
4625.0 0.774136483669281
4630.0 0.7747587561607361
4635.0 0.7751476168632507
4640.0 0.7756763696670532
4645.0 0.7765316367149353
4650.0 0.7774502635002136
4655.0 0.7785401940345764
4660.0 0.779474675655365
4665.0 0.780160129070282
4670.0 0.7804546356201172
4675.0 0.7808415293693542
4680.0 0.7813700437545776
4685.0 0.7820696830749512
4690.0 0.782676637172699
4695.0 0.7833618521690369
4700.0 0.7841401100158691
4705.0 0.7846681475639343
4710.0 0.7852748036384583
4715.0 0.78596031665802
4720.0 0.7865667343139648
4725.0 0.7871875762939453
4730.0 0.7877942323684692
4735.0 0.7882425785064697
4740.0 0.7885326147079468
4745.0 0.7888222336769104
4750.0 0.7894281148910522
4755.0 0.7900336980819702
4760.0 0.7906394004821777
4765.0 0.7911654710769653
4770.0 0.7915987372398376
4775.0 0.7920450568199158
4780.0 0.7924115657806396
4785.0 0.7928574085235596
4790.0 0.7931438088417053
4795.0 0.7932574152946472
4800.0 0.7937021851539612
4805.0 0.7942259311676025
4810.0 0.7946574687957764
4815.0 0.795101523399353
4820.0 0.7956254482269287
4825.0 0.7962961792945862
4830.0 0.7970597743988037
4835.0 0.7977308630943298
4840.0 0.7984153628349304
4845.0 0.7990075945854187
4850.0 0.7995321154594421
4855.0 0.800123929977417
4860.0 0.8007156848907471
4865.0 0.8014000654220581
4870.0 0.8020724058151245
4875.0 0.8024228811264038
4880.0 0.8030267953872681
4885.0 0.8029745221138
4890.0 0.8032433986663818
4895.0 0.8039268851280212
4900.0 0.8045175075531006
4905.0 0.8051891326904297
4910.0 0.8057801723480225
4915.0 0.8062905669212341
4920.0 0.8068013191223145
4925.0 0.8071497678756714
4930.0 0.807579517364502
4935.0 0.8079276084899902
4940.0 0.8082759380340576
4945.0 0.8086236119270325
4950.0 0.8090521693229675
4955.0 0.8095616698265076
4960.0 0.8098272085189819
4965.0 0.8102548122406006
4970.0 0.8106011152267456
4975.0 0.8111090660095215
4980.0 0.8115354776382446
4985.0 0.8120430707931519
4990.0 0.8122130632400513
4995.0 0.8123941421508789
5000.0 0.8126561641693115
5005.0 0.8125810027122498
5010.0 0.8126793503761292
5015.0 0.8127773404121399
5020.0 0.8127933740615845
5025.0 0.812635064125061
5030.0 0.8124885559082031
5035.0 0.8122492432594299
5040.0 0.8122652173042297
5045.0 0.8127583861351013
5050.0 0.8134247660636902
5055.0 0.813837468624115
5060.0 0.8143433928489685
5065.0 0.8148385286331177
5070.0 0.8155086040496826
5075.0 0.8160048127174377
5080.0 0.816675066947937
5085.0 0.8172532320022583
5090.0 0.8178313374519348
5095.0 0.8184202313423157
5100.0 0.8189167380332947
5105.0 0.8194953799247742
5110.0 0.8201655745506287
5115.0 0.8205783367156982
5120.0 0.8209089040756226
5125.0 0.8212392926216125
5130.0 0.8216519355773926
5135.0 0.8222382068634033
5140.0 0.8225682377815247
5145.0 0.82289719581604
5150.0 0.8232271075248718
5155.0 0.8235557675361633
5160.0 0.8238853812217712
5165.0 0.8242974281311035
5170.0 0.8245431184768677
5175.0 0.8248723149299622
5180.0 0.8252112865447998
5185.0 0.825291097164154
5190.0 0.8255273699760437
5195.0 0.8257721662521362
5200.0 0.8261929154396057
5205.0 0.826261043548584
5210.0 0.8265879154205322
5215.0 0.8269145488739014
5220.0 0.8271571397781372
5225.0 0.8273165822029114
5230.0 0.8273928761482239
5235.0 0.8274675607681274
5240.0 0.8274510502815247
5245.0 0.8274407982826233
5250.0 0.8273487687110901
5255.0 0.8273389935493469
5260.0 0.8274118304252625
5265.0 0.8274751305580139
5270.0 0.8275473713874817
5275.0 0.8277846574783325
5280.0 0.827764093875885
5285.0 0.8278351426124573
5290.0 0.8278968334197998
5295.0 0.828051745891571
5300.0 0.8281974196434021
5305.0 0.8283518552780151
5310.0 0.8285059332847595
5315.0 0.8285680413246155
5320.0 0.8288064002990723
5325.0 0.8290376663208008
5330.0 0.8293605446815491
5335.0 0.8296746611595154
5340.0 0.8299973607063293
5345.0 0.830396294593811
5350.0 0.8308871388435364
5355.0 0.8312860131263733
5360.0 0.8316935896873474
5365.0 0.8320094347000122
5370.0 0.8324169516563416
5375.0 0.832732617855072
5380.0 0.8329715132713318
5385.0 0.8330349922180176
5390.0 0.833264946937561
5395.0 0.8333262205123901
5400.0 0.8334707021713257
5405.0 0.8336231708526611
5410.0 0.8335170149803162
5415.0 0.8335855603218079
5420.0 0.8336436152458191
5425.0 0.8338704109191895
5430.0 0.8340970873832703
5435.0 0.8340710401535034
5440.0 0.8343055248260498
5445.0 0.8345315456390381
5450.0 0.8346740007400513
5455.0 0.8347327709197998
5460.0 0.834877073764801
5465.0 0.8351026177406311
5470.0 0.8355889916419983
5475.0 0.8357227444648743
5480.0 0.836033821105957
5485.0 0.8363527059555054
5490.0 0.8365799188613892
5495.0 0.8368907570838928
5500.0 0.837199330329895
5505.0 0.8374262452125549
5510.0 0.8377368450164795
5515.0 0.8378774523735046
5520.0 0.8381878733634949
5525.0 0.8382443785667419
5530.0 0.8383844494819641
5535.0 0.8385244011878967
5540.0 0.8386590480804443
5545.0 0.8388825058937073
5550.0 0.8390195965766907
5555.0 0.839158833026886
5560.0 0.8392953872680664
5565.0 0.8392638564109802
5570.0 0.8393160700798035
5575.0 0.8392813205718994
5580.0 0.8393329381942749
5585.0 0.8392903208732605
5590.0 0.8393415808677673
5595.0 0.8393058180809021
5600.0 0.8392696976661682
5605.0 0.8390581607818604
5610.0 0.8390215635299683
5615.0 0.8389846682548523
5620.0 0.8389474153518677
5625.0 0.8387348651885986
5630.0 0.8387839794158936
5635.0 0.8386620879173279
5640.0 0.8385359048843384
5645.0 0.8385842442512512
5650.0 0.838716447353363
5655.0 0.8388444781303406
5660.0 0.8389762043952942
5665.0 0.8391109704971313
5670.0 0.8391546010971069
5675.0 0.8389500379562378
5680.0 0.8386577367782593
5685.0 0.8382880091667175
5690.0 0.8380826711654663
5695.0 0.8381255865097046
5700.0 0.8383427858352661
5705.0 0.8387213349342346
5710.0 0.8391901850700378
5715.0 0.8391485810279846
5720.0 0.8389453887939453
5725.0 0.8391587138175964
5730.0 0.8394625186920166
5735.0 0.839847207069397
5740.0 0.8401509523391724
5745.0 0.8402835726737976
5750.0 0.8406746983528137
5755.0 0.8412312865257263
5760.0 0.8417103290557861
5765.0 0.84210205078125
5770.0 0.8424063324928284
5775.0 0.8428012728691101
5780.0 0.8433619141578674
5785.0 0.8438447117805481
5790.0 0.8442369699478149
5795.0 0.8447135090827942
5800.0 0.8451087474822998
5805.0 0.8455011248588562
5810.0 0.8459780812263489
5815.0 0.8464614152908325
5820.0 0.8467659950256348
5825.0 0.8471586108207703
5830.0 0.8474632501602173
5835.0 0.8479467034339905
5840.0 0.8481665849685669
5845.0 0.8483863472938538
5850.0 0.8487818837165833
5855.0 0.8490015268325806
5860.0 0.8490480780601501
5865.0 0.8490095138549805
5870.0 0.8490616679191589
5875.0 0.8485976457595825
5880.0 0.8475378751754761
5885.0 0.8455418348312378
5890.0 0.8437972664833069
5895.0 0.8436695337295532
5900.0 0.8437161445617676
5905.0 0.8449491858482361
5910.0 0.8461798429489136
5915.0 0.8455381393432617
5920.0 0.8442999720573425
5925.0 0.8447614312171936
5930.0 0.8468397259712219
5935.0 0.8476405739784241
5940.0 0.8460632562637329
5945.0 0.8435420989990234
5950.0 0.8446833491325378
5955.0 0.8470973372459412
5960.0 0.8478946089744568
5965.0 0.8479253649711609
5970.0 0.8473638296127319
5975.0 0.8474791646003723
5980.0 0.8479378819465637
5985.0 0.8486512303352356
5990.0 0.8486843109130859
5995.0 0.8490608334541321
6000.0 0.8493524789810181
6005.0 0.8497288227081299
6010.0 0.8501087427139282
6015.0 0.8503187894821167
6020.0 0.8507025837898254
6025.0 0.8510014414787292
6030.0 0.8513852953910828
6035.0 0.8516878485679626
6040.0 0.8520795702934265
6045.0 0.85246741771698
6050.0 0.85276859998703
6055.0 0.8531604409217834
6060.0 0.8536413908004761
6065.0 0.8540332913398743
6070.0 0.8545144200325012
