decam/transmission_system/s13/z_decam_sdss_c0004_9260.0_1520.0/2012-09-12T00:00:00.ecsv
# %ECSV 1.0
# ---
# datatype:
# - {name: wavelength, unit: Angstrom, datatype: float64}
# - {name: throughput, datatype: float64}
# meta: !!omap
# - {MODE: DETECTOR}
# - {TYPE: transmission_system}
# - {CALIBDATE: '2012-09-12T00:00:00'}
# - {INSTRUME: DECam}
# - {OBSTYPE: transmission_system}
# - {CALIBCLS: lsst.ip.isr.IntermediateSystemTransmissionCurve}
# - {DETECTOR: 24}
# - {DETECTOR_NAME: S13}
# - {SOURCE: z_band_per_detector_throughput.fits}
# - {FILTER: z DECam SDSS c0004 9260.0 1520.0}
# - {CALIB_CREATION_DATE: '2012-09-12'}
# - {CALIB_CREATION_TIME: '00:00:00'}
# schema: astropy-2.0
wavelength throughput
8200.0 0.0
8210.0 0.0
8220.0 0.0
8230.0 0.0
8240.0 0.0
8250.0 0.0
8260.0 0.0052921525202691555
8270.0 0.005914540495723486
8280.0 0.005178820341825485
8290.0 0.006049775518476963
8300.0 0.006920719984918833
8310.0 0.007420127745717764
8320.0 0.0085606062784791
8330.0 0.009701095521450043
8340.0 0.010841574519872665
8350.0 0.015560408122837543
8360.0 0.01653757318854332
8370.0 0.017514724284410477
8380.0 0.018491877242922783
8390.0 0.027858521789312363
8400.0 0.0340452678501606
8410.0 0.040232010185718536
8420.0 0.046418752521276474
8430.0 0.09522249549627304
8440.0 0.09031447768211365
8450.0 0.1434941291809082
8460.0 0.19667376577854156
8470.0 0.3885619342327118
8480.0 0.38250118494033813
8490.0 0.5093918442726135
8500.0 0.6362825036048889
8510.0 0.7364009618759155
8520.0 0.8365193009376526
8530.0 0.8926994204521179
8540.0 0.9488794207572937
8550.0 0.9619455933570862
8560.0 0.9750118255615234
8570.0 0.968299150466919
8580.0 0.9787787199020386
8590.0 0.9632484316825867
8600.0 0.9624944925308228
8610.0 0.9692514538764954
8620.0 0.9742566347122192
8630.0 0.984881579875946
8640.0 0.9933826923370361
8650.0 0.9960674047470093
8660.0 0.9935470819473267
8670.0 0.9999950528144836
8680.0 0.9986488223075867
8690.0 0.9973027110099792
8700.0 0.9968697428703308
8710.0 0.9964366555213928
8720.0 0.9966582655906677
8730.0 0.9968799352645874
8740.0 0.9960060119628906
8750.0 0.9988828897476196
8760.0 1.0013504028320312
8770.0 1.0038179159164429
8780.0 1.007001519203186
8790.0 1.0101851224899292
8800.0 1.0136852264404297
8810.0 1.0171853303909302
8820.0 1.0203593969345093
8830.0 1.0235334634780884
8840.0 1.0251643657684326
8850.0 1.026795506477356
8860.0 1.0276702642440796
8870.0 1.0285451412200928
8880.0 1.0287389755249023
8890.0 1.0289329290390015
8900.0 1.0247551202774048
8910.0 1.0222185850143433
8920.0 1.0207433700561523
8930.0 1.0192680358886719
8940.0 1.017792820930481
8950.0 1.0171406269073486
8960.0 1.0164884328842163
8970.0 1.017081379890442
8980.0 1.0176743268966675
8990.0 1.0197993516921997
9000.0 1.021924376487732
9010.0 1.0247067213058472
9020.0 1.0274890661239624
9030.0 1.0298914909362793
9040.0 1.0322937965393066
9050.0 1.0321018695831299
9060.0 1.0356626510620117
9070.0 1.0341625213623047
9080.0 1.0326625108718872
9090.0 1.029663324356079
9100.0 1.026664137840271
9110.0 1.0232735872268677
9120.0 1.0238631963729858
9130.0 1.0233139991760254
9140.0 1.021362543106079
9150.0 1.0246789455413818
9160.0 1.0256156921386719
9170.0 1.0265525579452515
9180.0 1.028674840927124
9190.0 1.0307971239089966
9200.0 1.0307135581970215
9210.0 1.030630111694336
9220.0 1.0292607545852661
9230.0 1.0278912782669067
9240.0 1.0213804244995117
9250.0 1.0148695707321167
9260.0 1.0093324184417725
9270.0 1.0037953853607178
9280.0 0.9941684007644653
9290.0 0.9845414757728577
9300.0 0.97736656665802
9310.0 0.9701915383338928
9320.0 0.9641721248626709
9330.0 0.9581525921821594
9340.0 0.9492965340614319
9350.0 0.9404405951499939
9360.0 0.9295787215232849
9370.0 0.9187169075012207
9380.0 0.9108059406280518
9390.0 0.902894914150238
9400.0 0.8911399245262146
9410.0 0.8793849945068359
9420.0 0.8708268404006958
9430.0 0.8622686266899109
9440.0 0.8557963371276855
9450.0 0.8577110767364502
9460.0 0.8593499660491943
9470.0 0.857006311416626
9480.0 0.8580969572067261
9490.0 0.8591876029968262
9500.0 0.8591340780258179
9510.0 0.8647558689117432
9520.0 0.8677093982696533
9530.0 0.8706629872322083
9540.0 0.8744820356369019
9550.0 0.8783010244369507
9560.0 0.8815041780471802
9570.0 0.8847073316574097
9580.0 0.8850073218345642
9590.0 0.8853074312210083
9600.0 0.8823779821395874
9610.0 0.8794484734535217
9620.0 0.8757641911506653
9630.0 0.8720799088478088
9640.0 0.8678551316261292
9650.0 0.8636304140090942
9660.0 0.8610575199127197
9670.0 0.8584847450256348
9680.0 0.8561772108078003
9690.0 0.8538697361946106
9700.0 0.8515622615814209
9710.0 0.8492547869682312
9720.0 0.8457172513008118
9730.0 0.8421797752380371
9740.0 0.8374965786933899
9750.0 0.8328132629394531
9760.0 0.8255488276481628
9770.0 0.8182843923568726
9780.0 0.8093146681785583
9790.0 0.8003448843955994
9800.0 0.7913082242012024
9810.0 0.7822715640068054
9820.0 0.7739506363868713
9830.0 0.7656298279762268
9840.0 0.7573389410972595
9850.0 0.7490479946136475
9860.0 0.7390801906585693
9870.0 0.7291123270988464
9880.0 0.7180252075195312
9890.0 0.7069380879402161
9900.0 0.6913138628005981
9910.0 0.6756896376609802
9920.0 0.6518946290016174
9930.0 0.6280996799468994
9940.0 0.5855614542961121
9950.0 0.5430232882499695
9960.0 0.490466445684433
9970.0 0.43790963292121887
9980.0 0.3728017508983612
9990.0 0.30769386887550354
10000.0 0.23783040046691895
10010.0 0.16796693205833435
10020.0 0.11760388314723969
10030.0 0.06724084168672562
10040.0 0.046091228723526
10050.0 0.024941613897681236
10060.0 0.017523324117064476
10070.0 0.010105034336447716
10080.0 0.007744235452264547
10090.0 0.0053834374994039536
10100.0 0.00424104742705822
10110.0 0.0030986580532044172
10120.0 0.0023168071638792753
10130.0 0.0015349560417234898
10140.0 0.0016778131248429418
10150.0 0.0
10160.0 0.0
10170.0 0.0
10180.0 0.0
10190.0 0.0
10200.0 0.0
