decam/transmission_system/s31/r_decam_sdss_c0002_6415.0_1480.0/2012-09-12T00:00:00.ecsv
# %ECSV 1.0
# ---
# datatype:
# - {name: wavelength, unit: Angstrom, datatype: float64}
# - {name: throughput, datatype: float64}
# meta: !!omap
# - {MODE: DETECTOR}
# - {TYPE: transmission_system}
# - {CALIBDATE: '2012-09-12T00:00:00'}
# - {INSTRUME: DECam}
# - {OBSTYPE: transmission_system}
# - {CALIBCLS: lsst.ip.isr.IntermediateSystemTransmissionCurve}
# - {DETECTOR: 3}
# - {DETECTOR_NAME: S31}
# - {SOURCE: r_band_per_detector_throughput.fits}
# - {FILTER: r DECam SDSS c0002 6415.0 1480.0}
# - {CALIB_CREATION_DATE: '2012-09-12'}
# - {CALIB_CREATION_TIME: '00:00:00'}
# schema: astropy-2.0
wavelength throughput
5350.0 0.0
5360.0 0.0
5370.0 0.0
5380.0 0.0
5390.0 0.0
5400.0 0.0
5410.0 0.003982698079198599
5420.0 0.004442726261913776
5430.0 0.005092146340757608
5440.0 0.005741566885262728
5450.0 0.006508671212941408
5460.0 0.007275775074958801
5470.0 0.007997735403478146
5480.0 0.00871969573199749
5490.0 0.009690949693322182
5500.0 0.010662193410098553
5510.0 0.01175330113619566
5520.0 0.012844409793615341
5530.0 0.014162691310048103
5540.0 0.01548097375780344
5550.0 0.017150551080703735
5560.0 0.01882012002170086
5570.0 0.020921383053064346
5580.0 0.023022647947072983
5590.0 0.02638428844511509
5600.0 0.029745927080512047
5610.0 0.03826228156685829
5620.0 0.046778637915849686
5630.0 0.07936085760593414
5640.0 0.1119430884718895
5650.0 0.22285045683383942
5660.0 0.33375781774520874
5670.0 0.5020785927772522
5680.0 0.6703993678092957
5690.0 0.7361708879470825
5700.0 0.8019425272941589
5710.0 0.8099363446235657
5720.0 0.8179301619529724
5730.0 0.8211360573768616
5740.0 0.824341893196106
5750.0 0.8258681893348694
5760.0 0.8273944854736328
5770.0 0.828555703163147
5780.0 0.8297168612480164
5790.0 0.8304428458213806
5800.0 0.8311688303947449
5810.0 0.8355321884155273
5820.0 0.839895486831665
5830.0 0.8427903652191162
5840.0 0.8456851840019226
5850.0 0.8449103236198425
5860.0 0.8441354036331177
5870.0 0.8424784541130066
5880.0 0.8408215045928955
5890.0 0.8417555093765259
5900.0 0.8426895141601562
5910.0 0.8468186855316162
5920.0 0.8509477972984314
5930.0 0.8540888428688049
5940.0 0.8572298884391785
5950.0 0.8576641082763672
5960.0 0.8580983281135559
5970.0 0.8590020537376404
5980.0 0.8599058389663696
5990.0 0.8618914484977722
6000.0 0.86387699842453
6010.0 0.8665063977241516
6020.0 0.8691357970237732
6030.0 0.8682147264480591
6040.0 0.8721423745155334
6050.0 0.8721381425857544
6060.0 0.8721339702606201
6070.0 0.8719005584716797
6080.0 0.8716670870780945
6090.0 0.8726256489753723
6100.0 0.8735842108726501
6110.0 0.8764842748641968
6120.0 0.8793843388557434
6130.0 0.8827592134475708
6140.0 0.8861340284347534
6150.0 0.887795627117157
6160.0 0.8894572257995605
6170.0 0.8903724551200867
6180.0 0.8912877440452576
6190.0 0.8913534283638
6200.0 0.8914191126823425
6210.0 0.8922145962715149
6220.0 0.8930100202560425
6230.0 0.8934770822525024
6240.0 0.8939442038536072
6250.0 0.8953555226325989
6260.0 0.8967668414115906
6270.0 0.8984053134918213
6280.0 0.900043785572052
6290.0 0.9012194275856018
6300.0 0.9023950695991516
6310.0 0.9037462472915649
6320.0 0.9050973653793335
6330.0 0.9060260653495789
6340.0 0.9069547057151794
6350.0 0.9081557989120483
6360.0 0.9093568921089172
6370.0 0.9113278985023499
6380.0 0.9132989645004272
6390.0 0.9136701822280884
6400.0 0.9140414595603943
6410.0 0.9143416881561279
6420.0 0.9146418571472168
6430.0 0.91484534740448
6440.0 0.9150488972663879
6450.0 0.9149225354194641
6460.0 0.9147962927818298
6470.0 0.914997935295105
6480.0 0.9151996374130249
6490.0 0.91599440574646
6500.0 0.9167892336845398
6510.0 0.917978048324585
6520.0 0.9191669225692749
6530.0 0.9206843376159668
6540.0 0.9222016930580139
6550.0 0.9241809248924255
6560.0 0.9261602163314819
6570.0 0.9272190928459167
6580.0 0.9282779693603516
6590.0 0.9281443953514099
6600.0 0.928010880947113
6610.0 0.9279453158378601
6620.0 0.9278797507286072
6630.0 0.927145779132843
6640.0 0.9264117479324341
6650.0 0.9265323877334595
6660.0 0.9266530275344849
6670.0 0.9284986257553101
6680.0 0.9303442239761353
6690.0 0.9322103261947632
6700.0 0.9340764880180359
6710.0 0.9350717067718506
6720.0 0.9360668659210205
6730.0 0.935548722743988
6740.0 0.9350305795669556
6750.0 0.93413907289505
6760.0 0.9332475662231445
6770.0 0.9333117008209229
6780.0 0.9333758354187012
6790.0 0.9341188073158264
6800.0 0.9348618984222412
6810.0 0.9357137680053711
6820.0 0.936565637588501
6830.0 0.9373117685317993
6840.0 0.9380578398704529
6850.0 0.9383728504180908
6860.0 0.938687801361084
6870.0 0.9382660984992981
6880.0 0.937844455242157
6890.0 0.9374812245368958
6900.0 0.9371179938316345
6910.0 0.9365346431732178
6920.0 0.9359512329101562
6930.0 0.9352726936340332
6940.0 0.9345941543579102
6950.0 0.9340847134590149
6960.0 0.9335752725601196
6970.0 0.933808445930481
6980.0 0.9340416193008423
6990.0 0.9340608716011047
7000.0 0.9340800642967224
7010.0 0.9340444207191467
7020.0 0.9340087175369263
7030.0 0.9314805269241333
7040.0 0.9289523959159851
7050.0 0.9217319488525391
7060.0 0.9145114421844482
7070.0 0.9026775360107422
7080.0 0.8908435702323914
7090.0 0.8804112672805786
7100.0 0.8699789047241211
7110.0 0.8386040925979614
7120.0 0.8072292804718018
7130.0 0.7210733890533447
7140.0 0.6349174976348877
7150.0 0.48825523257255554
7160.0 0.34159302711486816
7170.0 0.22331854701042175
7180.0 0.10504406690597534
7190.0 0.06790027022361755
7200.0 0.030756467953324318
7210.0 0.020222654566168785
7220.0 0.009688841179013252
7230.0 0.007644299883395433
7240.0 0.005599759053438902
7250.0 0.003970163408666849
7260.0 0.00234056799672544
7270.0 0.001741702202707529
7280.0 0.0011428362922742963
7290.0 0.0009176774183288217
7300.0 0.000692518544383347
7310.0 0.0006100817699916661
7320.0 0.0005276554147712886
7330.0 0.00047194986836984754
7340.0 0.0004162339319009334
7350.0 0.0
7360.0 0.0
7370.0 0.0
7380.0 0.0
7390.0 0.0
7400.0 0.0
