decam/transmission_system/s2/r_decam_sdss_c0002_6415.0_1480.0/2012-09-12T00:00:00.ecsv
# %ECSV 1.0
# ---
# datatype:
# - {name: wavelength, unit: Angstrom, datatype: float64}
# - {name: throughput, datatype: float64}
# meta: !!omap
# - {MODE: DETECTOR}
# - {TYPE: transmission_system}
# - {CALIBDATE: '2012-09-12T00:00:00'}
# - {INSTRUME: DECam}
# - {OBSTYPE: transmission_system}
# - {CALIBCLS: lsst.ip.isr.IntermediateSystemTransmissionCurve}
# - {DETECTOR: 26}
# - {DETECTOR_NAME: S2}
# - {SOURCE: r_band_per_detector_throughput.fits}
# - {FILTER: r DECam SDSS c0002 6415.0 1480.0}
# - {CALIB_CREATION_DATE: '2012-09-12'}
# - {CALIB_CREATION_TIME: '00:00:00'}
# schema: astropy-2.0
wavelength throughput
5350.0 0.0
5360.0 0.0
5370.0 0.0
5380.0 0.0
5390.0 0.0
5400.0 0.0
5410.0 0.002632523886859417
5420.0 0.002940514124929905
5430.0 0.0033704147208482027
5440.0 0.0038003153167665005
5450.0 0.004312144126743078
5460.0 0.004823972471058369
5470.0 0.005402971990406513
5480.0 0.005981981288641691
5490.0 0.006828116253018379
5500.0 0.007674250286072493
5510.0 0.008622667752206326
5520.0 0.009571085684001446
5530.0 0.010708583518862724
5540.0 0.011846072040498257
5550.0 0.013496208935976028
5560.0 0.015146356076002121
5570.0 0.017391525208950043
5580.0 0.019636696204543114
5590.0 0.023340025916695595
5600.0 0.02704334631562233
5610.0 0.03580828756093979
5620.0 0.04457322508096695
5630.0 0.07637032866477966
5640.0 0.10816743224859238
5650.0 0.21226471662521362
5660.0 0.3163619637489319
5670.0 0.48608219623565674
5680.0 0.6558023691177368
5690.0 0.7311168909072876
5700.0 0.8064314723014832
5710.0 0.8160070776939392
5720.0 0.8255826830863953
5730.0 0.8291015625
5740.0 0.8326205611228943
5750.0 0.8374152183532715
5760.0 0.8422099947929382
5770.0 0.8448896408081055
5780.0 0.8475692272186279
5790.0 0.850346565246582
5800.0 0.8531239032745361
5810.0 0.8582056760787964
5820.0 0.8632875084877014
5830.0 0.8641082644462585
5840.0 0.8649290204048157
5850.0 0.8635023236274719
5860.0 0.8620756268501282
5870.0 0.8594179153442383
5880.0 0.8567602038383484
5890.0 0.857613742351532
5900.0 0.8584672808647156
5910.0 0.862261176109314
5920.0 0.8660550713539124
5930.0 0.867473840713501
5940.0 0.8688924908638
5950.0 0.8681277632713318
5960.0 0.867362916469574
5970.0 0.8686400055885315
5980.0 0.8699171543121338
5990.0 0.8723031282424927
6000.0 0.8746890425682068
6010.0 0.8756749629974365
6020.0 0.8766607642173767
6030.0 0.8797292709350586
6040.0 0.8802228569984436
6050.0 0.8804531097412109
6060.0 0.8806833624839783
6070.0 0.8789307475090027
6080.0 0.8771780729293823
6090.0 0.8783031702041626
6100.0 0.8794282674789429
6110.0 0.8833411335945129
6120.0 0.887253999710083
6130.0 0.8893606066703796
6140.0 0.8914672136306763
6150.0 0.8921764492988586
6160.0 0.8928857445716858
6170.0 0.8945942521095276
6180.0 0.8963028192520142
6190.0 0.8958401679992676
6200.0 0.8953776359558105
6210.0 0.8954058885574341
6220.0 0.8954342603683472
6230.0 0.896746039390564
6240.0 0.898057758808136
6250.0 0.8975411057472229
6260.0 0.8970243334770203
6270.0 0.8980381488800049
6280.0 0.8990519642829895
6290.0 0.9014561176300049
6300.0 0.9038602113723755
6310.0 0.9033446907997131
6320.0 0.9028291702270508
6330.0 0.9023579955101013
6340.0 0.9018868207931519
6350.0 0.9046338796615601
6360.0 0.9073809385299683
6370.0 0.9089223146438599
6380.0 0.9104636907577515
6390.0 0.9103239178657532
6400.0 0.9101842045783997
6410.0 0.9113290309906006
6420.0 0.9124739170074463
6430.0 0.9119482636451721
6440.0 0.911422610282898
6450.0 0.9109708070755005
6460.0 0.910519003868103
6470.0 0.9115580320358276
6480.0 0.912597119808197
6490.0 0.9124460816383362
6500.0 0.9122950434684753
6510.0 0.9115279912948608
6520.0 0.9107609391212463
6530.0 0.9130213856697083
6540.0 0.9152818322181702
6550.0 0.9174694418907166
6560.0 0.9196570515632629
6570.0 0.9198847413063049
6580.0 0.9201124906539917
6590.0 0.9204498529434204
6600.0 0.9207872748374939
6610.0 0.9199330806732178
6620.0 0.9190788269042969
6630.0 0.9176778197288513
6640.0 0.916276752948761
6650.0 0.9162743091583252
6660.0 0.9162718653678894
6670.0 0.9188686609268188
6680.0 0.9214654564857483
6690.0 0.9232671856880188
6700.0 0.9250689744949341
6710.0 0.9252014756202698
6720.0 0.9253339767456055
6730.0 0.924737811088562
6740.0 0.9241416454315186
6750.0 0.9228721857070923
6760.0 0.921602725982666
6770.0 0.92136549949646
6780.0 0.9211282730102539
6790.0 0.9221540689468384
6800.0 0.9231798052787781
6810.0 0.9232081770896912
6820.0 0.9232365489006042
6830.0 0.9230371713638306
6840.0 0.9228376746177673
6850.0 0.9226782321929932
6860.0 0.922518789768219
6870.0 0.9220056533813477
6880.0 0.9214924573898315
6890.0 0.9209051728248596
6900.0 0.9203179478645325
6910.0 0.9187074899673462
6920.0 0.9170970320701599
6930.0 0.9166701436042786
6940.0 0.9162431359291077
6950.0 0.9155299067497253
6960.0 0.914816677570343
6970.0 0.9133266806602478
6980.0 0.9118366241455078
6990.0 0.9125177264213562
7000.0 0.9131988883018494
7010.0 0.913629949092865
7020.0 0.9140610098838806
7030.0 0.9096522927284241
7040.0 0.9052435159683228
7050.0 0.9022478461265564
7060.0 0.89925217628479
7070.0 0.8888077735900879
7080.0 0.878363311290741
7090.0 0.8572125434875488
7100.0 0.8360618352890015
7110.0 0.8356348276138306
7120.0 0.8352077603340149
7130.0 0.7717103362083435
7140.0 0.7082129120826721
7150.0 0.5220692753791809
7160.0 0.3359256386756897
7170.0 0.21907447278499603
7180.0 0.10222329944372177
7190.0 0.06607571989297867
7200.0 0.029928144067525864
7210.0 0.019280748441815376
7220.0 0.008633354678750038
7230.0 0.006868025753647089
7240.0 0.005102687515318394
7250.0 0.0036830680910497904
7260.0 0.002263458911329508
7270.0 0.001720423111692071
7280.0 0.0011773875448852777
7290.0 0.000946599873714149
7300.0 0.0007158122607506812
7310.0 0.0006284945411607623
7320.0 0.0005411768215708435
7330.0 0.0004741930461023003
7340.0 0.00040720929973758757
7350.0 0.0
7360.0 0.0
7370.0 0.0
7380.0 0.0
7390.0 0.0
7400.0 0.0
