decam/transmission_system/s11/i_decam_sdss_c0003_7835.0_1470.0/2012-09-12T00:00:00.ecsv
# %ECSV 1.0
# ---
# datatype:
# - {name: wavelength, unit: Angstrom, datatype: float64}
# - {name: throughput, datatype: float64}
# meta: !!omap
# - {MODE: DETECTOR}
# - {TYPE: transmission_system}
# - {CALIBDATE: '2012-09-12T00:00:00'}
# - {INSTRUME: DECam}
# - {OBSTYPE: transmission_system}
# - {CALIBCLS: lsst.ip.isr.IntermediateSystemTransmissionCurve}
# - {DETECTOR: 22}
# - {DETECTOR_NAME: S11}
# - {SOURCE: i_band_per_detector_throughput.fits}
# - {FILTER: i DECam SDSS c0003 7835.0 1470.0}
# - {CALIB_CREATION_DATE: '2012-09-12'}
# - {CALIB_CREATION_TIME: '00:00:00'}
# schema: astropy-2.0
wavelength throughput
6700.0 0.0
6710.0 0.0
6720.0 0.0
6730.0 0.0
6740.0 0.0
6750.0 0.0
6760.0 0.0006990611436776817
6770.0 0.0007967120036482811
6780.0 0.0008943629218265414
6790.0 0.0009775266516953707
6800.0 0.0010606800206005573
6810.0 0.0011863497784361243
6820.0 0.0013120196526870131
6830.0 0.0014817117480561137
6840.0 0.0016514143208041787
6850.0 0.0019209174206480384
6860.0 0.0021904311142861843
6870.0 0.0025508140679448843
6880.0 0.00291118654422462
6890.0 0.0034168048296123743
6900.0 0.003922413103282452
6910.0 0.004709362983703613
6920.0 0.005496312864124775
6930.0 0.007122782524675131
6940.0 0.008749251253902912
6950.0 0.012616031803190708
6960.0 0.01648281142115593
6970.0 0.026472020894289017
6980.0 0.0364612378180027
6990.0 0.05983586981892586
7000.0 0.08321050554513931
7010.0 0.12852367758750916
7020.0 0.1738368570804596
7030.0 0.2453908622264862
7040.0 0.3169448673725128
7050.0 0.4093548059463501
7060.0 0.5017647743225098
7070.0 0.5948277115821838
7080.0 0.6878907084465027
7090.0 0.7590317726135254
7100.0 0.8301728963851929
7110.0 0.8732369542121887
7120.0 0.9163010120391846
7130.0 0.9360179901123047
7140.0 0.9557349681854248
7150.0 0.963940441608429
7160.0 0.9721459150314331
7170.0 0.9772869944572449
7180.0 0.9824281334877014
7190.0 0.9844470620155334
7200.0 0.9864658713340759
7210.0 0.9876515865325928
7220.0 0.9888372421264648
7230.0 0.990027666091919
7240.0 0.9912182092666626
7250.0 0.9927756786346436
7260.0 0.9943330883979797
7270.0 0.996451735496521
7280.0 0.9985703825950623
7290.0 0.9996566772460938
7300.0 1.00074303150177
7310.0 1.0005992650985718
7320.0 1.0004554986953735
7330.0 0.998965322971344
7340.0 0.9974752068519592
7350.0 0.996644139289856
7360.0 0.9958130717277527
7370.0 0.9969865083694458
7380.0 0.9981599450111389
7390.0 1.0011214017868042
7400.0 1.0040827989578247
7410.0 1.00574791431427
7420.0 1.0074130296707153
7430.0 1.0075653791427612
7440.0 1.0077178478240967
7450.0 1.0067479610443115
7460.0 1.005778193473816
7470.0 1.0050733089447021
7480.0 1.004368543624878
7490.0 1.004993200302124
7500.0 1.0056178569793701
7510.0 1.006217122077942
7520.0 1.0068163871765137
7530.0 1.0071086883544922
7540.0 1.0074009895324707
7550.0 1.0060484409332275
7560.0 1.0046958923339844
7570.0 1.0027971267700195
7580.0 1.0008984804153442
7590.0 0.9923394322395325
7600.0 0.9837804436683655
7610.0 0.9865981936454773
7620.0 0.9894159436225891
7630.0 0.9915469288825989
7640.0 0.9936779141426086
7650.0 0.9973790645599365
7660.0 1.0010801553726196
7670.0 1.0024447441101074
7680.0 1.0038093328475952
7690.0 1.0030786991119385
7700.0 1.0023478269577026
7710.0 1.001967430114746
7720.0 1.0015870332717896
7730.0 1.0015785694122314
7740.0 1.0015701055526733
7750.0 1.004019021987915
7760.0 1.0064679384231567
7770.0 1.0076390504837036
7780.0 1.008810043334961
7790.0 1.009438395500183
7800.0 1.0100666284561157
7810.0 1.0095351934432983
7820.0 1.009003758430481
7830.0 1.0078972578048706
7840.0 1.0067908763885498
7850.0 1.0063958168029785
7860.0 1.0060008764266968
7870.0 1.0051469802856445
7880.0 1.0042932033538818
7890.0 1.001632571220398
7900.0 0.9989717602729797
7910.0 0.9957016110420227
7920.0 0.9924314618110657
7930.0 0.9895799160003662
7940.0 0.986728310585022
7950.0 0.9838005900382996
7960.0 0.9808729290962219
7970.0 0.9801493287086487
7980.0 0.9794257879257202
7990.0 0.9823455214500427
8000.0 0.98526531457901
8010.0 0.9885734915733337
8020.0 0.9918816685676575
8030.0 0.992821216583252
8040.0 0.9937607645988464
8050.0 0.9927891492843628
8060.0 0.9918175935745239
8070.0 0.9931283593177795
8080.0 0.9944391846656799
8090.0 0.9924271702766418
8100.0 0.9904151558876038
8110.0 0.9831147193908691
8120.0 0.9882760047912598
8130.0 0.9870284795761108
8140.0 0.9857809543609619
8150.0 0.984918475151062
8160.0 0.9840558767318726
8170.0 0.9862388968467712
8180.0 0.9852901101112366
8190.0 0.9790441393852234
8200.0 0.977212131023407
8210.0 0.9753800630569458
8220.0 0.9740304946899414
8230.0 0.9726810455322266
8240.0 0.9736010432243347
8250.0 0.9745210409164429
8260.0 0.976354718208313
8270.0 0.9781884551048279
8280.0 0.9810314178466797
8290.0 0.9838743805885315
8300.0 0.9867173433303833
8310.0 0.9939804673194885
8320.0 0.9957520961761475
8330.0 0.9975237846374512
8340.0 0.9992954134941101
8350.0 0.9988036155700684
8360.0 0.9978111386299133
8370.0 0.9968186616897583
8380.0 0.9958261847496033
8390.0 1.000059962272644
8400.0 0.9941451549530029
8410.0 0.9958887696266174
8420.0 0.9976324439048767
8430.0 0.9979177713394165
8440.0 1.0037450790405273
8450.0 1.0042179822921753
8460.0 1.0046908855438232
8470.0 1.0146132707595825
8480.0 1.0245356559753418
8490.0 1.0326944589614868
8500.0 1.0408532619476318
8510.0 1.0236611366271973
8520.0 1.0064688920974731
8530.0 0.930189311504364
8540.0 0.8539096117019653
8550.0 0.7067925333976746
8560.0 0.5596754550933838
8570.0 0.2691718637943268
8580.0 0.2727035880088806
8590.0 0.10279733687639236
8600.0 0.10250280797481537
8610.0 0.03715573251247406
8620.0 0.03720121830701828
8630.0 0.013972488231956959
8640.0 0.01446520909667015
8650.0 0.006097401026636362
8660.0 0.00606292299926281
8670.0 0.0029749092645943165
8680.0 0.0024737671483308077
8690.0 0.001972614321857691
8700.0 0.0
8710.0 0.0
8720.0 0.0
8730.0 0.0
8740.0 0.0
8750.0 0.0
