decam/transmission_system/s24/r_decam_sdss_c0002_6415.0_1480.0/2012-09-12T00:00:00.ecsv
# %ECSV 1.0
# ---
# datatype:
# - {name: wavelength, unit: Angstrom, datatype: float64}
# - {name: throughput, datatype: float64}
# meta: !!omap
# - {MODE: DETECTOR}
# - {TYPE: transmission_system}
# - {CALIBDATE: '2012-09-12T00:00:00'}
# - {INSTRUME: DECam}
# - {OBSTYPE: transmission_system}
# - {CALIBCLS: lsst.ip.isr.IntermediateSystemTransmissionCurve}
# - {DETECTOR: 12}
# - {DETECTOR_NAME: S24}
# - {SOURCE: r_band_per_detector_throughput.fits}
# - {FILTER: r DECam SDSS c0002 6415.0 1480.0}
# - {CALIB_CREATION_DATE: '2012-09-12'}
# - {CALIB_CREATION_TIME: '00:00:00'}
# schema: astropy-2.0
wavelength throughput
5350.0 0.0
5360.0 0.0
5370.0 0.0
5380.0 0.0
5390.0 0.0
5400.0 0.0
5410.0 0.0033231936395168304
5420.0 0.003691822523251176
5430.0 0.004222146701067686
5440.0 0.00475247111171484
5450.0 0.005392472725361586
5460.0 0.006032463163137436
5470.0 0.0066634295508265495
5480.0 0.007294395472854376
5490.0 0.008221294730901718
5500.0 0.009148184210062027
5510.0 0.010166825726628304
5520.0 0.011185466311872005
5530.0 0.012386864051222801
5540.0 0.013588272035121918
5550.0 0.015223724767565727
5560.0 0.016859177500009537
5570.0 0.019062589854002
5580.0 0.021265991032123566
5590.0 0.02468178980052471
5600.0 0.02809758484363556
5610.0 0.03583318367600441
5620.0 0.04356877878308296
5630.0 0.0721166729927063
5640.0 0.10066454857587814
5650.0 0.20666742324829102
5660.0 0.3126702606678009
5670.0 0.4870182275772095
5680.0 0.6613662242889404
5690.0 0.7290550470352173
5700.0 0.7967438697814941
5710.0 0.8058507442474365
5720.0 0.8149577379226685
5730.0 0.8188997507095337
5740.0 0.8228417634963989
5750.0 0.8256309628486633
5760.0 0.8284201622009277
5770.0 0.829885721206665
5780.0 0.8313512802124023
5790.0 0.8327914476394653
5800.0 0.8342316746711731
5810.0 0.8392474055290222
5820.0 0.8442631363868713
5830.0 0.846542239189148
5840.0 0.8488214015960693
5850.0 0.8477826118469238
5860.0 0.8467437624931335
5870.0 0.8445168733596802
5880.0 0.8422899842262268
5890.0 0.8432962894439697
5900.0 0.8443025946617126
5910.0 0.848967969417572
5920.0 0.8536333441734314
5930.0 0.8563947081565857
5940.0 0.8591561913490295
5950.0 0.8591775298118591
5960.0 0.8591988682746887
5970.0 0.8603013753890991
5980.0 0.8614039421081543
5990.0 0.8635983467102051
6000.0 0.8657927513122559
6010.0 0.8683763742446899
6020.0 0.870959997177124
6030.0 0.8702979683876038
6040.0 0.8744440674781799
6050.0 0.8745086193084717
6060.0 0.8745732307434082
6070.0 0.8736915588378906
6080.0 0.872809886932373
6090.0 0.8738613724708557
6100.0 0.8749129176139832
6110.0 0.8783251643180847
6120.0 0.881737470626831
6130.0 0.8846772909164429
6140.0 0.8876170516014099
6150.0 0.8890963196754456
6160.0 0.890575647354126
6170.0 0.8920154571533203
6180.0 0.8934552669525146
6190.0 0.8933456540107727
6200.0 0.8932359218597412
6210.0 0.8940265774726868
6220.0 0.8948172330856323
6230.0 0.8956242799758911
6240.0 0.8964313268661499
6250.0 0.8972184658050537
6260.0 0.8980055451393127
6270.0 0.8997023105621338
6280.0 0.9013990759849548
6290.0 0.9031064510345459
6300.0 0.904813826084137
6310.0 0.9053612351417542
6320.0 0.9059087038040161
6330.0 0.9065496325492859
6340.0 0.9071905612945557
6350.0 0.9090700745582581
6360.0 0.9109494686126709
6370.0 0.9128121733665466
6380.0 0.9146748185157776
6390.0 0.9149196147918701
6400.0 0.9151644110679626
6410.0 0.9155266880989075
6420.0 0.9158890843391418
6430.0 0.9155412912368774
6440.0 0.9151935577392578
6450.0 0.9150774478912354
6460.0 0.9149612784385681
6470.0 0.9157111644744873
6480.0 0.916461169719696
6490.0 0.9168323278427124
6500.0 0.917203426361084
6510.0 0.9179207682609558
6520.0 0.9186380505561829
6530.0 0.9206421375274658
6540.0 0.922646164894104
6550.0 0.9246919751167297
6560.0 0.9267377257347107
6570.0 0.9275867938995361
6580.0 0.9284359216690063
6590.0 0.9285250306129456
6600.0 0.92861407995224
6610.0 0.9282167553901672
6620.0 0.9278194308280945
6630.0 0.9264348149299622
6640.0 0.9250502586364746
6650.0 0.9253227114677429
6660.0 0.925595223903656
6670.0 0.927969217300415
6680.0 0.9303431510925293
6690.0 0.9322523474693298
6700.0 0.9341616034507751
6710.0 0.9348922371864319
6720.0 0.9356227517127991
6730.0 0.9348922371864319
6740.0 0.9341617226600647
6750.0 0.9329187870025635
6760.0 0.9316758513450623
6770.0 0.9316268563270569
6780.0 0.9315779805183411
6790.0 0.9325441718101501
6800.0 0.9335103631019592
6810.0 0.9342074990272522
6820.0 0.9349045157432556
6830.0 0.9354031085968018
6840.0 0.9359018206596375
6850.0 0.936190128326416
6860.0 0.9364784359931946
6870.0 0.9360557794570923
6880.0 0.9356331825256348
6890.0 0.9351248145103455
6900.0 0.9346165657043457
6910.0 0.9337342381477356
6920.0 0.9328519105911255
6930.0 0.9322280287742615
6940.0 0.9316042065620422
6950.0 0.9308689832687378
6960.0 0.9301336407661438
6970.0 0.9298417568206787
6980.0 0.9295498132705688
6990.0 0.9300950169563293
7000.0 0.9306402206420898
7010.0 0.9307403564453125
7020.0 0.9308404326438904
7030.0 0.9276960492134094
7040.0 0.9245516657829285
7050.0 0.9189194440841675
7060.0 0.9132872223854065
7070.0 0.8997927904129028
7080.0 0.8862983584403992
7090.0 0.8728656768798828
7100.0 0.8594328761100769
7110.0 0.8397235870361328
7120.0 0.8200143575668335
7130.0 0.7250727415084839
7140.0 0.6301311254501343
7150.0 0.4669494032859802
7160.0 0.3037676215171814
7170.0 0.19738468527793884
7180.0 0.09100174158811569
7190.0 0.05893358215689659
7200.0 0.026865439489483833
7210.0 0.017543314024806023
7220.0 0.008221191354095936
7230.0 0.006547261960804462
7240.0 0.004873322788625956
7250.0 0.003499843878671527
7260.0 0.0021263756789267063
7270.0 0.0016142877284437418
7280.0 0.0011021994287148118
7290.0 0.0008920885738916695
7300.0 0.0006819672416895628
7310.0 0.0005983985611237586
7320.0 0.0005148195195943117
7330.0 0.00046460761222988367
7340.0 0.00041439576307311654
7350.0 0.0
7360.0 0.0
7370.0 0.0
7380.0 0.0
7390.0 0.0
7400.0 0.0
