decam/transmission_system/n10/i_decam_sdss_c0003_7835.0_1470.0/2012-09-12T00:00:00.ecsv
# %ECSV 1.0
# ---
# datatype:
# - {name: wavelength, unit: Angstrom, datatype: float64}
# - {name: throughput, datatype: float64}
# meta: !!omap
# - {MODE: DETECTOR}
# - {TYPE: transmission_system}
# - {CALIBDATE: '2012-09-12T00:00:00'}
# - {INSTRUME: DECam}
# - {OBSTYPE: transmission_system}
# - {CALIBCLS: lsst.ip.isr.IntermediateSystemTransmissionCurve}
# - {DETECTOR: 41}
# - {DETECTOR_NAME: N10}
# - {SOURCE: i_band_per_detector_throughput.fits}
# - {FILTER: i DECam SDSS c0003 7835.0 1470.0}
# - {CALIB_CREATION_DATE: '2012-09-12'}
# - {CALIB_CREATION_TIME: '00:00:00'}
# schema: astropy-2.0
wavelength throughput
6700.0 0.0
6710.0 0.0
6720.0 0.0
6730.0 0.0
6740.0 0.0
6750.0 0.0
6760.0 0.0006371453055180609
6770.0 0.0007443089270964265
6780.0 0.0008514621877111495
6790.0 0.0009421550203114748
6800.0 0.001032847911119461
6810.0 0.0011673762928694487
6820.0 0.001301914919167757
6830.0 0.001472469069994986
6840.0 0.001643023220822215
6850.0 0.0019169192528352141
6860.0 0.0021908048074692488
6870.0 0.0025616041384637356
6880.0 0.0029323927592486143
6890.0 0.003469862276688218
6900.0 0.004007331561297178
6910.0 0.00488465279340744
6920.0 0.005761963315308094
6930.0 0.0076690372079610825
6940.0 0.009576112031936646
6950.0 0.01438966765999794
6960.0 0.01920323446393013
6970.0 0.0323772057890892
6980.0 0.045551177114248276
6990.0 0.07800577580928802
7000.0 0.11046037077903748
7010.0 0.17297497391700745
7020.0 0.23548956215381622
7030.0 0.32879573106765747
7040.0 0.4221019446849823
7050.0 0.5290055274963379
7060.0 0.6359091997146606
7070.0 0.7247320413589478
7080.0 0.8135548830032349
7090.0 0.8633538484573364
7100.0 0.913152813911438
7110.0 0.9341467618942261
7120.0 0.9551407098770142
7130.0 0.96366947889328
7140.0 0.9721981883049011
7150.0 0.9781527519226074
7160.0 0.9841073155403137
7170.0 0.9899662733078003
7180.0 0.9958252310752869
7190.0 0.9978427290916443
7200.0 0.9998602271080017
7210.0 0.9997062683105469
7220.0 0.9995523691177368
7230.0 0.9993712306022644
7240.0 0.9991900324821472
7250.0 1.0006872415542603
7260.0 1.002184510231018
7270.0 1.0050030946731567
7280.0 1.0078216791152954
7290.0 1.0084418058395386
7300.0 1.0090618133544922
7310.0 1.0073089599609375
7320.0 1.0055561065673828
7330.0 1.003212332725525
7340.0 1.0008686780929565
7350.0 1.0009629726409912
7360.0 1.0010570287704468
7370.0 1.0036530494689941
7380.0 1.006248950958252
7390.0 1.0092812776565552
7400.0 1.0123136043548584
7410.0 1.0123937129974365
7420.0 1.0124738216400146
7430.0 1.0109968185424805
7440.0 1.0095198154449463
7450.0 1.008460283279419
7460.0 1.0074005126953125
7470.0 1.0079129934310913
7480.0 1.0084254741668701
7490.0 1.0099964141845703
7500.0 1.01156747341156
7510.0 1.011710524559021
7520.0 1.011853575706482
7530.0 1.0106728076934814
7540.0 1.0094921588897705
7550.0 1.0070228576660156
7560.0 1.0045535564422607
7570.0 1.002771258354187
7580.0 1.0009889602661133
7590.0 0.9935067296028137
7600.0 0.9860244989395142
7610.0 0.9897946715354919
7620.0 0.9935648441314697
7630.0 0.9956639409065247
7640.0 0.99776291847229
7650.0 1.0007280111312866
7660.0 1.0036931037902832
7670.0 1.0039987564086914
7680.0 1.00430428981781
7690.0 1.0030181407928467
7700.0 1.0017319917678833
7710.0 1.0013788938522339
7720.0 1.001025915145874
7730.0 1.001143217086792
7740.0 1.0012603998184204
7750.0 1.0035877227783203
7760.0 1.0059149265289307
7770.0 1.0067297220230103
7780.0 1.0075446367263794
7790.0 1.0079395771026611
7800.0 1.0083343982696533
7810.0 1.0078080892562866
7820.0 1.0072816610336304
7830.0 1.0063247680664062
7840.0 1.0053678750991821
7850.0 1.0048234462738037
7860.0 1.0042791366577148
7870.0 1.0026735067367554
7880.0 1.0010677576065063
7890.0 0.9975013732910156
7900.0 0.9939349293708801
7910.0 0.9901963472366333
7920.0 0.9864577651023865
7930.0 0.9839292168617249
7940.0 0.9814006686210632
7950.0 0.9793418049812317
7960.0 0.9772829413414001
7970.0 0.9772283434867859
7980.0 0.9771737456321716
7990.0 0.9801744818687439
8000.0 0.9831751585006714
8010.0 0.9852882623672485
8020.0 0.9874013662338257
8030.0 0.987673819065094
8040.0 0.9879462122917175
8050.0 0.9866189956665039
8060.0 0.9852917790412903
8070.0 0.9870545268058777
8080.0 0.9888171553611755
8090.0 0.9877420663833618
8100.0 0.9866670370101929
8110.0 0.9810633063316345
8120.0 0.9860236644744873
8130.0 0.9846178889274597
8140.0 0.9832119941711426
8150.0 0.98104327917099
8160.0 0.9788745641708374
8170.0 0.9776073694229126
8180.0 0.97628253698349
8190.0 0.9675610661506653
8200.0 0.9657797813415527
8210.0 0.963998556137085
8220.0 0.9637892842292786
8230.0 0.9635800719261169
8240.0 0.9656565189361572
8250.0 0.9677329659461975
8260.0 0.9700558185577393
8270.0 0.9723787307739258
8280.0 0.9747639298439026
8290.0 0.9771490097045898
8300.0 0.9795342087745667
8310.0 0.984118640422821
8320.0 0.9852031469345093
8330.0 0.9862875938415527
8340.0 0.9873720407485962
8350.0 0.986986517906189
8360.0 0.9863817095756531
8370.0 0.985776960849762
8380.0 0.9851721525192261
8390.0 0.9903432130813599
8400.0 0.9849622845649719
8410.0 0.9875239729881287
8420.0 0.9900856614112854
8430.0 0.9931747913360596
8440.0 0.9980453252792358
8450.0 1.0007362365722656
8460.0 1.003427267074585
8470.0 1.0180355310440063
8480.0 1.0326439142227173
8490.0 1.0476229190826416
8500.0 1.062601923942566
8510.0 1.0516129732131958
8520.0 1.0406241416931152
8530.0 0.9526737332344055
8540.0 0.8647233843803406
8550.0 0.6984361410140991
8560.0 0.5321489572525024
8570.0 0.24281787872314453
8580.0 0.24478255212306976
8590.0 0.09175248444080353
8600.0 0.09120970964431763
8610.0 0.033682931214571
8620.0 0.0334915854036808
8630.0 0.012882793322205544
8640.0 0.013146075420081615
8650.0 0.005733715370297432
8660.0 0.005373571999371052
8670.0 0.002757030539214611
8680.0 0.0023270780220627785
8690.0 0.0018971252720803022
8700.0 0.0
8710.0 0.0
8720.0 0.0
8730.0 0.0
8740.0 0.0
8750.0 0.0
