decam/transmission_system/s30/y_decam_c0005_10095.0_1130.0/2012-09-12T00:00:00.ecsv
# %ECSV 1.0
# ---
# datatype:
# - {name: wavelength, unit: Angstrom, datatype: float64}
# - {name: throughput, datatype: float64}
# meta: !!omap
# - {MODE: DETECTOR}
# - {TYPE: transmission_system}
# - {CALIBDATE: '2012-09-12T00:00:00'}
# - {INSTRUME: DECam}
# - {OBSTYPE: transmission_system}
# - {CALIBCLS: lsst.ip.isr.IntermediateSystemTransmissionCurve}
# - {DETECTOR: 2}
# - {DETECTOR_NAME: S30}
# - {SOURCE: Y_band_per_detector_throughput.fits}
# - {FILTER: Y DECam c0005 10095.0 1130.0}
# - {CALIB_CREATION_DATE: '2012-09-12'}
# - {CALIB_CREATION_TIME: '00:00:00'}
# schema: astropy-2.0
wavelength throughput
9250.0 0.0
9260.0 0.0
9270.0 0.0
9280.0 0.0
9290.0 0.0
9300.0 0.0
9310.0 0.008783839643001556
9320.0 0.009658771567046642
9330.0 0.010533714666962624
9340.0 0.011603215709328651
9350.0 0.01267271302640438
9360.0 0.014070202596485615
9370.0 0.015467695891857147
9380.0 0.017880721017718315
9390.0 0.020293746143579483
9400.0 0.02474375069141388
9410.0 0.029193762689828873
9420.0 0.038452018052339554
9430.0 0.04771027714014053
9440.0 0.06723805516958237
9450.0 0.0867658406496048
9460.0 0.09392252564430237
9470.0 0.17159637808799744
9480.0 0.1790735125541687
9490.0 0.31102293729782104
9500.0 0.3168898820877075
9510.0 0.49549269676208496
9520.0 0.5939196348190308
9530.0 0.692346453666687
9540.0 0.7636300325393677
9550.0 0.8349136114120483
9560.0 0.8612911701202393
9570.0 0.8876688480377197
9580.0 0.8884950876235962
9590.0 0.8893213272094727
9600.0 0.8873623609542847
9610.0 0.8854034543037415
9620.0 0.8835595846176147
9630.0 0.8817156553268433
9640.0 0.8803030252456665
9650.0 0.8788904547691345
9660.0 0.8760266304016113
9670.0 0.8731627464294434
9680.0 0.8686181306838989
9690.0 0.8640734553337097
9700.0 0.8607131242752075
9710.0 0.8573527932167053
9720.0 0.8483200073242188
9730.0 0.8392872214317322
9740.0 0.8338251709938049
9750.0 0.8283631205558777
9760.0 0.822809636592865
9770.0 0.8172562122344971
9780.0 0.811071515083313
9790.0 0.8048868179321289
9800.0 0.798606276512146
9810.0 0.7923257350921631
9820.0 0.7855169773101807
9830.0 0.7787082195281982
9840.0 0.7701272368431091
9850.0 0.76154625415802
9860.0 0.7534899711608887
9870.0 0.7454336881637573
9880.0 0.7350872755050659
9890.0 0.724740743637085
9900.0 0.7153117656707764
9910.0 0.7058826684951782
9920.0 0.695432186126709
9930.0 0.6849817037582397
9940.0 0.6761592626571655
9950.0 0.6673367023468018
9960.0 0.6566036939620972
9970.0 0.6458707451820374
9980.0 0.6353324055671692
9990.0 0.624794065952301
10000.0 0.6131226420402527
10010.0 0.6014511585235596
10020.0 0.5893850326538086
10030.0 0.5773189663887024
10040.0 0.5646635293960571
10050.0 0.5520081520080566
10060.0 0.5403221249580383
10070.0 0.5286362171173096
10080.0 0.5158252716064453
10090.0 0.5030144453048706
10100.0 0.4896833300590515
10110.0 0.4763522744178772
10120.0 0.46611809730529785
10130.0 0.4558839797973633
10140.0 0.4431174397468567
10150.0 0.4303508996963501
10160.0 0.4181828498840332
10170.0 0.4060148000717163
10180.0 0.3929702639579773
10190.0 0.37992578744888306
10200.0 0.36778807640075684
10210.0 0.3556503653526306
10220.0 0.34353262186050415
10230.0 0.3314149081707001
10240.0 0.319347620010376
10250.0 0.3072803020477295
10260.0 0.2961035370826721
10270.0 0.28492677211761475
10280.0 0.2748451828956604
10290.0 0.26476362347602844
10300.0 0.2535359263420105
10310.0 0.24230825901031494
10320.0 0.23113533854484558
10330.0 0.21996240317821503
10340.0 0.20695902407169342
10350.0 0.193955659866333
10360.0 0.18148493766784668
10370.0 0.16901418566703796
10380.0 0.16239610314369202
10390.0 0.15577800571918488
10400.0 0.15088866651058197
10410.0 0.14599932730197906
10420.0 0.14144539833068848
10430.0 0.1368914544582367
10440.0 0.13219627737998962
10450.0 0.12750108540058136
10460.0 0.12300119549036026
10470.0 0.11850130558013916
10480.0 0.11449551582336426
10490.0 0.11048973351716995
10500.0 0.1062299907207489
10510.0 0.10197025537490845
10520.0 0.099051333963871
10530.0 0.09613242000341415
10540.0 0.09402865171432495
10550.0 0.09192489087581635
10560.0 0.08992496132850647
10570.0 0.0879250317811966
10580.0 0.08344656974077225
10590.0 0.0789681151509285
10600.0 0.06990402936935425
10610.0 0.0608399398624897
10620.0 0.04873833805322647
10630.0 0.03663674369454384
10640.0 0.026924099773168564
10650.0 0.017211444675922394
10660.0 0.012046623043715954
10670.0 0.006881801411509514
10680.0 0.0047082253731787205
10690.0 0.00253463932313025
10700.0 0.0
10710.0 0.0
10720.0 0.0
10730.0 0.0
10740.0 0.0
10750.0 0.0
