decam/transmission_system/s4/i_decam_sdss_c0003_7835.0_1470.0/2012-09-12T00:00:00.ecsv
# %ECSV 1.0
# ---
# datatype:
# - {name: wavelength, unit: Angstrom, datatype: float64}
# - {name: throughput, datatype: float64}
# meta: !!omap
# - {MODE: DETECTOR}
# - {TYPE: transmission_system}
# - {CALIBDATE: '2012-09-12T00:00:00'}
# - {INSTRUME: DECam}
# - {OBSTYPE: transmission_system}
# - {CALIBCLS: lsst.ip.isr.IntermediateSystemTransmissionCurve}
# - {DETECTOR: 28}
# - {DETECTOR_NAME: S4}
# - {SOURCE: i_band_per_detector_throughput.fits}
# - {FILTER: i DECam SDSS c0003 7835.0 1470.0}
# - {CALIB_CREATION_DATE: '2012-09-12'}
# - {CALIB_CREATION_TIME: '00:00:00'}
# schema: astropy-2.0
wavelength throughput
6700.0 0.0
6710.0 0.0
6720.0 0.0
6730.0 0.0
6740.0 0.0
6750.0 0.0
6760.0 0.0005192746757529676
6770.0 0.0006129896501079202
6780.0 0.0007067045662552118
6790.0 0.000802039576228708
6800.0 0.0008973745862022042
6810.0 0.0010360672604292631
6820.0 0.0011747600510716438
6830.0 0.0013517944607883692
6840.0 0.0015288288705050945
6850.0 0.0017987266182899475
6860.0 0.0020686243660748005
6870.0 0.0024203567299991846
6880.0 0.002772099105641246
6890.0 0.003265670733526349
6900.0 0.0037592423614114523
6910.0 0.004652462899684906
6920.0 0.005545683670789003
6930.0 0.007594015449285507
6940.0 0.009642357937991619
6950.0 0.015007123351097107
6960.0 0.02037188783288002
6970.0 0.03557703271508217
6980.0 0.050782181322574615
6990.0 0.08970807492733002
7000.0 0.12863396108150482
7010.0 0.20449234545230865
7020.0 0.2803507447242737
7030.0 0.38957881927490234
7040.0 0.498806893825531
7050.0 0.6155214905738831
7060.0 0.7322361469268799
7070.0 0.8134351372718811
7080.0 0.8946341872215271
7090.0 0.9252532720565796
7100.0 0.9558722972869873
7110.0 0.9638882279396057
7120.0 0.9719041585922241
7130.0 0.9765369892120361
7140.0 0.9811698794364929
7150.0 0.9871200919151306
7160.0 0.9930704236030579
7170.0 0.999286413192749
7180.0 1.005502462387085
7190.0 1.0067185163497925
7200.0 1.0079345703125
7210.0 1.0063563585281372
7220.0 1.0047781467437744
7230.0 1.0042095184326172
7240.0 1.00364089012146
7250.0 1.0057964324951172
7260.0 1.0079519748687744
7270.0 1.010831356048584
7280.0 1.0137107372283936
7290.0 1.0129897594451904
7300.0 1.0122689008712769
7310.0 1.009250521659851
7320.0 1.0062322616577148
7330.0 1.0045502185821533
7340.0 1.0028682947158813
7350.0 1.0048028230667114
7360.0 1.006737470626831
7370.0 1.010441541671753
7380.0 1.0141456127166748
7390.0 1.0163600444793701
7400.0 1.0185743570327759
7410.0 1.0169422626495361
7420.0 1.015310287475586
7430.0 1.0130925178527832
7440.0 1.0108749866485596
7450.0 1.0107113122940063
7460.0 1.0105475187301636
7470.0 1.0122849941253662
7480.0 1.0140225887298584
7490.0 1.0157390832901
7500.0 1.0174556970596313
7510.0 1.01640784740448
7520.0 1.0153601169586182
7530.0 1.0128133296966553
7540.0 1.0102665424346924
7550.0 1.0075019598007202
7560.0 1.0047374963760376
7570.0 1.0039515495300293
7580.0 1.003165602684021
7590.0 0.996941089630127
7600.0 0.9907166361808777
7610.0 0.9951320886611938
7620.0 0.99954754114151
7630.0 1.001307725906372
7640.0 1.003067970275879
7650.0 1.0051794052124023
7660.0 1.0072907209396362
7670.0 1.0070351362228394
7680.0 1.006779670715332
7690.0 1.005551815032959
7700.0 1.004323959350586
7710.0 1.0044314861297607
7720.0 1.004539132118225
7730.0 1.0048723220825195
7740.0 1.005205512046814
7750.0 1.0075112581253052
7760.0 1.0098172426223755
7770.0 1.0102534294128418
7780.0 1.010689616203308
7790.0 1.010897159576416
7800.0 1.0111045837402344
7810.0 1.010595679283142
7820.0 1.0100866556167603
7830.0 1.008927822113037
7840.0 1.0077688694000244
7850.0 1.0063927173614502
7860.0 1.005016565322876
7870.0 1.0020647048950195
7880.0 0.9991128444671631
7890.0 0.9944671392440796
7900.0 0.9898213744163513
7910.0 0.9859566688537598
7920.0 0.9820919632911682
7930.0 0.9804512858390808
7940.0 0.9788104891777039
7950.0 0.9782319664955139
7960.0 0.977653443813324
7970.0 0.9787467122077942
7980.0 0.9798400402069092
7990.0 0.9829816818237305
8000.0 0.9861233234405518
8010.0 0.9878897666931152
8020.0 0.9896561503410339
8030.0 0.9888789653778076
8040.0 0.9881017208099365
8050.0 0.9860630035400391
8060.0 0.984024167060852
8070.0 0.98569256067276
8080.0 0.9873608946800232
8090.0 0.9866475462913513
8100.0 0.9859342575073242
8110.0 0.9806814193725586
8120.0 0.9855046272277832
8130.0 0.9833110570907593
8140.0 0.9811173677444458
8150.0 0.9774852991104126
8160.0 0.9738531708717346
8170.0 0.9700356721878052
8180.0 0.9689109325408936
8190.0 0.9598773717880249
8200.0 0.9591808319091797
8210.0 0.958484411239624
8220.0 0.959984540939331
8230.0 0.9614846706390381
8240.0 0.9651186466217041
8250.0 0.9687526226043701
8260.0 0.971473753452301
8270.0 0.9741948843002319
8280.0 0.9759112000465393
8290.0 0.9776275157928467
8300.0 0.9793438911437988
8310.0 0.980600893497467
8320.0 0.9806094765663147
8330.0 0.9806181192398071
8340.0 0.9806267023086548
8350.0 0.979219377040863
8360.0 0.9790036678314209
8370.0 0.9787879586219788
8380.0 0.9785722494125366
8390.0 0.9853790998458862
8400.0 0.9799603819847107
8410.0 0.9822733998298645
8420.0 0.9845864176750183
8430.0 0.9839448928833008
8440.0 0.9889718890190125
8450.0 0.9881086349487305
8460.0 0.9872453808784485
8470.0 0.9964520931243896
8480.0 1.005658745765686
8490.0 1.013439655303955
8500.0 1.0212205648422241
8510.0 0.9902763962745667
8520.0 0.959332287311554
8530.0 0.8279164433479309
8540.0 0.6965006589889526
8550.0 0.5186212062835693
8560.0 0.3407418131828308
8570.0 0.1356745809316635
8580.0 0.13385748863220215
8590.0 0.05109785497188568
8600.0 0.049217015504837036
8610.0 0.019260363653302193
8620.0 0.019603339955210686
8630.0 0.008211106993258
8640.0 0.008051883429288864
8650.0 0.0037713306955993176
8660.0 0.0033951832447201014
8670.0 0.0018938955618068576
8680.0 0.0016472083516418934
8690.0 0.0014005316188558936
8700.0 0.0
8710.0 0.0
8720.0 0.0
8730.0 0.0
8740.0 0.0
8750.0 0.0
