decam/transmission_system/s1/y_decam_c0005_10095.0_1130.0/2012-09-12T00:00:00.ecsv
# %ECSV 1.0
# ---
# datatype:
# - {name: wavelength, unit: Angstrom, datatype: float64}
# - {name: throughput, datatype: float64}
# meta: !!omap
# - {MODE: DETECTOR}
# - {TYPE: transmission_system}
# - {CALIBDATE: '2012-09-12T00:00:00'}
# - {INSTRUME: DECam}
# - {OBSTYPE: transmission_system}
# - {CALIBCLS: lsst.ip.isr.IntermediateSystemTransmissionCurve}
# - {DETECTOR: 25}
# - {DETECTOR_NAME: S1}
# - {SOURCE: Y_band_per_detector_throughput.fits}
# - {FILTER: Y DECam c0005 10095.0 1130.0}
# - {CALIB_CREATION_DATE: '2012-09-12'}
# - {CALIB_CREATION_TIME: '00:00:00'}
# schema: astropy-2.0
wavelength throughput
9250.0 0.0
9260.0 0.0
9270.0 0.0
9280.0 0.0
9290.0 0.0
9300.0 0.0
9310.0 0.008428923785686493
9320.0 0.009231939911842346
9330.0 0.010034955106675625
9340.0 0.011067169718444347
9350.0 0.01209938433021307
9360.0 0.013412494212388992
9370.0 0.014725604094564915
9380.0 0.01689806953072548
9390.0 0.019070545211434364
9400.0 0.02296435832977295
9410.0 0.026858167722821236
9420.0 0.03473784774541855
9430.0 0.042617522180080414
9440.0 0.06011815741658211
9450.0 0.07761877775192261
9460.0 0.0817319005727768
9470.0 0.15713611245155334
9480.0 0.1635962277650833
9490.0 0.2977119982242584
9500.0 0.3107542097568512
9510.0 0.49471262097358704
9520.0 0.5942674279212952
9530.0 0.6938222050666809
9540.0 0.7587448358535767
9550.0 0.8236674070358276
9560.0 0.8456010222434998
9570.0 0.8675346970558167
9580.0 0.8679426312446594
9590.0 0.8683505654335022
9600.0 0.8663425445556641
9610.0 0.8643345832824707
9620.0 0.8625031113624573
9630.0 0.8606716990470886
9640.0 0.8589878678321838
9650.0 0.8573039174079895
9660.0 0.8544119000434875
9670.0 0.8515198826789856
9680.0 0.8467109799385071
9690.0 0.8419021368026733
9700.0 0.8388314843177795
9710.0 0.8357608318328857
9720.0 0.8269559144973755
9730.0 0.8181508779525757
9740.0 0.8129928708076477
9750.0 0.807834804058075
9760.0 0.8025022149085999
9770.0 0.7971696853637695
9780.0 0.791375458240509
9790.0 0.7855812907218933
9800.0 0.7797545194625854
9810.0 0.7739276885986328
9820.0 0.7675791382789612
9830.0 0.7612307071685791
9840.0 0.7530229687690735
9850.0 0.7448152303695679
9860.0 0.7371645569801331
9870.0 0.7295138239860535
9880.0 0.7195733785629272
9890.0 0.709632933139801
9900.0 0.7005303502082825
9910.0 0.6914277076721191
9920.0 0.681477427482605
9930.0 0.6715271472930908
9940.0 0.6632496118545532
9950.0 0.6549721956253052
9960.0 0.6448018550872803
9970.0 0.6346314549446106
9980.0 0.6246716380119324
9990.0 0.6147117614746094
10000.0 0.60352623462677
10010.0 0.5923408269882202
10020.0 0.5806425213813782
10030.0 0.5689440965652466
10040.0 0.556743323802948
10050.0 0.5445424914360046
10060.0 0.5332692861557007
10070.0 0.5219960808753967
10080.0 0.5098156332969666
10090.0 0.49763521552085876
10100.0 0.48488280177116394
10110.0 0.4721304476261139
10120.0 0.4614590108394623
10130.0 0.45078757405281067
10140.0 0.4387059509754181
10150.0 0.4266243278980255
10160.0 0.41507217288017273
10170.0 0.40351998805999756
10180.0 0.39109110832214355
10190.0 0.37866225838661194
10200.0 0.36710694432258606
10210.0 0.3555516302585602
10220.0 0.34391120076179504
10230.0 0.3322707712650299
10240.0 0.3207232654094696
10250.0 0.3091756999492645
10260.0 0.2984653413295746
10270.0 0.28775501251220703
10280.0 0.2781626880168915
10290.0 0.2685703933238983
10300.0 0.25788548588752747
10310.0 0.2472005933523178
10320.0 0.23663102090358734
10330.0 0.22606146335601807
10340.0 0.2139626294374466
10350.0 0.20186379551887512
10360.0 0.18917593359947205
10370.0 0.17648804187774658
10380.0 0.16932207345962524
10390.0 0.1621561050415039
10400.0 0.15716856718063354
10410.0 0.15218102931976318
10420.0 0.14748431742191315
10430.0 0.14278757572174072
10440.0 0.13793402910232544
10450.0 0.13308048248291016
10460.0 0.12834028899669647
10470.0 0.12360010296106339
10480.0 0.11936144530773163
10490.0 0.11512278020381927
10500.0 0.1106996238231659
10510.0 0.10627646744251251
10520.0 0.10330992192029953
10530.0 0.10034338384866714
10540.0 0.09809593856334686
10550.0 0.09584848582744598
10560.0 0.0935579240322113
10570.0 0.09126735478639603
10580.0 0.08648309111595154
10590.0 0.08169881254434586
10600.0 0.07183457165956497
10610.0 0.06197032704949379
10620.0 0.04892111197113991
10630.0 0.035871896892786026
10640.0 0.025989966467022896
10650.0 0.016108034178614616
10660.0 0.011186858639121056
10670.0 0.006265691481530666
10680.0 0.004288497380912304
10690.0 0.0023113132920116186
10700.0 0.0
10710.0 0.0
10720.0 0.0
10730.0 0.0
10740.0 0.0
10750.0 0.0
