decam/transmission_system/s3/z_decam_sdss_c0004_9260.0_1520.0/2012-09-12T00:00:00.ecsv
# %ECSV 1.0
# ---
# datatype:
# - {name: wavelength, unit: Angstrom, datatype: float64}
# - {name: throughput, datatype: float64}
# meta: !!omap
# - {MODE: DETECTOR}
# - {TYPE: transmission_system}
# - {CALIBDATE: '2012-09-12T00:00:00'}
# - {INSTRUME: DECam}
# - {OBSTYPE: transmission_system}
# - {CALIBCLS: lsst.ip.isr.IntermediateSystemTransmissionCurve}
# - {DETECTOR: 27}
# - {DETECTOR_NAME: S3}
# - {SOURCE: z_band_per_detector_throughput.fits}
# - {FILTER: z DECam SDSS c0004 9260.0 1520.0}
# - {CALIB_CREATION_DATE: '2012-09-12'}
# - {CALIB_CREATION_TIME: '00:00:00'}
# schema: astropy-2.0
wavelength throughput
8200.0 0.0
8210.0 0.0
8220.0 0.0
8230.0 0.0
8240.0 0.0
8250.0 0.0
8260.0 0.004414903931319714
8270.0 0.005106934811919928
8280.0 0.006506635807454586
8290.0 0.006264673545956612
8300.0 0.006022722460329533
8310.0 0.006817803718149662
8320.0 0.007705198135226965
8330.0 0.008592592552304268
8340.0 0.009479987435042858
8350.0 0.013224056921899319
8360.0 0.013802018016576767
8370.0 0.01437997817993164
8380.0 0.01495794951915741
8390.0 0.02133926935493946
8400.0 0.02484835684299469
8410.0 0.02835744060575962
8420.0 0.03186652809381485
8430.0 0.057183586061000824
8440.0 0.051982320845127106
8450.0 0.07737095654010773
8460.0 0.10275957733392715
8470.0 0.22468149662017822
8480.0 0.2202375829219818
8490.0 0.33522701263427734
8500.0 0.45021647214889526
8510.0 0.5802337527275085
8520.0 0.7102510929107666
8530.0 0.8061881065368652
8540.0 0.9021250605583191
8550.0 0.9436433911323547
8560.0 0.9851617217063904
8570.0 1.0018824338912964
8580.0 1.0116769075393677
8590.0 0.993464469909668
8600.0 0.9920429587364197
8610.0 0.986764669418335
8620.0 0.991367757320404
8630.0 0.9960864782333374
8640.0 1.004056453704834
8650.0 1.0068604946136475
8660.0 1.00486159324646
8670.0 1.0129410028457642
8680.0 1.012717843055725
8690.0 1.012494683265686
8700.0 1.01262629032135
8710.0 1.0127580165863037
8720.0 1.0129203796386719
8730.0 1.01308274269104
8740.0 1.0114918947219849
8750.0 1.0155450105667114
8760.0 1.0173805952072144
8770.0 1.0192161798477173
8780.0 1.021156668663025
8790.0 1.0230971574783325
8800.0 1.0237164497375488
8810.0 1.0243357419967651
8820.0 1.0252372026443481
8830.0 1.0261387825012207
8840.0 1.0262296199798584
8850.0 1.026320457458496
8860.0 1.0272339582443237
8870.0 1.0281474590301514
8880.0 1.0299233198165894
8890.0 1.0316990613937378
8900.0 1.0263561010360718
8910.0 1.0290800333023071
8920.0 1.0283464193344116
8930.0 1.0276129245758057
8940.0 1.0268793106079102
8950.0 1.0259523391723633
8960.0 1.025025486946106
8970.0 1.0250126123428345
8980.0 1.024999737739563
8990.0 1.025612473487854
9000.0 1.0262250900268555
9010.0 1.0278747081756592
9020.0 1.029524326324463
9030.0 1.0314161777496338
9040.0 1.0333080291748047
9050.0 1.0338733196258545
9060.0 1.0371705293655396
9070.0 1.0357558727264404
9080.0 1.0343412160873413
9090.0 1.031764268875122
9100.0 1.0291874408721924
9110.0 1.0254629850387573
9120.0 1.0277669429779053
9130.0 1.0231620073318481
9140.0 1.0229672193527222
9150.0 1.0232913494110107
9160.0 1.0225297212600708
9170.0 1.0217680931091309
9180.0 1.0219566822052002
9190.0 1.02214515209198
9200.0 1.0204976797103882
9210.0 1.0188502073287964
9220.0 1.0163516998291016
9230.0 1.0138531923294067
9240.0 1.007660984992981
9250.0 1.0014686584472656
9260.0 0.9974197745323181
9270.0 0.993370771408081
9280.0 0.9861491322517395
9290.0 0.978927493095398
9300.0 0.974051296710968
9310.0 0.9691752195358276
9320.0 0.9646024107933044
9330.0 0.960029661655426
9340.0 0.9515171647071838
9350.0 0.9430046677589417
9360.0 0.9308170676231384
9370.0 0.9186294674873352
9380.0 0.9094094634056091
9390.0 0.9001894593238831
9400.0 0.8876245617866516
9410.0 0.8750597238540649
9420.0 0.8667293787002563
9430.0 0.858398973941803
9440.0 0.8507898449897766
9450.0 0.8558499217033386
9460.0 0.8559472560882568
9470.0 0.8578203916549683
9480.0 0.8599535226821899
9490.0 0.8620866537094116
9500.0 0.8610418438911438
9510.0 0.8661895990371704
9520.0 0.8665722012519836
9530.0 0.8669548034667969
9540.0 0.8667407631874084
9550.0 0.86652672290802
9560.0 0.8661450743675232
9570.0 0.8657635450363159
9580.0 0.8639611005783081
9590.0 0.8621587753295898
9600.0 0.8589122295379639
9610.0 0.8556655645370483
9620.0 0.8540895581245422
9630.0 0.8525136709213257
9640.0 0.8511727452278137
9650.0 0.8498318195343018
9660.0 0.8493338227272034
9670.0 0.8488358855247498
9680.0 0.8440272212028503
9690.0 0.8392184972763062
9700.0 0.8344098329544067
9710.0 0.8296011090278625
9720.0 0.8255135416984558
9730.0 0.8214259743690491
9740.0 0.8175423741340637
9750.0 0.8136588335037231
9760.0 0.8085973858833313
9770.0 0.8035359382629395
9780.0 0.8032869696617126
9790.0 0.8030379414558411
9800.0 0.791759192943573
9810.0 0.7804803848266602
9820.0 0.7723028659820557
9830.0 0.7641253471374512
9840.0 0.7570413947105408
9850.0 0.7499574422836304
9860.0 0.7433446645736694
9870.0 0.7367318868637085
9880.0 0.7353339791297913
9890.0 0.7339360117912292
9900.0 0.7383230328559875
9910.0 0.7427101135253906
9920.0 0.7490391731262207
9930.0 0.7553682327270508
9940.0 0.7358407378196716
9950.0 0.7163133025169373
9960.0 0.6452680826187134
9970.0 0.5742228031158447
9980.0 0.4627460837364197
9990.0 0.35126936435699463
10000.0 0.2627369165420532
10010.0 0.1742044985294342
10020.0 0.12448827177286148
10030.0 0.07477205246686935
10040.0 0.05283379554748535
10050.0 0.030895544216036797
10060.0 0.02200521156191826
10070.0 0.01311487890779972
10080.0 0.010000736452639103
10090.0 0.006886604707688093
10100.0 0.0054509821347892284
10110.0 0.004015359096229076
10120.0 0.003060409799218178
10130.0 0.0021054500248283148
10140.0 0.0021206848323345184
10150.0 0.0
10160.0 0.0
10170.0 0.0
10180.0 0.0
10190.0 0.0
10200.0 0.0
