decam/transmission_system/s6/z_decam_sdss_c0004_9260.0_1520.0/2012-09-12T00:00:00.ecsv
# %ECSV 1.0
# ---
# datatype:
# - {name: wavelength, unit: Angstrom, datatype: float64}
# - {name: throughput, datatype: float64}
# meta: !!omap
# - {MODE: DETECTOR}
# - {TYPE: transmission_system}
# - {CALIBDATE: '2012-09-12T00:00:00'}
# - {INSTRUME: DECam}
# - {OBSTYPE: transmission_system}
# - {CALIBCLS: lsst.ip.isr.IntermediateSystemTransmissionCurve}
# - {DETECTOR: 30}
# - {DETECTOR_NAME: S6}
# - {SOURCE: z_band_per_detector_throughput.fits}
# - {FILTER: z DECam SDSS c0004 9260.0 1520.0}
# - {CALIB_CREATION_DATE: '2012-09-12'}
# - {CALIB_CREATION_TIME: '00:00:00'}
# schema: astropy-2.0
wavelength throughput
8200.0 0.0
8210.0 0.0
8220.0 0.0
8230.0 0.0
8240.0 0.0
8250.0 0.0
8260.0 0.0044072093442082405
8270.0 0.004893791861832142
8280.0 0.004420626442879438
8290.0 0.0050281742587685585
8300.0 0.005635722074657679
8310.0 0.005995388608425856
8320.0 0.007028994616121054
8330.0 0.008062601089477539
8340.0 0.009096207097172737
8350.0 0.013517798855900764
8360.0 0.014256219379603863
8370.0 0.01499462965875864
8380.0 0.01573305018246174
8390.0 0.023666398599743843
8400.0 0.028893696144223213
8410.0 0.03412099555134773
8420.0 0.03934828191995621
8430.0 0.0796758234500885
8440.0 0.0746239572763443
8450.0 0.12014545500278473
8460.0 0.16566693782806396
8470.0 0.35454514622688293
8480.0 0.3497166335582733
8490.0 0.48597609996795654
8500.0 0.6222354769706726
8510.0 0.7292539477348328
8520.0 0.8362724184989929
8530.0 0.9005007147789001
8540.0 0.9647289514541626
8550.0 0.9821053743362427
8560.0 0.9994818568229675
8570.0 0.9896188974380493
8580.0 1.0006253719329834
8590.0 0.9805147647857666
8600.0 0.9806892275810242
8610.0 0.9863200187683105
8620.0 0.9917557835578918
8630.0 1.0025938749313354
8640.0 1.0119363069534302
8650.0 1.0123119354248047
8660.0 1.01066255569458
8670.0 1.0136724710464478
8680.0 1.0114099979400635
8690.0 1.0091474056243896
8700.0 1.0091948509216309
8710.0 1.0092421770095825
8720.0 1.0105232000350952
8730.0 1.011804223060608
8740.0 1.0119378566741943
8750.0 1.0155184268951416
8760.0 1.0175528526306152
8770.0 1.0195872783660889
8780.0 1.0214407444000244
8790.0 1.02329421043396
8800.0 1.0244802236557007
8810.0 1.0256662368774414
8820.0 1.0268477201461792
8830.0 1.028029203414917
8840.0 1.0288342237472534
8850.0 1.0296392440795898
8860.0 1.0307356119155884
8870.0 1.0318320989608765
8880.0 1.0330381393432617
8890.0 1.0342442989349365
8900.0 1.030667781829834
8910.0 1.0301746129989624
8920.0 1.0294471979141235
8930.0 1.0287197828292847
8940.0 1.0279922485351562
8950.0 1.027389407157898
8960.0 1.02678644657135
8970.0 1.0271486043930054
8980.0 1.027510643005371
8990.0 1.0289082527160645
9000.0 1.0303059816360474
9010.0 1.032150387763977
9020.0 1.0339947938919067
9030.0 1.0358573198318481
9040.0 1.0377198457717896
9050.0 1.037189245223999
9060.0 1.039572834968567
9070.0 1.0382447242736816
9080.0 1.0369164943695068
9090.0 1.0336987972259521
9100.0 1.030480980873108
9110.0 1.0272043943405151
9120.0 1.0287162065505981
9130.0 1.0260225534439087
9140.0 1.0251652002334595
9150.0 1.0264780521392822
9160.0 1.0262783765792847
9170.0 1.026078701019287
9180.0 1.0264091491699219
9190.0 1.026739478111267
9200.0 1.024954915046692
9210.0 1.0231702327728271
9220.0 1.020904779434204
9230.0 1.018639326095581
9240.0 1.0123975276947021
9250.0 1.0061556100845337
9260.0 1.0017670392990112
9270.0 0.9973783493041992
9280.0 0.9896608591079712
9290.0 0.9819434285163879
9300.0 0.9768406748771667
9310.0 0.9717378616333008
9320.0 0.9665524959564209
9330.0 0.961367130279541
9340.0 0.9530529975891113
9350.0 0.9447389841079712
9360.0 0.9329773783683777
9370.0 0.921215832233429
9380.0 0.9121748805046082
9390.0 0.9031339883804321
9400.0 0.8906855583190918
9410.0 0.8782371282577515
9420.0 0.8691620826721191
9430.0 0.860086977481842
9440.0 0.8544273972511292
9450.0 0.8565226197242737
9460.0 0.8577020764350891
9470.0 0.8567651510238647
9480.0 0.8579156994819641
9490.0 0.8590661883354187
9500.0 0.8599386215209961
9510.0 0.8631986975669861
9520.0 0.8645894527435303
9530.0 0.8659802675247192
9540.0 0.8671762347221375
9550.0 0.8683721423149109
9560.0 0.8691253066062927
9570.0 0.8698784708976746
9580.0 0.8685778975486755
9590.0 0.8672772645950317
9600.0 0.8639949560165405
9610.0 0.8607125878334045
9620.0 0.8582867383956909
9630.0 0.8558610081672668
9640.0 0.8537142276763916
9650.0 0.8515674471855164
9660.0 0.8506423830986023
9670.0 0.8497173190116882
9680.0 0.8483233451843262
9690.0 0.8469293713569641
9700.0 0.8455354571342468
9710.0 0.8441414833068848
9720.0 0.8398003578186035
9730.0 0.8354593515396118
9740.0 0.8306201696395874
9750.0 0.8257810473442078
9760.0 0.819408118724823
9770.0 0.813035249710083
9780.0 0.8040581345558167
9790.0 0.7950810194015503
9800.0 0.7888619899749756
9810.0 0.7826430201530457
9820.0 0.7746834754943848
9830.0 0.7667239308357239
9840.0 0.7572556138038635
9850.0 0.7477872967720032
9860.0 0.7370048761367798
9870.0 0.7262225151062012
9880.0 0.7171083688735962
9890.0 0.7079942226409912
9900.0 0.7001495361328125
9910.0 0.692304790019989
9920.0 0.6819731593132019
9930.0 0.6716415286064148
9940.0 0.6347997784614563
9950.0 0.597957968711853
9960.0 0.522808313369751
9970.0 0.4476586878299713
9980.0 0.35617971420288086
9990.0 0.2647007703781128
10000.0 0.19429968297481537
10010.0 0.12389861792325974
10020.0 0.08664009720087051
10030.0 0.049381595104932785
10040.0 0.034689586609601974
10050.0 0.019997579976916313
10060.0 0.01438907627016306
10070.0 0.008780572563409805
10080.0 0.006869085133075714
10090.0 0.004957607481628656
10100.0 0.003989666700363159
10110.0 0.003021725220605731
10120.0 0.0022983632516115904
10130.0 0.0015750009333714843
10140.0 0.0017271734541282058
10150.0 0.0
10160.0 0.0
10170.0 0.0
10180.0 0.0
10190.0 0.0
10200.0 0.0
