decam/transmission_system/s25/g_decam_sdss_c0001_4720.0_1520.0/2012-09-12T00:00:00.ecsv
# %ECSV 1.0
# ---
# datatype:
# - {name: wavelength, unit: Angstrom, datatype: float64}
# - {name: throughput, datatype: float64}
# meta: !!omap
# - {MODE: DETECTOR}
# - {TYPE: transmission_system}
# - {CALIBDATE: '2012-09-12T00:00:00'}
# - {INSTRUME: DECam}
# - {OBSTYPE: transmission_system}
# - {CALIBCLS: lsst.ip.isr.IntermediateSystemTransmissionCurve}
# - {DETECTOR: 4}
# - {DETECTOR_NAME: S25}
# - {SOURCE: g_band_per_detector_throughput.fits}
# - {FILTER: g DECam SDSS c0001 4720.0 1520.0}
# - {CALIB_CREATION_DATE: '2012-09-12'}
# - {CALIB_CREATION_TIME: '00:00:00'}
# schema: astropy-2.0
wavelength throughput
3750.0 0.0
3760.0 0.0
3770.0 0.0
3780.0 0.0
3790.0 0.0
3800.0 0.0
3810.0 0.0008006271673366427
3820.0 0.001085739117115736
3830.0 0.0010191395413130522
3840.0 0.0013006271328777075
3850.0 0.0016683315625414252
3860.0 0.002036035992205143
3870.0 0.0024580128956586123
3880.0 0.0028799897991120815
3890.0 0.003578116185963154
3900.0 0.004276232328265905
3910.0 0.003916732035577297
3920.0 0.007060980889946222
3930.0 0.013592654839158058
3940.0 0.020124319940805435
3950.0 0.02212422527372837
3960.0 0.11658242344856262
3970.0 0.22070921957492828
3980.0 0.32483601570129395
3990.0 0.3274853229522705
4000.0 0.3600336015224457
4010.0 0.37625575065612793
4020.0 0.3924778401851654
4030.0 0.39761045575141907
4040.0 0.40238356590270996
4050.0 0.4037255048751831
4060.0 0.41243821382522583
4070.0 0.4174911379814148
4080.0 0.4283270835876465
4090.0 0.42935711145401
4100.0 0.43678081035614014
4110.0 0.44087904691696167
4120.0 0.4449772834777832
4130.0 0.4481830894947052
4140.0 0.4535471796989441
4150.0 0.45664259791374207
4160.0 0.4699293076992035
4170.0 0.47689005732536316
4180.0 0.48385074734687805
4190.0 0.4857836961746216
4200.0 0.48619726300239563
4210.0 0.486484557390213
4220.0 0.49319231510162354
4230.0 0.49466651678085327
4240.0 0.5078396201133728
4250.0 0.5125559568405151
4260.0 0.5172723531723022
4270.0 0.5209158062934875
4280.0 0.5321795344352722
4290.0 0.5324726700782776
4300.0 0.5429844856262207
4310.0 0.5467937588691711
4320.0 0.5506030917167664
4330.0 0.5554835200309753
4340.0 0.5603640079498291
4350.0 0.5657265782356262
4360.0 0.5710891485214233
4370.0 0.575779914855957
4380.0 0.5804705619812012
4390.0 0.5876790285110474
4400.0 0.5948875546455383
4410.0 0.5991140007972717
4420.0 0.6033403873443604
4430.0 0.606543242931366
4440.0 0.6097462177276611
4450.0 0.6127678155899048
4460.0 0.6157892942428589
4470.0 0.6180436611175537
4480.0 0.620297908782959
4490.0 0.623823881149292
4500.0 0.6273497939109802
4510.0 0.6303586363792419
4520.0 0.6333675384521484
4530.0 0.6376306414604187
4540.0 0.641893744468689
4550.0 0.6441394090652466
4560.0 0.6463850736618042
4570.0 0.6472209692001343
4580.0 0.6480568647384644
4590.0 0.6520480513572693
4600.0 0.6560392379760742
4610.0 0.6595614552497864
4620.0 0.6630836725234985
4630.0 0.6656078696250916
4640.0 0.6681320667266846
4650.0 0.6702918410301208
4660.0 0.6724516749382019
4670.0 0.6719411015510559
4680.0 0.6714306473731995
4690.0 0.6722800731658936
4700.0 0.6731294393539429
4710.0 0.6762257814407349
4720.0 0.6793220639228821
4730.0 0.6832373738288879
4740.0 0.6871526837348938
4750.0 0.690977931022644
4760.0 0.6948031783103943
4770.0 0.6955879926681519
4780.0 0.6963727474212646
4790.0 0.6968495845794678
4800.0 0.6973263621330261
4810.0 0.6994543671607971
4820.0 0.7015824317932129
4830.0 0.7019877433776855
4840.0 0.7023930549621582
4850.0 0.7022538781166077
4860.0 0.7021146416664124
4870.0 0.7053759098052979
4880.0 0.7086371779441833
4890.0 0.7125536203384399
4900.0 0.7164701223373413
4910.0 0.7181712985038757
4920.0 0.7198724150657654
4930.0 0.7179669141769409
4940.0 0.7160612940788269
4950.0 0.7161509990692139
4960.0 0.716240644454956
4970.0 0.7226821780204773
4980.0 0.7291236519813538
4990.0 0.7323290109634399
5000.0 0.7355343103408813
5010.0 0.7378358244895935
5020.0 0.7401373386383057
5030.0 0.7415237426757812
5040.0 0.7429102063179016
5050.0 0.7444902658462524
5060.0 0.746070384979248
5070.0 0.7483401298522949
5080.0 0.7506098747253418
5090.0 0.7524319887161255
5100.0 0.7542542219161987
5110.0 0.7536137104034424
5120.0 0.752973198890686
5130.0 0.7534213066101074
5140.0 0.753869354724884
5150.0 0.75741046667099
5160.0 0.7609515190124512
5170.0 0.763405978679657
5180.0 0.7658604383468628
5190.0 0.7683823704719543
5200.0 0.7709043025970459
5210.0 0.7745715975761414
5220.0 0.7782389521598816
5230.0 0.781773567199707
5240.0 0.7853082418441772
5250.0 0.7878221273422241
5260.0 0.7903359532356262
5270.0 0.7910541892051697
5280.0 0.7917724847793579
5290.0 0.7926405668258667
5300.0 0.7935087084770203
5310.0 0.7960822582244873
5320.0 0.7986558079719543
5330.0 0.8005486130714417
5340.0 0.8024413585662842
5350.0 0.8040127754211426
5360.0 0.8055841326713562
5370.0 0.8022833466529846
5380.0 0.7989824414253235
5390.0 0.7930605411529541
5400.0 0.7871386408805847
5410.0 0.7878941893577576
5420.0 0.7886497974395752
5430.0 0.7903779149055481
5440.0 0.7921058535575867
5450.0 0.718166708946228
5460.0 0.6442275047302246
5470.0 0.448423832654953
5480.0 0.25262022018432617
5490.0 0.14883552491664886
5500.0 0.045050833374261856
5510.0 0.027658110484480858
5520.0 0.010265389457345009
5530.0 0.0063876742497086525
5540.0 0.002509969286620617
5550.0 0.0017712892731651664
5560.0 0.0010325986659154296
5570.0 0.0008085198351182044
5580.0 0.0005844306433573365
5590.0 0.0005131266661919653
5600.0 0.00044183313730172813
5610.0 0.0003982885100413114
5620.0 0.00035474388278089464
5630.0 0.0003260914527345449
5640.0 0.0002974390226881951
5650.0 0.0
5660.0 0.0
5670.0 0.0
5680.0 0.0
5690.0 0.0
5700.0 0.0
