decam/transmission_system/n27/y_decam_c0005_10095.0_1130.0/2012-09-12T00:00:00.ecsv
# %ECSV 1.0
# ---
# datatype:
# - {name: wavelength, unit: Angstrom, datatype: float64}
# - {name: throughput, datatype: float64}
# meta: !!omap
# - {MODE: DETECTOR}
# - {TYPE: transmission_system}
# - {CALIBDATE: '2012-09-12T00:00:00'}
# - {INSTRUME: DECam}
# - {OBSTYPE: transmission_system}
# - {CALIBCLS: lsst.ip.isr.IntermediateSystemTransmissionCurve}
# - {DETECTOR: 58}
# - {DETECTOR_NAME: N27}
# - {SOURCE: Y_band_per_detector_throughput.fits}
# - {FILTER: Y DECam c0005 10095.0 1130.0}
# - {CALIB_CREATION_DATE: '2012-09-12'}
# - {CALIB_CREATION_TIME: '00:00:00'}
# schema: astropy-2.0
wavelength throughput
9250.0 0.0
9260.0 0.0
9270.0 0.0
9280.0 0.0
9290.0 0.0
9300.0 0.0
9310.0 0.006794717628508806
9320.0 0.007579870987683535
9330.0 0.008365023881196976
9340.0 0.00943627581000328
9350.0 0.01050752867013216
9360.0 0.011886386200785637
9370.0 0.013265234418213367
9380.0 0.015616125427186489
9390.0 0.01796700619161129
9400.0 0.022116757929325104
9410.0 0.02626650035381317
9420.0 0.03459260240197182
9430.0 0.042918700724840164
9440.0 0.06223139539361
9450.0 0.08154409378767014
9460.0 0.08108299225568771
9470.0 0.1649436354637146
9480.0 0.16372202336788177
9490.0 0.3171078562736511
9500.0 0.3162563741207123
9510.0 0.5243211388587952
9520.0 0.6222893595695496
9530.0 0.7202575206756592
9540.0 0.774574339389801
9550.0 0.8288912177085876
9560.0 0.8439452052116394
9570.0 0.8589992523193359
9580.0 0.8584085702896118
9590.0 0.8578179478645325
9600.0 0.8561497926712036
9610.0 0.8544816374778748
9620.0 0.851954460144043
9630.0 0.8494272828102112
9640.0 0.8480315208435059
9650.0 0.8466356992721558
9660.0 0.8435797095298767
9670.0 0.8405237197875977
9680.0 0.838176965713501
9690.0 0.8358302712440491
9700.0 0.8321636319160461
9710.0 0.8284969925880432
9720.0 0.8198221921920776
9730.0 0.8111473321914673
9740.0 0.8054648041725159
9750.0 0.7997822761535645
9760.0 0.7945976853370667
9770.0 0.7894130349159241
9780.0 0.783100426197052
9790.0 0.7767878174781799
9800.0 0.7709970474243164
9810.0 0.7652061581611633
9820.0 0.7594696879386902
9830.0 0.7537331581115723
9840.0 0.7466338276863098
9850.0 0.7395345568656921
9860.0 0.7327148914337158
9870.0 0.725895345211029
9880.0 0.716452419757843
9890.0 0.7070094347000122
9900.0 0.6982744336128235
9910.0 0.6895394921302795
9920.0 0.6796200275421143
9930.0 0.6697006225585938
9940.0 0.6614426970481873
9950.0 0.6531847715377808
9960.0 0.6433030366897583
9970.0 0.6334211826324463
9980.0 0.6238374710083008
9990.0 0.6142537593841553
10000.0 0.6035783886909485
10010.0 0.5929030179977417
10020.0 0.5815829634666443
10030.0 0.5702628493309021
10040.0 0.5583138465881348
10050.0 0.5463648438453674
10060.0 0.5352847576141357
10070.0 0.5242046117782593
10080.0 0.5119607448577881
10090.0 0.49971693754196167
10100.0 0.4869857430458069
10110.0 0.4742545187473297
10120.0 0.4632021188735962
10130.0 0.45214977860450745
10140.0 0.44006988406181335
10150.0 0.42799001932144165
10160.0 0.416555255651474
10170.0 0.40512049198150635
10180.0 0.3927313983440399
10190.0 0.3803422749042511
10200.0 0.36875027418136597
10210.0 0.35715824365615845
10220.0 0.34543293714523315
10230.0 0.33370766043663025
10240.0 0.3219490349292755
10250.0 0.3101904094219208
10260.0 0.29924896359443665
10270.0 0.2883075475692749
10280.0 0.27851787209510803
10290.0 0.26872822642326355
10300.0 0.25804272294044495
10310.0 0.24735720455646515
10320.0 0.23716896772384644
10330.0 0.22698074579238892
10340.0 0.2158815860748291
10350.0 0.2047824263572693
10360.0 0.19182558357715607
10370.0 0.17886877059936523
10380.0 0.16974544525146484
10390.0 0.16062213480472565
10400.0 0.15538710355758667
10410.0 0.1501520574092865
10420.0 0.14582428336143494
10430.0 0.14149649441242218
10440.0 0.1371103823184967
10450.0 0.13272428512573242
10460.0 0.12848393619060516
10470.0 0.12424361705780029
10480.0 0.1202756017446518
10490.0 0.1163075789809227
10500.0 0.111841581761837
10510.0 0.1073756068944931
10520.0 0.10391944646835327
10530.0 0.10046327859163284
10540.0 0.09771151840686798
10550.0 0.09495974332094193
10560.0 0.09306646138429642
10570.0 0.0911731868982315
10580.0 0.08892574161291122
10590.0 0.08667828142642975
10600.0 0.08188725262880325
10610.0 0.07709622383117676
10620.0 0.0671006515622139
10630.0 0.057105083018541336
10640.0 0.04470869526267052
10650.0 0.0323123075067997
10660.0 0.02322467975318432
10670.0 0.01413705013692379
10680.0 0.009741504676640034
10690.0 0.005345968063920736
10700.0 0.0
10710.0 0.0
10720.0 0.0
10730.0 0.0
10740.0 0.0
10750.0 0.0
