decam/transmission_system/s27/r_decam_sdss_c0002_6415.0_1480.0/2012-09-12T00:00:00.ecsv
# %ECSV 1.0
# ---
# datatype:
# - {name: wavelength, unit: Angstrom, datatype: float64}
# - {name: throughput, datatype: float64}
# meta: !!omap
# - {MODE: DETECTOR}
# - {TYPE: transmission_system}
# - {CALIBDATE: '2012-09-12T00:00:00'}
# - {INSTRUME: DECam}
# - {OBSTYPE: transmission_system}
# - {CALIBCLS: lsst.ip.isr.IntermediateSystemTransmissionCurve}
# - {DETECTOR: 6}
# - {DETECTOR_NAME: S27}
# - {SOURCE: r_band_per_detector_throughput.fits}
# - {FILTER: r DECam SDSS c0002 6415.0 1480.0}
# - {CALIB_CREATION_DATE: '2012-09-12'}
# - {CALIB_CREATION_TIME: '00:00:00'}
# schema: astropy-2.0
wavelength throughput
5350.0 0.0
5360.0 0.0
5370.0 0.0
5380.0 0.0
5390.0 0.0
5400.0 0.0
5410.0 0.00317027373239398
5420.0 0.0035201155114918947
5430.0 0.004042568150907755
5440.0 0.0045650312677025795
5450.0 0.005188229028135538
5460.0 0.005811437498778105
5470.0 0.006445103790611029
5480.0 0.0070787700824439526
5490.0 0.007994890213012695
5500.0 0.00891099963337183
5510.0 0.00995134562253952
5520.0 0.010991701856255531
5530.0 0.01225366536527872
5540.0 0.01351562887430191
5550.0 0.015208551660180092
5560.0 0.016901476308703423
5570.0 0.01921357773244381
5580.0 0.02152569219470024
5590.0 0.02522476203739643
5600.0 0.028923822566866875
5610.0 0.03748171031475067
5620.0 0.04603959247469902
5630.0 0.07479647547006607
5640.0 0.10355337709188461
5650.0 0.1966347098350525
5660.0 0.28971606492996216
5670.0 0.458315372467041
5680.0 0.6269146800041199
5690.0 0.716214120388031
5700.0 0.8055136203765869
5710.0 0.8175468444824219
5720.0 0.8295800089836121
5730.0 0.833892285823822
5740.0 0.8382045030593872
5750.0 0.8419981598854065
5760.0 0.8457918167114258
5770.0 0.8470520377159119
5780.0 0.8483121991157532
5790.0 0.8496876358985901
5800.0 0.8510631322860718
5810.0 0.8557748794555664
5820.0 0.8604866862297058
5830.0 0.8622937798500061
5840.0 0.8641008138656616
5850.0 0.8632081747055054
5860.0 0.8623155951499939
5870.0 0.8595480918884277
5880.0 0.8567806482315063
5890.0 0.8570848107337952
5900.0 0.8573889136314392
5910.0 0.8614279627799988
5920.0 0.8654670119285583
5930.0 0.867888331413269
5940.0 0.8703096508979797
5950.0 0.870084822177887
5960.0 0.8698599934577942
5970.0 0.8708430528640747
5980.0 0.8718260526657104
5990.0 0.873831033706665
6000.0 0.8758359551429749
6010.0 0.876911461353302
6020.0 0.8779869675636292
6030.0 0.8817229270935059
6040.0 0.8819260001182556
6050.0 0.8820730447769165
6060.0 0.8822200894355774
6070.0 0.8805984854698181
6080.0 0.8789767622947693
6090.0 0.8797587156295776
6100.0 0.8805407881736755
6110.0 0.883838951587677
6120.0 0.8871371746063232
6130.0 0.8893864750862122
6140.0 0.8916357159614563
6150.0 0.8927059769630432
6160.0 0.8937761187553406
6170.0 0.8955456614494324
6180.0 0.8973151445388794
6190.0 0.8969475626945496
6200.0 0.8965799808502197
6210.0 0.896521270275116
6220.0 0.896462619304657
6230.0 0.8973114490509033
6240.0 0.8981603384017944
6250.0 0.8980147838592529
6260.0 0.8978692889213562
6270.0 0.8990489840507507
6280.0 0.9002286791801453
6290.0 0.9021703600883484
6300.0 0.9041120409965515
6310.0 0.9041974544525146
6320.0 0.9042829275131226
6330.0 0.9041717648506165
6340.0 0.9040606021881104
6350.0 0.9062544703483582
6360.0 0.908448338508606
6370.0 0.9099343419075012
6380.0 0.9114204049110413
6390.0 0.9113666415214539
6400.0 0.9113128781318665
6410.0 0.9123228788375854
6420.0 0.9133328795433044
6430.0 0.912663996219635
6440.0 0.9119951725006104
6450.0 0.9115551114082336
6460.0 0.9111150503158569
6470.0 0.9119418263435364
6480.0 0.9127686023712158
6490.0 0.9126834273338318
6500.0 0.9125983119010925
6510.0 0.9121739864349365
6520.0 0.9117497205734253
6530.0 0.9137094616889954
6540.0 0.9156692028045654
6550.0 0.9176864624023438
6560.0 0.9197037220001221
6570.0 0.9200730323791504
6580.0 0.9204422235488892
6590.0 0.9207208752632141
6600.0 0.9209994077682495
6610.0 0.9203842282295227
6620.0 0.9197691082954407
6630.0 0.9186043739318848
6640.0 0.9174396991729736
6650.0 0.9171676635742188
6660.0 0.9168955683708191
6670.0 0.919126570224762
6680.0 0.9213576316833496
6690.0 0.9229966402053833
6700.0 0.9246357083320618
6710.0 0.9250807166099548
6720.0 0.9255257248878479
6730.0 0.9247594475746155
6740.0 0.9239931702613831
6750.0 0.9225695729255676
6760.0 0.9211459159851074
6770.0 0.9206911325454712
6780.0 0.9202364087104797
6790.0 0.9210158586502075
6800.0 0.9217953085899353
6810.0 0.9221858978271484
6820.0 0.9225764870643616
6830.0 0.922635018825531
6840.0 0.9226936101913452
6850.0 0.9226847887039185
6860.0 0.9226760864257812
6870.0 0.9221873879432678
6880.0 0.9216986894607544
6890.0 0.9210172295570374
6900.0 0.9203357100486755
6910.0 0.919002890586853
6920.0 0.9176700115203857
6930.0 0.9169749021530151
6940.0 0.9162798523902893
6950.0 0.9154249429702759
6960.0 0.9145700931549072
6970.0 0.9134440422058105
6980.0 0.9123178720474243
6990.0 0.9125974774360657
7000.0 0.9128770232200623
7010.0 0.91329425573349
7020.0 0.913711428642273
7030.0 0.9099741578102112
7040.0 0.9062368869781494
7050.0 0.902199923992157
7060.0 0.8981629610061646
7070.0 0.8859921097755432
7080.0 0.8738211989402771
7090.0 0.8546475768089294
7100.0 0.8354738354682922
7110.0 0.8294982314109802
7120.0 0.8235226273536682
7130.0 0.7544639706611633
7140.0 0.6854052543640137
7150.0 0.507163941860199
7160.0 0.3289225995540619
7170.0 0.21338707208633423
7180.0 0.09785153716802597
7190.0 0.06328845024108887
7200.0 0.02872537449002266
7210.0 0.018640372902154922
7220.0 0.008555382490158081
7230.0 0.006779306102544069
7240.0 0.005003239959478378
7250.0 0.0036098321434110403
7260.0 0.0022164247930049896
7270.0 0.001683390000835061
7280.0 0.0011503654532134533
7290.0 0.0009224857203662395
7300.0 0.0006946162902750075
7310.0 0.000613207696005702
7320.0 0.0005317990435287356
7330.0 0.0004631433403119445
7340.0 0.00039447718882001936
7350.0 0.0
7360.0 0.0
7370.0 0.0
7380.0 0.0
7390.0 0.0
7400.0 0.0
