decam/transmission_system/s18/g_decam_sdss_c0001_4720.0_1520.0/2012-09-12T00:00:00.ecsv
# %ECSV 1.0
# ---
# datatype:
# - {name: wavelength, unit: Angstrom, datatype: float64}
# - {name: throughput, datatype: float64}
# meta: !!omap
# - {MODE: DETECTOR}
# - {TYPE: transmission_system}
# - {CALIBDATE: '2012-09-12T00:00:00'}
# - {INSTRUME: DECam}
# - {OBSTYPE: transmission_system}
# - {CALIBCLS: lsst.ip.isr.IntermediateSystemTransmissionCurve}
# - {DETECTOR: 17}
# - {DETECTOR_NAME: S18}
# - {SOURCE: g_band_per_detector_throughput.fits}
# - {FILTER: g DECam SDSS c0001 4720.0 1520.0}
# - {CALIB_CREATION_DATE: '2012-09-12'}
# - {CALIB_CREATION_TIME: '00:00:00'}
# schema: astropy-2.0
wavelength throughput
3750.0 0.0
3760.0 0.0
3770.0 0.0
3780.0 0.0
3790.0 0.0
3800.0 0.0
3810.0 0.0007671041530556977
3820.0 0.0010798715520650148
3830.0 0.0010747101623564959
3840.0 0.0013468407560139894
3850.0 0.001663741422817111
3860.0 0.001980631612241268
3870.0 0.002407738706097007
3880.0 0.0028348355554044247
3890.0 0.0034706515725702047
3900.0 0.004106477834284306
3910.0 0.004134694114327431
3920.0 0.007443805690854788
3930.0 0.015472935512661934
3940.0 0.023502076044678688
3950.0 0.02355627529323101
3960.0 0.13679993152618408
3970.0 0.25628650188446045
3980.0 0.3757730722427368
3990.0 0.3655744791030884
4000.0 0.41070184111595154
4010.0 0.426614373922348
4020.0 0.4425269067287445
4030.0 0.4508834183216095
4040.0 0.4487040638923645
4050.0 0.45200666785240173
4060.0 0.4558333456516266
4070.0 0.4610384404659271
4080.0 0.4700174629688263
4090.0 0.47206389904022217
4100.0 0.47497978806495667
4110.0 0.47733086347579956
4120.0 0.47968193888664246
4130.0 0.48377785086631775
4140.0 0.4863632917404175
4150.0 0.4903622567653656
4160.0 0.499221533536911
4170.0 0.5052363872528076
4180.0 0.5112512111663818
4190.0 0.513965904712677
4200.0 0.5128957033157349
4210.0 0.5119750499725342
4220.0 0.5148780941963196
4230.0 0.516444981098175
4240.0 0.5304477214813232
4250.0 0.5343887805938721
4260.0 0.5383298993110657
4270.0 0.5429268479347229
4280.0 0.5501187443733215
4290.0 0.5512698292732239
4300.0 0.5598298907279968
4310.0 0.5624033212661743
4320.0 0.5649767518043518
4330.0 0.5685132145881653
4340.0 0.572049617767334
4350.0 0.5773068070411682
4360.0 0.5825639963150024
4370.0 0.5864328742027283
4380.0 0.5903018116950989
4390.0 0.5963411927223206
4400.0 0.6023805737495422
4410.0 0.6052011847496033
4420.0 0.6080218553543091
4430.0 0.610647976398468
4440.0 0.613274097442627
4450.0 0.6159570217132568
4460.0 0.6186400055885315
4470.0 0.6205063462257385
4480.0 0.6223726868629456
4490.0 0.625961184501648
4500.0 0.6295497417449951
4510.0 0.6319950222969055
4520.0 0.6344402432441711
4530.0 0.6385095715522766
4540.0 0.6425788402557373
4550.0 0.6444372534751892
4560.0 0.6462956666946411
4570.0 0.6468358635902405
4580.0 0.6473761200904846
4590.0 0.6507172584533691
4600.0 0.6540583968162537
4610.0 0.6573278307914734
4620.0 0.6605972647666931
4630.0 0.6629326343536377
4640.0 0.6652680039405823
4650.0 0.6673444509506226
4660.0 0.6694208383560181
4670.0 0.6692291498184204
4680.0 0.6690374612808228
4690.0 0.669946551322937
4700.0 0.6708557605743408
4710.0 0.6729732751846313
4720.0 0.6750908493995667
4730.0 0.6780706644058228
4740.0 0.6810505986213684
4750.0 0.6849327087402344
4760.0 0.6888148188591003
4770.0 0.6896023750305176
4780.0 0.6903899908065796
4790.0 0.6904915571212769
4800.0 0.6905931830406189
4810.0 0.6929327845573425
4820.0 0.6952724456787109
4830.0 0.6962386965751648
4840.0 0.6972049474716187
4850.0 0.69618159532547
4860.0 0.6951582431793213
4870.0 0.6974893808364868
4880.0 0.6998205184936523
4890.0 0.7034668326377869
4900.0 0.7071132659912109
4910.0 0.7084732055664062
4920.0 0.7098330855369568
4930.0 0.7089629173278809
4940.0 0.7080928683280945
4950.0 0.7084906697273254
4960.0 0.7088884711265564
4970.0 0.7119230031967163
4980.0 0.7149575352668762
4990.0 0.7174257636070251
5000.0 0.7198940515518188
5010.0 0.7218577861785889
5020.0 0.7238215804100037
5030.0 0.7250159382820129
5040.0 0.7262102365493774
5050.0 0.7276567220687866
5060.0 0.729103147983551
5070.0 0.7316081523895264
5080.0 0.7341130971908569
5090.0 0.7357809543609619
5100.0 0.7374488115310669
5110.0 0.7354429960250854
5120.0 0.7334370613098145
5130.0 0.7342075109481812
5140.0 0.7349779605865479
5150.0 0.7389495968818665
5160.0 0.7429212927818298
5170.0 0.7442696690559387
5180.0 0.7456181049346924
5190.0 0.7471237778663635
5200.0 0.7486295104026794
5210.0 0.751716673374176
5220.0 0.7548038363456726
5230.0 0.758155882358551
5240.0 0.7615079283714294
5250.0 0.7632222771644592
5260.0 0.764936625957489
5270.0 0.7648597955703735
5280.0 0.7647829055786133
5290.0 0.7654804587364197
5300.0 0.7661780118942261
5310.0 0.7679224610328674
5320.0 0.7696669101715088
5330.0 0.7713531255722046
5340.0 0.7730393409729004
5350.0 0.7752043604850769
5360.0 0.7773694396018982
5370.0 0.775226354598999
5380.0 0.7730832695960999
5390.0 0.7672469615936279
5400.0 0.761410653591156
5410.0 0.7620978951454163
5420.0 0.7627850770950317
5430.0 0.7679416537284851
5440.0 0.7730981707572937
5450.0 0.7298765778541565
5460.0 0.6866550445556641
5470.0 0.503568172454834
5480.0 0.32048124074935913
5490.0 0.1916172057390213
5500.0 0.06275314092636108
5510.0 0.03832346946001053
5520.0 0.013893801718950272
5530.0 0.008552256971597672
5540.0 0.003210723400115967
5550.0 0.0021902441512793303
5560.0 0.0011697647860273719
5570.0 0.0009225687826983631
5580.0 0.0006753727793693542
5590.0 0.0005909836036153138
5600.0 0.0005065944860689342
5610.0 0.00045400444651022553
5620.0 0.0004014247970189899
5630.0 0.00036995799746364355
5640.0 0.0003385016170796007
5650.0 0.0
5660.0 0.0
5670.0 0.0
5680.0 0.0
5690.0 0.0
5700.0 0.0
