decam/transmission_system/n31/g_decam_sdss_c0001_4720.0_1520.0/2012-09-12T00:00:00.ecsv
# %ECSV 1.0
# ---
# datatype:
# - {name: wavelength, unit: Angstrom, datatype: float64}
# - {name: throughput, datatype: float64}
# meta: !!omap
# - {MODE: DETECTOR}
# - {TYPE: transmission_system}
# - {CALIBDATE: '2012-09-12T00:00:00'}
# - {INSTRUME: DECam}
# - {OBSTYPE: transmission_system}
# - {CALIBCLS: lsst.ip.isr.IntermediateSystemTransmissionCurve}
# - {DETECTOR: 62}
# - {DETECTOR_NAME: N31}
# - {SOURCE: g_band_per_detector_throughput.fits}
# - {FILTER: g DECam SDSS c0001 4720.0 1520.0}
# - {CALIB_CREATION_DATE: '2012-09-12'}
# - {CALIB_CREATION_TIME: '00:00:00'}
# schema: astropy-2.0
wavelength throughput
3750.0 0.0
3760.0 0.0
3770.0 0.0
3780.0 0.0
3790.0 0.0
3800.0 0.0
3810.0 0.0011406034464016557
3820.0 0.0014661963796243072
3830.0 0.0014371598372235894
3840.0 0.002031601732596755
3850.0 0.0023797510657459497
3860.0 0.00272788992151618
3870.0 0.003227848559617996
3880.0 0.0037278069648891687
3890.0 0.004601046442985535
3900.0 0.005474296398460865
3910.0 0.005188405513763428
3920.0 0.009420729242265224
3930.0 0.0191747285425663
3940.0 0.028928734362125397
3950.0 0.029466671869158745
3960.0 0.15797866880893707
3970.0 0.272894948720932
3980.0 0.38781118392944336
3990.0 0.38002195954322815
4000.0 0.4260050058364868
4010.0 0.4422071576118469
4020.0 0.45840930938720703
4030.0 0.4647904634475708
4040.0 0.4668117165565491
4050.0 0.47032880783081055
4060.0 0.4763164222240448
4070.0 0.48342353105545044
4080.0 0.4894346594810486
4090.0 0.49326086044311523
4100.0 0.49714332818984985
4110.0 0.499411404132843
4120.0 0.5016794204711914
4130.0 0.5079234838485718
4140.0 0.509137749671936
4150.0 0.5148771405220032
4160.0 0.5251132845878601
4170.0 0.5307172536849976
4180.0 0.536321222782135
4190.0 0.540905773639679
4200.0 0.5395519733428955
4210.0 0.5360767841339111
4220.0 0.5426649451255798
4230.0 0.5465231537818909
4240.0 0.5579770803451538
4250.0 0.5617548823356628
4260.0 0.5655325651168823
4270.0 0.573110044002533
4280.0 0.576408863067627
4290.0 0.5801410675048828
4300.0 0.5859940052032471
4310.0 0.5882391333580017
4320.0 0.5904843211174011
4330.0 0.5947284698486328
4340.0 0.5989726781845093
4350.0 0.602705717086792
4360.0 0.6064388155937195
4370.0 0.6100533604621887
4380.0 0.6136679649353027
4390.0 0.6199766397476196
4400.0 0.6262854337692261
4410.0 0.6283544301986694
4420.0 0.6304234862327576
4430.0 0.6322749257087708
4440.0 0.6341263651847839
4450.0 0.6360748410224915
4460.0 0.638023316860199
4470.0 0.6386899948120117
4480.0 0.6393565535545349
4490.0 0.6434149146080017
4500.0 0.6474733352661133
4510.0 0.6487634181976318
4520.0 0.6500535011291504
4530.0 0.6532059907913208
4540.0 0.6563584208488464
4550.0 0.6571053266525269
4560.0 0.6578521728515625
4570.0 0.6568255424499512
4580.0 0.6557989716529846
4590.0 0.6597279906272888
4600.0 0.6636571288108826
4610.0 0.6659719347953796
4620.0 0.6682867407798767
4630.0 0.6698238849639893
4640.0 0.671360969543457
4650.0 0.6720799207687378
4660.0 0.6727988123893738
4670.0 0.6712178587913513
4680.0 0.6696369051933289
4690.0 0.6703478097915649
4700.0 0.671058714389801
4710.0 0.6719495058059692
4720.0 0.672840416431427
4730.0 0.6761308908462524
4740.0 0.6794214248657227
4750.0 0.6823717355728149
4760.0 0.6853219866752625
4770.0 0.68470299243927
4780.0 0.6840839385986328
4790.0 0.6851496696472168
4800.0 0.686215341091156
4810.0 0.6868000626564026
4820.0 0.687384843826294
4830.0 0.6868680119514465
4840.0 0.6863512992858887
4850.0 0.6860163807868958
4860.0 0.6856814622879028
4870.0 0.6877095699310303
4880.0 0.6897376179695129
4890.0 0.6927698254585266
4900.0 0.6958020329475403
4910.0 0.6954299211502075
4920.0 0.69505774974823
4930.0 0.6927593946456909
4940.0 0.6904609799385071
4950.0 0.6906597018241882
4960.0 0.6908584237098694
4970.0 0.6940829753875732
4980.0 0.6973075270652771
4990.0 0.7000701427459717
5000.0 0.702832818031311
5010.0 0.7030901312828064
5020.0 0.7033474445343018
5030.0 0.7038840055465698
5040.0 0.7044205665588379
5050.0 0.7053921818733215
5060.0 0.7063637375831604
5070.0 0.7077206969261169
5080.0 0.7090775966644287
5090.0 0.7109324932098389
5100.0 0.7127874493598938
5110.0 0.7111758589744568
5120.0 0.709564208984375
5130.0 0.7096028923988342
5140.0 0.7096415162086487
5150.0 0.7116620540618896
5160.0 0.7136826515197754
5170.0 0.7153063416481018
5180.0 0.7169299721717834
5190.0 0.7199705243110657
5200.0 0.7230111360549927
5210.0 0.7243454456329346
5220.0 0.7256798148155212
5230.0 0.7281073331832886
5240.0 0.7305347919464111
5250.0 0.7327207326889038
5260.0 0.7349067330360413
5270.0 0.7353982925415039
5280.0 0.7358899116516113
5290.0 0.7372575402259827
5300.0 0.7386252284049988
5310.0 0.7393028140068054
5320.0 0.7399803996086121
5330.0 0.7410534620285034
5340.0 0.7421265244483948
5350.0 0.7426500916481018
5360.0 0.7431737184524536
5370.0 0.7390992045402527
5380.0 0.7350246906280518
5390.0 0.7313766479492188
5400.0 0.727728545665741
5410.0 0.7301274538040161
5420.0 0.7325263023376465
5430.0 0.7285467386245728
5440.0 0.7245672345161438
5450.0 0.633865237236023
5460.0 0.5431632995605469
5470.0 0.3667125701904297
5480.0 0.1902618706226349
5490.0 0.11206713318824768
5500.0 0.03387238457798958
5510.0 0.020929567515850067
5520.0 0.007986737415194511
5530.0 0.005008577834814787
5540.0 0.002030428033322096
5550.0 0.0014483652776107192
5560.0 0.0008662920445203781
5570.0 0.0007062683580443263
5580.0 0.0005462446715682745
5590.0 0.00048785979743115604
5600.0 0.0004294748941902071
5610.0 0.00038963774568401277
5620.0 0.0003498005971778184
5630.0 0.00032422211370430887
5640.0 0.0002986332983709872
5650.0 0.0
5660.0 0.0
5670.0 0.0
5680.0 0.0
5690.0 0.0
5700.0 0.0
