decam/transmission_system/s28/i_decam_sdss_c0003_7835.0_1470.0/2012-09-12T00:00:00.ecsv
# %ECSV 1.0
# ---
# datatype:
# - {name: wavelength, unit: Angstrom, datatype: float64}
# - {name: throughput, datatype: float64}
# meta: !!omap
# - {MODE: DETECTOR}
# - {TYPE: transmission_system}
# - {CALIBDATE: '2012-09-12T00:00:00'}
# - {INSTRUME: DECam}
# - {OBSTYPE: transmission_system}
# - {CALIBCLS: lsst.ip.isr.IntermediateSystemTransmissionCurve}
# - {DETECTOR: 7}
# - {DETECTOR_NAME: S28}
# - {SOURCE: i_band_per_detector_throughput.fits}
# - {FILTER: i DECam SDSS c0003 7835.0 1470.0}
# - {CALIB_CREATION_DATE: '2012-09-12'}
# - {CALIB_CREATION_TIME: '00:00:00'}
# schema: astropy-2.0
wavelength throughput
6700.0 0.0
6710.0 0.0
6720.0 0.0
6730.0 0.0
6740.0 0.0
6750.0 0.0
6760.0 0.0011118680704385042
6770.0 0.0012897124979645014
6780.0 0.0014675569254904985
6790.0 0.0016573650063946843
6800.0 0.00184717308729887
6810.0 0.002073629992082715
6820.0 0.002300097607076168
6830.0 0.002588065341114998
6840.0 0.0028760433197021484
6850.0 0.003234152216464281
6860.0 0.0035922713577747345
6870.0 0.004029555711895227
6880.0 0.0044668507762253284
6890.0 0.004984650295227766
6900.0 0.005502460990101099
6910.0 0.006135815754532814
6920.0 0.006769170053303242
6930.0 0.007688966114073992
6940.0 0.008608763106167316
6950.0 0.009944315068423748
6960.0 0.01127986703068018
6970.0 0.013743030838668346
6980.0 0.01620619371533394
6990.0 0.021692028269171715
7000.0 0.02717786282300949
7010.0 0.03989493101835251
7020.0 0.05261198803782463
7030.0 0.0784313827753067
7040.0 0.10425074398517609
7050.0 0.1491384357213974
7060.0 0.1940261274576187
7070.0 0.26002100110054016
7080.0 0.3260159194469452
7090.0 0.4102311134338379
7100.0 0.4944462776184082
7110.0 0.5843126177787781
7120.0 0.6741788983345032
7130.0 0.7499039173126221
7140.0 0.8256288170814514
7150.0 0.8741388320922852
7160.0 0.9226488471031189
7170.0 0.9453412890434265
7180.0 0.9680337905883789
7190.0 0.9712212681770325
7200.0 0.9744086861610413
7210.0 0.9721377491950989
7220.0 0.9698668122291565
7230.0 0.9708576798439026
7240.0 0.9718484878540039
7250.0 0.9780522584915161
7260.0 0.9842560887336731
7270.0 0.9923267364501953
7280.0 1.0003974437713623
7290.0 1.0036944150924683
7300.0 1.0069915056228638
7310.0 1.0040243864059448
7320.0 1.0010573863983154
7330.0 0.9954891800880432
7340.0 0.989920973777771
7350.0 0.9874956607818604
7360.0 0.9850703477859497
7370.0 0.9873670935630798
7380.0 0.98966383934021
7390.0 0.9950116276741028
7400.0 1.0003594160079956
7410.0 1.0040398836135864
7420.0 1.0077201128005981
7430.0 1.0087871551513672
7440.0 1.0098540782928467
7450.0 1.009090781211853
7460.0 1.0083274841308594
7470.0 1.0073939561843872
7480.0 1.0064605474472046
7490.0 1.0069751739501953
7500.0 1.0074896812438965
7510.0 1.0083482265472412
7520.0 1.009206771850586
7530.0 1.0097984075546265
7540.0 1.010390043258667
7550.0 1.009100079536438
7560.0 1.007810115814209
7570.0 1.005208969116211
7580.0 1.002607822418213
7590.0 0.9926083087921143
7600.0 0.9826087355613708
7610.0 0.9836776256561279
7620.0 0.9847464561462402
7630.0 0.9853302836418152
7640.0 0.9859141111373901
7650.0 0.9890350699424744
7660.0 0.9921559691429138
7670.0 0.993584394454956
7680.0 0.9950127601623535
7690.0 0.9955193400382996
7700.0 0.9960258603096008
7710.0 0.9979189038276672
7720.0 0.9998119473457336
7730.0 1.0023514032363892
7740.0 1.004891037940979
7750.0 1.0096708536148071
7760.0 1.0144507884979248
7770.0 1.0165294408798218
7780.0 1.0186083316802979
7790.0 1.0184274911880493
7800.0 1.0182466506958008
7810.0 1.0160824060440063
7820.0 1.013918161392212
7830.0 1.012251615524292
7840.0 1.0105849504470825
7850.0 1.0119116306304932
7860.0 1.0132383108139038
7870.0 1.015607476234436
7880.0 1.0179766416549683
7890.0 1.0173572301864624
7900.0 1.016737937927246
7910.0 1.012133002281189
7920.0 1.0075281858444214
7930.0 0.9996527433395386
7940.0 0.9917773604393005
7950.0 0.9830595850944519
7960.0 0.9743419289588928
7970.0 0.9708288311958313
7980.0 0.9673157334327698
7990.0 0.9721768498420715
8000.0 0.9770379066467285
8010.0 0.9858119487762451
8020.0 0.9945859909057617
8030.0 1.0004751682281494
8040.0 1.0063642263412476
8050.0 1.007811188697815
8060.0 1.0092580318450928
8070.0 1.0080113410949707
8080.0 1.006764531135559
8090.0 0.999459981918335
8100.0 0.9921554327011108
8110.0 0.9764667749404907
8120.0 0.9834911823272705
8130.0 0.9833129048347473
8140.0 0.9831346273422241
8150.0 0.988447904586792
8160.0 0.9937612414360046
8170.0 1.0094399452209473
8180.0 1.008339524269104
8190.0 1.0074291229248047
8200.0 1.0020606517791748
8210.0 0.9966922402381897
8220.0 0.9880724549293518
8230.0 0.9794526696205139
8240.0 0.9747172594070435
8250.0 0.9699817895889282
8260.0 0.9714946746826172
8270.0 0.9730075597763062
8280.0 0.9793128967285156
8290.0 0.9856182336807251
8300.0 0.9919235706329346
8310.0 1.0133296251296997
8320.0 1.017569661140442
8330.0 1.021809697151184
8340.0 1.0260498523712158
8350.0 1.0207394361495972
8360.0 1.0152122974395752
8370.0 1.0096852779388428
8380.0 1.0041580200195312
8390.0 0.9961113333702087
8400.0 0.989547073841095
8410.0 0.9888908863067627
8420.0 0.9882346987724304
8430.0 0.9891836047172546
8440.0 0.9958229660987854
8450.0 0.9969913959503174
8460.0 0.9981598258018494
8470.0 1.006280779838562
8480.0 1.0144016742706299
8490.0 1.0191842317581177
8500.0 1.0239667892456055
8510.0 1.0094363689422607
8520.0 0.994905948638916
8530.0 0.9327234029769897
8540.0 0.8705409169197083
8550.0 0.7431386113166809
8560.0 0.6157363653182983
8570.0 0.34282439947128296
8580.0 0.3459475636482239
8590.0 0.14946632087230682
8600.0 0.14836376905441284
8610.0 0.05462060868740082
8620.0 0.05503919720649719
8630.0 0.019057905301451683
8640.0 0.01933390088379383
8650.0 0.00741828978061676
8660.0 0.0069120172411203384
8670.0 0.003045029705390334
8680.0 0.0024510237853974104
8690.0 0.001857028459198773
8700.0 0.0
8710.0 0.0
8720.0 0.0
8730.0 0.0
8740.0 0.0
8750.0 0.0
