decam/transmission_system/n4/i_decam_sdss_c0003_7835.0_1470.0/2012-09-12T00:00:00.ecsv
# %ECSV 1.0
# ---
# datatype:
# - {name: wavelength, unit: Angstrom, datatype: float64}
# - {name: throughput, datatype: float64}
# meta: !!omap
# - {MODE: DETECTOR}
# - {TYPE: transmission_system}
# - {CALIBDATE: '2012-09-12T00:00:00'}
# - {INSTRUME: DECam}
# - {OBSTYPE: transmission_system}
# - {CALIBCLS: lsst.ip.isr.IntermediateSystemTransmissionCurve}
# - {DETECTOR: 35}
# - {DETECTOR_NAME: N4}
# - {SOURCE: i_band_per_detector_throughput.fits}
# - {FILTER: i DECam SDSS c0003 7835.0 1470.0}
# - {CALIB_CREATION_DATE: '2012-09-12'}
# - {CALIB_CREATION_TIME: '00:00:00'}
# schema: astropy-2.0
wavelength throughput
6700.0 0.0
6710.0 0.0
6720.0 0.0
6730.0 0.0
6740.0 0.0
6750.0 0.0
6760.0 0.0005047874874435365
6770.0 0.0005997279076837003
6780.0 0.0006946578505448997
6790.0 0.0007933264714665711
6800.0 0.0008919950923882425
6810.0 0.0010207907762378454
6820.0 0.0011495969956740737
6830.0 0.0013309619389474392
6840.0 0.0015123373595997691
6850.0 0.001783065963536501
6860.0 0.002053794451057911
6870.0 0.0024061084259301424
6880.0 0.002758411690592766
6890.0 0.003253686474636197
6900.0 0.0037489612586796284
6910.0 0.004631475079804659
6920.0 0.005513998679816723
6930.0 0.00757080502808094
6940.0 0.009627621620893478
6950.0 0.015050450339913368
6960.0 0.020473288372159004
6970.0 0.03598611056804657
6980.0 0.05149892717599869
6990.0 0.09112396091222763
7000.0 0.13074898719787598
7010.0 0.20735447108745575
7020.0 0.2839599847793579
7030.0 0.3928760886192322
7040.0 0.5017921924591064
7050.0 0.6170111298561096
7060.0 0.7322300672531128
7070.0 0.8105062246322632
7080.0 0.8887823820114136
7090.0 0.9169799089431763
7100.0 0.9451774954795837
7110.0 0.9524247646331787
7120.0 0.9596719741821289
7130.0 0.9644300937652588
7140.0 0.9691881537437439
7150.0 0.9755443334579468
7160.0 0.9819005727767944
7170.0 0.9883813261985779
7180.0 0.9948620796203613
7190.0 0.9961581230163574
7200.0 0.9974541068077087
7210.0 0.9959421157836914
7220.0 0.9944300055503845
7230.0 0.9940756559371948
7240.0 0.9937213659286499
7250.0 0.9962211847305298
7260.0 0.9987210035324097
7270.0 1.001788854598999
7280.0 1.004856824874878
7290.0 1.004178762435913
7300.0 1.0035008192062378
7310.0 1.0005838871002197
7320.0 0.9976668357849121
7330.0 0.9962987303733826
7340.0 0.9949306845664978
7350.0 0.997195839881897
7360.0 0.9994609951972961
7370.0 1.003335952758789
7380.0 1.0072109699249268
7390.0 1.0094496011734009
7400.0 1.0116883516311646
7410.0 1.010109543800354
7420.0 1.008530616760254
7430.0 1.0065577030181885
7440.0 1.004584789276123
7450.0 1.0047425031661987
7460.0 1.0049002170562744
7470.0 1.0069087743759155
7480.0 1.0089173316955566
7490.0 1.010746717453003
7500.0 1.0125762224197388
7510.0 1.0116013288497925
7520.0 1.0106263160705566
7530.0 1.0082201957702637
7540.0 1.0058139562606812
7550.0 1.003304362297058
7560.0 1.0007946491241455
7570.0 1.0002772808074951
7580.0 0.9997600317001343
7590.0 0.9938474893569946
7600.0 0.9879348874092102
7610.0 0.9924453496932983
7620.0 0.9969558715820312
7630.0 0.9987835884094238
7640.0 1.0006113052368164
7650.0 1.0028512477874756
7660.0 1.0050911903381348
7670.0 1.004925012588501
7680.0 1.0047588348388672
7690.0 1.0037951469421387
7700.0 1.0028316974639893
7710.0 1.0032081604003906
7720.0 1.0035845041275024
7730.0 1.0040494203567505
7740.0 1.004514217376709
7750.0 1.0069174766540527
7760.0 1.009320616722107
7770.0 1.0099014043807983
7780.0 1.0104820728302002
7790.0 1.0108532905578613
7800.0 1.011224389076233
7810.0 1.010891079902649
7820.0 1.0105576515197754
7830.0 1.0095365047454834
7840.0 1.0085153579711914
7850.0 1.0073201656341553
7860.0 1.0061250925064087
7870.0 1.0033267736434937
7880.0 1.000528335571289
7890.0 0.9960963726043701
7900.0 0.9916642904281616
7910.0 0.9879690408706665
7920.0 0.9842737913131714
7930.0 0.982824981212616
7940.0 0.9813761711120605
7950.0 0.9809242486953735
7960.0 0.9804723262786865
7970.0 0.9816992878913879
7980.0 0.9829263687133789
7990.0 0.9861859083175659
8000.0 0.9894454479217529
8010.0 0.9908583760261536
8020.0 0.992271363735199
8030.0 0.9918111562728882
8040.0 0.9913509488105774
8050.0 0.9895577430725098
8060.0 0.9877644181251526
8070.0 0.9898003935813904
8080.0 0.9918363690376282
8090.0 0.9913949370384216
8100.0 0.9909535050392151
8110.0 0.9858366250991821
8120.0 0.9906951189041138
8130.0 0.9885731339454651
8140.0 0.9864511489868164
8150.0 0.9828844666481018
8160.0 0.979317843914032
8170.0 0.9757282137870789
8180.0 0.9744796752929688
8190.0 0.965679943561554
8200.0 0.9651448130607605
8210.0 0.964609682559967
8220.0 0.9662842154502869
8230.0 0.9679588675498962
8240.0 0.9717103838920593
8250.0 0.9754619002342224
8260.0 0.9783018827438354
8270.0 0.9811417460441589
8280.0 0.9829986095428467
8290.0 0.9848555326461792
8300.0 0.9867123961448669
8310.0 0.9882189035415649
8320.0 0.9883790016174316
8330.0 0.9885389804840088
8340.0 0.9886990785598755
8350.0 0.9876769781112671
8360.0 0.9875099062919617
8370.0 0.9873427748680115
8380.0 0.987175703048706
8390.0 0.9944896697998047
8400.0 0.9889827966690063
8410.0 0.9916221499443054
8420.0 0.9942615032196045
8430.0 0.994053304195404
8440.0 0.9993248581886292
8450.0 0.9985889196395874
8460.0 0.9978530406951904
8470.0 1.0070724487304688
8480.0 1.0162917375564575
8490.0 1.0239078998565674
8500.0 1.0315238237380981
8510.0 1.0015242099761963
8520.0 0.9715245366096497
8530.0 0.8425841331481934
8540.0 0.7136436700820923
8550.0 0.5336693525314331
8560.0 0.35369494557380676
8570.0 0.13720864057540894
8580.0 0.1389756053686142
8590.0 0.05056050792336464
8600.0 0.05062524974346161
8610.0 0.019580744206905365
8620.0 0.01938912831246853
8630.0 0.00795726478099823
8640.0 0.008153636008501053
8650.0 0.0037980410270392895
8660.0 0.003515826538205147
8670.0 0.0018833961803466082
8680.0 0.0016671891789883375
8690.0 0.001450971933081746
8700.0 0.0
8710.0 0.0
8720.0 0.0
8730.0 0.0
8740.0 0.0
8750.0 0.0
