decam/transmission_system/s13/r_decam_sdss_c0002_6415.0_1480.0/2012-09-12T00:00:00.ecsv
# %ECSV 1.0
# ---
# datatype:
# - {name: wavelength, unit: Angstrom, datatype: float64}
# - {name: throughput, datatype: float64}
# meta: !!omap
# - {MODE: DETECTOR}
# - {TYPE: transmission_system}
# - {CALIBDATE: '2012-09-12T00:00:00'}
# - {INSTRUME: DECam}
# - {OBSTYPE: transmission_system}
# - {CALIBCLS: lsst.ip.isr.IntermediateSystemTransmissionCurve}
# - {DETECTOR: 24}
# - {DETECTOR_NAME: S13}
# - {SOURCE: r_band_per_detector_throughput.fits}
# - {FILTER: r DECam SDSS c0002 6415.0 1480.0}
# - {CALIB_CREATION_DATE: '2012-09-12'}
# - {CALIB_CREATION_TIME: '00:00:00'}
# schema: astropy-2.0
wavelength throughput
5350.0 0.0
5360.0 0.0
5370.0 0.0
5380.0 0.0
5390.0 0.0
5400.0 0.0
5410.0 0.0033040435519069433
5420.0 0.003645370015874505
5430.0 0.004178249277174473
5440.0 0.004711128305643797
5450.0 0.005345490761101246
5460.0 0.005979862995445728
5470.0 0.006614827085286379
5480.0 0.0072498018853366375
5490.0 0.008176524192094803
5500.0 0.00910324789583683
5510.0 0.010066152550280094
5520.0 0.011029057204723358
5530.0 0.01221537496894598
5540.0 0.013401683419942856
5550.0 0.015015628188848495
5560.0 0.016629572957754135
5570.0 0.01877717673778534
5580.0 0.020924769341945648
5590.0 0.024264080449938774
5600.0 0.027603380382061005
5610.0 0.03512612357735634
5620.0 0.04264885559678078
5630.0 0.07059381902217865
5640.0 0.09853878617286682
5650.0 0.20210693776607513
5660.0 0.30567508935928345
5670.0 0.4791187047958374
5680.0 0.6525623202323914
5690.0 0.7249410152435303
5700.0 0.797319769859314
5710.0 0.8069027066230774
5720.0 0.8164856433868408
5730.0 0.8205852508544922
5740.0 0.8246849179267883
5750.0 0.8272628784179688
5760.0 0.8298407793045044
5770.0 0.8309950232505798
5780.0 0.8321492671966553
5790.0 0.8333427309989929
5800.0 0.834536075592041
5810.0 0.8392944931983948
5820.0 0.8440530300140381
5830.0 0.8463104367256165
5840.0 0.8485678434371948
5850.0 0.8473672270774841
5860.0 0.846166729927063
5870.0 0.8437992334365845
5880.0 0.841431736946106
5890.0 0.8423710465431213
5900.0 0.8433104157447815
5910.0 0.8479128479957581
5920.0 0.8525153398513794
5930.0 0.855316698551178
5940.0 0.8581180572509766
5950.0 0.8583207130432129
5960.0 0.8585233688354492
5970.0 0.8595741391181946
5980.0 0.8606250286102295
5990.0 0.8625100255012512
6000.0 0.8643949627876282
6010.0 0.8672112226486206
6020.0 0.8700275421142578
6030.0 0.8685128092765808
6040.0 0.8737151026725769
6050.0 0.8737108707427979
6060.0 0.8737065196037292
6070.0 0.8728916645050049
6080.0 0.8720768094062805
6090.0 0.8730445504188538
6100.0 0.8740123510360718
6110.0 0.8772519826889038
6120.0 0.8804915547370911
6130.0 0.8834940195083618
6140.0 0.8864965438842773
6150.0 0.888231098651886
6160.0 0.8899655938148499
6170.0 0.8913562893867493
6180.0 0.8927470445632935
6190.0 0.8925923705101013
6200.0 0.8924376964569092
6210.0 0.8934043645858765
6220.0 0.8943710327148438
6230.0 0.8949256539344788
6240.0 0.8954803347587585
6250.0 0.8963977694511414
6260.0 0.8973153233528137
6270.0 0.8992265462875366
6280.0 0.9011377692222595
6290.0 0.9026407599449158
6300.0 0.904143750667572
6310.0 0.9048231244087219
6320.0 0.9055023789405823
6330.0 0.9063916206359863
6340.0 0.9072808623313904
6350.0 0.9090744256973267
6360.0 0.9108680486679077
6370.0 0.9126918315887451
6380.0 0.914515495300293
6390.0 0.9147507548332214
6400.0 0.9149858951568604
6410.0 0.9151519536972046
6420.0 0.9153181314468384
6430.0 0.9151495695114136
6440.0 0.9149810075759888
6450.0 0.9150734543800354
6460.0 0.9151659607887268
6470.0 0.9158337712287903
6480.0 0.9165016412734985
6490.0 0.9169295430183411
6500.0 0.9173574447631836
6510.0 0.91839599609375
6520.0 0.9194346070289612
6530.0 0.9214369058609009
6540.0 0.9234391450881958
6550.0 0.9254339337348938
6560.0 0.9274286031723022
6570.0 0.9284191131591797
6580.0 0.9294096231460571
6590.0 0.929326057434082
6600.0 0.9292424917221069
6610.0 0.9288530349731445
6620.0 0.9284634590148926
6630.0 0.9271688461303711
6640.0 0.9258742928504944
6650.0 0.9265406727790833
6660.0 0.9272071719169617
6670.0 0.9297090768814087
6680.0 0.9322111010551453
6690.0 0.9340077638626099
6700.0 0.9358044266700745
6710.0 0.9366016983985901
6720.0 0.9373989701271057
6730.0 0.9366681575775146
6740.0 0.9359374046325684
6750.0 0.934816300868988
6760.0 0.9336951971054077
6770.0 0.9338600635528564
6780.0 0.9340249300003052
6790.0 0.9350428581237793
6800.0 0.936060905456543
6810.0 0.936775803565979
6820.0 0.9374908208847046
6830.0 0.9380902647972107
6840.0 0.9386897087097168
6850.0 0.9391273260116577
6860.0 0.9395649433135986
6870.0 0.9391358494758606
6880.0 0.938706636428833
6890.0 0.9381625652313232
6900.0 0.9376185536384583
6910.0 0.9369544982910156
6920.0 0.9362903237342834
6930.0 0.9357534646987915
6940.0 0.9352166652679443
6950.0 0.9345436096191406
6960.0 0.9338704943656921
6970.0 0.9339575171470642
6980.0 0.9340444803237915
6990.0 0.9346861839294434
7000.0 0.9353278875350952
7010.0 0.9351977705955505
7020.0 0.9350676536560059
7030.0 0.9318591356277466
7040.0 0.9286506175994873
7050.0 0.9218511581420898
7060.0 0.9150516986846924
7070.0 0.9012658596038818
7080.0 0.8874800801277161
7090.0 0.8766106367111206
7100.0 0.8657411932945251
7110.0 0.8337103724479675
7120.0 0.8016794919967651
7130.0 0.6880841255187988
7140.0 0.5744886994361877
7150.0 0.41630446910858154
7160.0 0.25812023878097534
7170.0 0.1661580204963684
7180.0 0.07419583946466446
7190.0 0.04814378544688225
7200.0 0.022091729566454887
7210.0 0.014389854855835438
7220.0 0.00668796943500638
7230.0 0.005325800273567438
7240.0 0.003963631112128496
7250.0 0.002865658374503255
7260.0 0.0017676856368780136
7270.0 0.0013417002046480775
7280.0 0.0009157145977951586
7290.0 0.0007452020654454827
7300.0 0.0005746790557168424
7310.0 0.0005230340757407248
7320.0 0.00047138906666077673
7330.0 0.00041493578464724123
7340.0 0.00035848250263370574
7350.0 0.0
7360.0 0.0
7370.0 0.0
7380.0 0.0
7390.0 0.0
7400.0 0.0
