decam/transmission_system/n9/y_decam_c0005_10095.0_1130.0/2012-09-12T00:00:00.ecsv
# %ECSV 1.0
# ---
# datatype:
# - {name: wavelength, unit: Angstrom, datatype: float64}
# - {name: throughput, datatype: float64}
# meta: !!omap
# - {MODE: DETECTOR}
# - {TYPE: transmission_system}
# - {CALIBDATE: '2012-09-12T00:00:00'}
# - {INSTRUME: DECam}
# - {OBSTYPE: transmission_system}
# - {CALIBCLS: lsst.ip.isr.IntermediateSystemTransmissionCurve}
# - {DETECTOR: 40}
# - {DETECTOR_NAME: N9}
# - {SOURCE: Y_band_per_detector_throughput.fits}
# - {FILTER: Y DECam c0005 10095.0 1130.0}
# - {CALIB_CREATION_DATE: '2012-09-12'}
# - {CALIB_CREATION_TIME: '00:00:00'}
# schema: astropy-2.0
wavelength throughput
9250.0 0.0
9260.0 0.0
9270.0 0.0
9280.0 0.0
9290.0 0.0
9300.0 0.0
9310.0 0.0061356183141469955
9320.0 0.0069860005751252174
9330.0 0.00783639308065176
9340.0 0.008974067866802216
9350.0 0.010111742652952671
9360.0 0.011461220681667328
9370.0 0.012810700573027134
9380.0 0.01498238556087017
9390.0 0.017154071480035782
9400.0 0.02091941051185131
9410.0 0.02468474954366684
9420.0 0.032273393124341965
9430.0 0.03986204415559769
9440.0 0.057379454374313354
9450.0 0.07489685714244843
9460.0 0.07669894397258759
9470.0 0.1576111912727356
9480.0 0.1613936722278595
9490.0 0.31853538751602173
9500.0 0.32820409536361694
9510.0 0.5599788427352905
9520.0 0.6629914045333862
9530.0 0.7660038471221924
9540.0 0.8078304529190063
9550.0 0.8496570587158203
9560.0 0.8569492697715759
9570.0 0.8642415404319763
9580.0 0.8628687858581543
9590.0 0.8614960312843323
9600.0 0.8590137362480164
9610.0 0.8565313220024109
9620.0 0.8531250953674316
9630.0 0.8497188687324524
9640.0 0.8478772044181824
9650.0 0.8460355401039124
9660.0 0.8437290191650391
9670.0 0.8414224982261658
9680.0 0.838413417339325
9690.0 0.8354043364524841
9700.0 0.8326557278633118
9710.0 0.829907238483429
9720.0 0.8210426568984985
9730.0 0.8121780753135681
9740.0 0.806039571762085
9750.0 0.7999010682106018
9760.0 0.7936179041862488
9770.0 0.7873347401618958
9780.0 0.7807130813598633
9790.0 0.7740914821624756
9800.0 0.7678846120834351
9810.0 0.7616778016090393
9820.0 0.7557603716850281
9830.0 0.7498430013656616
9840.0 0.7424837350845337
9850.0 0.7351244688034058
9860.0 0.7280026078224182
9870.0 0.7208806872367859
9880.0 0.7111835479736328
9890.0 0.7014862895011902
9900.0 0.6925383806228638
9910.0 0.6835904121398926
9920.0 0.6735405921936035
9930.0 0.6634907722473145
9940.0 0.6554763913154602
9950.0 0.6474619507789612
9960.0 0.6376034617424011
9970.0 0.6277449727058411
9980.0 0.6183080077171326
9990.0 0.6088710427284241
10000.0 0.5982099175453186
10010.0 0.5875488519668579
10020.0 0.576261579990387
10030.0 0.5649743676185608
10040.0 0.5530398488044739
10050.0 0.541105329990387
10060.0 0.530103325843811
10070.0 0.5191013216972351
10080.0 0.5070144534111023
10090.0 0.49492761492729187
10100.0 0.4822295904159546
10110.0 0.4695315659046173
10120.0 0.4579894244670868
10130.0 0.4464472532272339
10140.0 0.4343876838684082
10150.0 0.4223281443119049
10160.0 0.4109759032726288
10170.0 0.39962366223335266
10180.0 0.38734930753707886
10190.0 0.37507501244544983
10200.0 0.36362072825431824
10210.0 0.35216647386550903
10220.0 0.3406684100627899
10230.0 0.3291703462600708
10240.0 0.317632794380188
10250.0 0.3060952425003052
10260.0 0.29535531997680664
10270.0 0.2846153676509857
10280.0 0.2750200629234314
10290.0 0.2654247283935547
10300.0 0.25481081008911133
10310.0 0.2441968321800232
10320.0 0.23379525542259216
10330.0 0.22339367866516113
10340.0 0.21165725588798523
10350.0 0.19992081820964813
10360.0 0.18739423155784607
10370.0 0.1748676300048828
10380.0 0.16766761243343353
10390.0 0.16046759486198425
10400.0 0.15583710372447968
10410.0 0.1512065976858139
10420.0 0.14711815118789673
10430.0 0.14302968978881836
10440.0 0.13892783224582672
10450.0 0.13482598960399628
10460.0 0.13096842169761658
10470.0 0.12711085379123688
10480.0 0.12362635135650635
10490.0 0.12014184147119522
10500.0 0.11614088714122772
10510.0 0.11213993281126022
10520.0 0.10942945629358292
10530.0 0.10671897232532501
10540.0 0.10501391440629959
10550.0 0.10330883413553238
10560.0 0.10281204432249069
10570.0 0.1023152694106102
10580.0 0.10161739587783813
10590.0 0.10091952234506607
10600.0 0.09714704006910324
10610.0 0.09337456524372101
10620.0 0.08306948095560074
10630.0 0.07276441156864166
10640.0 0.058457884937524796
10650.0 0.04415136203169823
10660.0 0.03231631591916084
10670.0 0.020481275394558907
10680.0 0.014281652867794037
10690.0 0.008082041516900063
10700.0 0.0
10710.0 0.0
10720.0 0.0
10730.0 0.0
10740.0 0.0
10750.0 0.0
