decam/transmission_system/s9/r_decam_sdss_c0002_6415.0_1480.0/2012-09-12T00:00:00.ecsv
# %ECSV 1.0
# ---
# datatype:
# - {name: wavelength, unit: Angstrom, datatype: float64}
# - {name: throughput, datatype: float64}
# meta: !!omap
# - {MODE: DETECTOR}
# - {TYPE: transmission_system}
# - {CALIBDATE: '2012-09-12T00:00:00'}
# - {INSTRUME: DECam}
# - {OBSTYPE: transmission_system}
# - {CALIBCLS: lsst.ip.isr.IntermediateSystemTransmissionCurve}
# - {DETECTOR: 20}
# - {DETECTOR_NAME: S9}
# - {SOURCE: r_band_per_detector_throughput.fits}
# - {FILTER: r DECam SDSS c0002 6415.0 1480.0}
# - {CALIB_CREATION_DATE: '2012-09-12'}
# - {CALIB_CREATION_TIME: '00:00:00'}
# schema: astropy-2.0
wavelength throughput
5350.0 0.0
5360.0 0.0
5370.0 0.0
5380.0 0.0
5390.0 0.0
5400.0 0.0
5410.0 0.0025712207425385714
5420.0 0.0028776740655303
5430.0 0.0033107006456702948
5440.0 0.003743737703189254
5450.0 0.004288278985768557
5460.0 0.004832830745726824
5470.0 0.005398423410952091
5480.0 0.005964025855064392
5490.0 0.006805269047617912
5500.0 0.0076465122401714325
5510.0 0.008607391268014908
5520.0 0.009568281471729279
5530.0 0.010748264379799366
5540.0 0.011928237974643707
5550.0 0.013572164811193943
5560.0 0.015216081403195858
5570.0 0.017469974234700203
5580.0 0.019723881036043167
5590.0 0.023360785096883774
5600.0 0.02699769288301468
5610.0 0.03557942062616348
5620.0 0.044161152094602585
5630.0 0.07459798455238342
5640.0 0.10503481328487396
5650.0 0.19925478100776672
5660.0 0.2934747338294983
5670.0 0.4527652859687805
5680.0 0.6120558381080627
5690.0 0.7002671957015991
5700.0 0.7884785532951355
5710.0 0.8021849393844604
5720.0 0.8158912062644958
5730.0 0.8201831579208374
5740.0 0.824475109577179
5750.0 0.8288708329200745
5760.0 0.83326655626297
5770.0 0.8352503180503845
5780.0 0.8372340202331543
5790.0 0.8397344946861267
5800.0 0.8422349691390991
5810.0 0.8474469184875488
5820.0 0.8526588678359985
5830.0 0.85374915599823
5840.0 0.8548394441604614
5850.0 0.8537914752960205
5860.0 0.8527435660362244
5870.0 0.8501482605934143
5880.0 0.8475528955459595
5890.0 0.8481680750846863
5900.0 0.8487831950187683
5910.0 0.8528951406478882
5920.0 0.8570070266723633
5930.0 0.8589184880256653
5940.0 0.8608300089836121
5950.0 0.860762357711792
5960.0 0.8606946468353271
5970.0 0.8621615767478943
5980.0 0.8636284470558167
5990.0 0.8656232953071594
6000.0 0.8676180243492126
6010.0 0.8692272305488586
6020.0 0.8708363175392151
6030.0 0.8697314262390137
6040.0 0.874026894569397
6050.0 0.8744673728942871
6060.0 0.8749078512191772
6070.0 0.8733221292495728
6080.0 0.8717364072799683
6090.0 0.8728722929954529
6100.0 0.8740081787109375
6110.0 0.8781192302703857
6120.0 0.882230281829834
6130.0 0.8844376802444458
6140.0 0.8866450786590576
6150.0 0.8879237771034241
6160.0 0.8892024159431458
6170.0 0.8914181590080261
6180.0 0.893634021282196
6190.0 0.89313143491745
6200.0 0.8926289081573486
6210.0 0.8931993842124939
6220.0 0.8937698006629944
6230.0 0.8951209187507629
6240.0 0.8964719772338867
6250.0 0.8960732817649841
6260.0 0.8956745266914368
6270.0 0.8971909880638123
6280.0 0.8987074494361877
6290.0 0.9015092253684998
6300.0 0.904310941696167
6310.0 0.9038212895393372
6320.0 0.9033316969871521
6330.0 0.9033961296081543
6340.0 0.9034605622291565
6350.0 0.9065329432487488
6360.0 0.9096053838729858
6370.0 0.9112101793289185
6380.0 0.9128150343894958
6390.0 0.9127100110054016
6400.0 0.9126049280166626
6410.0 0.9135090708732605
6420.0 0.9144132733345032
6430.0 0.9140598177909851
6440.0 0.9137063026428223
6450.0 0.913788914680481
6460.0 0.9138715863227844
6470.0 0.9152060747146606
6480.0 0.9165405035018921
6490.0 0.9164045453071594
6500.0 0.9162687063217163
6510.0 0.9160316586494446
6520.0 0.9157946109771729
6530.0 0.9183713793754578
6540.0 0.9209481477737427
6550.0 0.9232836365699768
6560.0 0.9256191849708557
6570.0 0.926131546497345
6580.0 0.9266439080238342
6590.0 0.9272682666778564
6600.0 0.9278925061225891
6610.0 0.9273824095726013
6620.0 0.926872193813324
6630.0 0.9249646067619324
6640.0 0.9230570197105408
6650.0 0.9234989285469055
6660.0 0.9239407777786255
6670.0 0.9267433285713196
6680.0 0.9295459985733032
6690.0 0.9316331744194031
6700.0 0.9337204098701477
6710.0 0.934134304523468
6720.0 0.9345481991767883
6730.0 0.9341714382171631
6740.0 0.9337946772575378
6750.0 0.9327707290649414
6760.0 0.931746780872345
6770.0 0.9318366050720215
6780.0 0.931926429271698
6790.0 0.9333515167236328
6800.0 0.9347766637802124
6810.0 0.935023844242096
6820.0 0.9352710843086243
6830.0 0.9353352189064026
6840.0 0.9353993535041809
6850.0 0.9356377124786377
6860.0 0.9358760714530945
6870.0 0.9357313513755798
6880.0 0.9355866312980652
6890.0 0.9353360533714294
6900.0 0.9350854158401489
6910.0 0.9337274432182312
6920.0 0.9323694705963135
6930.0 0.9322486519813538
6940.0 0.932127833366394
6950.0 0.9316442608833313
6960.0 0.9311606884002686
6970.0 0.9298763275146484
6980.0 0.9285919070243835
6990.0 0.9296033978462219
7000.0 0.9306149482727051
7010.0 0.931082010269165
7020.0 0.931549072265625
7030.0 0.9271462559700012
7040.0 0.9227434396743774
7050.0 0.9199352264404297
7060.0 0.9171270728111267
7070.0 0.9055077433586121
7080.0 0.8938883543014526
7090.0 0.8726791143417358
7100.0 0.851469874382019
7110.0 0.8523633480072021
7120.0 0.8532568216323853
7130.0 0.7773584127426147
7140.0 0.7014600038528442
7150.0 0.5106472969055176
7160.0 0.31983453035354614
7170.0 0.20829488337039948
7180.0 0.096755251288414
7190.0 0.06264789402484894
7200.0 0.02854051999747753
7210.0 0.01842588186264038
7220.0 0.008311250247061253
7230.0 0.006615793332457542
7240.0 0.004920335486531258
7250.0 0.0035747825168073177
7260.0 0.002229219302535057
7270.0 0.001714732265099883
7280.0 0.001200255355797708
7290.0 0.0009709217119961977
7300.0 0.00074159842915833
7310.0 0.0006450795335695148
7320.0 0.000548550218809396
7330.0 0.0004831968981307
7340.0 0.0004178436065558344
7350.0 0.0
7360.0 0.0
7370.0 0.0
7380.0 0.0
7390.0 0.0
7400.0 0.0
