decam/transmission_system/n18/z_decam_sdss_c0004_9260.0_1520.0/2012-09-12T00:00:00.ecsv
# %ECSV 1.0
# ---
# datatype:
# - {name: wavelength, unit: Angstrom, datatype: float64}
# - {name: throughput, datatype: float64}
# meta: !!omap
# - {MODE: DETECTOR}
# - {TYPE: transmission_system}
# - {CALIBDATE: '2012-09-12T00:00:00'}
# - {INSTRUME: DECam}
# - {OBSTYPE: transmission_system}
# - {CALIBCLS: lsst.ip.isr.IntermediateSystemTransmissionCurve}
# - {DETECTOR: 49}
# - {DETECTOR_NAME: N18}
# - {SOURCE: z_band_per_detector_throughput.fits}
# - {FILTER: z DECam SDSS c0004 9260.0 1520.0}
# - {CALIB_CREATION_DATE: '2012-09-12'}
# - {CALIB_CREATION_TIME: '00:00:00'}
# schema: astropy-2.0
wavelength throughput
8200.0 0.0
8210.0 0.0
8220.0 0.0
8230.0 0.0
8240.0 0.0
8250.0 0.0
8260.0 0.004410002380609512
8270.0 0.004971274174749851
8280.0 0.004723870661109686
8290.0 0.0050921980291605
8300.0 0.005460536573082209
8310.0 0.005902577191591263
8320.0 0.006980039179325104
8330.0 0.008057511411607265
8340.0 0.009134984575212002
8350.0 0.013488180935382843
8360.0 0.014227515086531639
8370.0 0.014966849237680435
8380.0 0.01570618525147438
8390.0 0.02332109399139881
8400.0 0.028316441923379898
8410.0 0.033311787992715836
8420.0 0.038307126611471176
8430.0 0.07764846086502075
8440.0 0.07216840237379074
8450.0 0.11687015742063522
8460.0 0.1615719199180603
8470.0 0.3506436347961426
8480.0 0.3475991487503052
8490.0 0.4874204695224762
8500.0 0.6272417306900024
8510.0 0.7372349500656128
8520.0 0.8472281694412231
8530.0 0.9097338914871216
8540.0 0.97223961353302
8550.0 0.9881027936935425
8560.0 1.003965973854065
8570.0 0.9927577972412109
8580.0 1.0043816566467285
8590.0 0.9833696484565735
8600.0 0.9835689067840576
8610.0 0.9879493117332458
8620.0 0.9946161508560181
8630.0 1.0042554140090942
8640.0 1.0144788026809692
8650.0 1.0137401819229126
8660.0 1.0124475955963135
8670.0 1.015510082244873
8680.0 1.0135865211486816
8690.0 1.0116628408432007
8700.0 1.0119284391403198
8710.0 1.012194037437439
8720.0 1.0135737657546997
8730.0 1.014953374862671
8740.0 1.0147641897201538
8750.0 1.0181753635406494
8760.0 1.0199122428894043
8770.0 1.0216490030288696
8780.0 1.0228784084320068
8790.0 1.024107813835144
8800.0 1.024736762046814
8810.0 1.0253657102584839
8820.0 1.0261564254760742
8830.0 1.0269471406936646
8840.0 1.0274218320846558
8850.0 1.0278964042663574
8860.0 1.0289177894592285
8870.0 1.0299392938613892
8880.0 1.031456470489502
8890.0 1.0329736471176147
8900.0 1.029822826385498
8910.0 1.0297925472259521
8920.0 1.0292178392410278
8930.0 1.0286428928375244
8940.0 1.0280681848526
8950.0 1.02748703956604
8960.0 1.0269060134887695
8970.0 1.0271095037460327
8980.0 1.027312994003296
8990.0 1.0282882452011108
9000.0 1.0292633771896362
9010.0 1.030949354171753
9020.0 1.03263521194458
9030.0 1.0340993404388428
9040.0 1.035563349723816
9050.0 1.0350823402404785
9060.0 1.0371901988983154
9070.0 1.0361275672912598
9080.0 1.0350650548934937
9090.0 1.0321531295776367
9100.0 1.0292412042617798
9110.0 1.0263428688049316
9120.0 1.0281695127487183
9130.0 1.0246962308883667
9140.0 1.024168610572815
9150.0 1.024578332901001
9160.0 1.0238128900527954
9170.0 1.0230474472045898
9180.0 1.0229853391647339
9190.0 1.0229231119155884
9200.0 1.0206438302993774
9210.0 1.0183645486831665
9220.0 1.0160876512527466
9230.0 1.013810634613037
9240.0 1.0077661275863647
9250.0 1.0017213821411133
9260.0 0.9978106021881104
9270.0 0.9938997030258179
9280.0 0.9869765043258667
9290.0 0.9800533056259155
9300.0 0.9754128456115723
9310.0 0.9707725048065186
9320.0 0.9661022424697876
9330.0 0.9614319801330566
9340.0 0.9529806971549988
9350.0 0.9445294141769409
9360.0 0.9324840307235718
9370.0 0.9204387068748474
9380.0 0.911092221736908
9390.0 0.9017456769943237
9400.0 0.8890962600708008
9410.0 0.8764468431472778
9420.0 0.867570161819458
9430.0 0.8586933612823486
9440.0 0.8535244464874268
9450.0 0.8561527729034424
9460.0 0.8569619655609131
9470.0 0.8573473691940308
9480.0 0.8589480519294739
9490.0 0.860548734664917
9500.0 0.8605857491493225
9510.0 0.8639630079269409
9520.0 0.8648386597633362
9530.0 0.8657143712043762
9540.0 0.8661786913871765
9550.0 0.8666430115699768
9560.0 0.866911768913269
9570.0 0.8671805262565613
9580.0 0.8658825159072876
9590.0 0.8645844459533691
9600.0 0.8617647290229797
9610.0 0.8589450120925903
9620.0 0.8573195338249207
9630.0 0.8556939959526062
9640.0 0.8541824221611023
9650.0 0.8526709079742432
9660.0 0.8521502614021301
9670.0 0.8516296744346619
9680.0 0.8496095538139343
9690.0 0.8475894927978516
9700.0 0.845569372177124
9710.0 0.8435492515563965
9720.0 0.8391106724739075
9730.0 0.8346721529960632
9740.0 0.8300521373748779
9750.0 0.8254321813583374
9760.0 0.8194618225097656
9770.0 0.8134914040565491
9780.0 0.8060954809188843
9790.0 0.7986996173858643
9800.0 0.7916975617408752
9810.0 0.7846954464912415
9820.0 0.7761799097061157
9830.0 0.7676643133163452
9840.0 0.7581468224525452
9850.0 0.7486292719841003
9860.0 0.7384079694747925
9870.0 0.7281867861747742
9880.0 0.7206325531005859
9890.0 0.7130784392356873
9900.0 0.7070881128311157
9910.0 0.701097846031189
9920.0 0.6916152238845825
9930.0 0.6821326017379761
9940.0 0.6454852223396301
9950.0 0.6088378429412842
9960.0 0.5350520014762878
9970.0 0.46126607060432434
9980.0 0.36651214957237244
9990.0 0.27175819873809814
10000.0 0.1999298334121704
10010.0 0.12810146808624268
10020.0 0.09019172191619873
10030.0 0.052282001823186874
10040.0 0.03689690679311752
10050.0 0.021511806175112724
10060.0 0.015443181619048119
10070.0 0.009374547749757767
10080.0 0.007291747257113457
10090.0 0.005208947230130434
10100.0 0.0042076390236616135
10110.0 0.0032063410617411137
10120.0 0.00243625626899302
10130.0 0.0016661611152812839
10140.0 0.0017639989964663982
10150.0 0.0
10160.0 0.0
10170.0 0.0
10180.0 0.0
10190.0 0.0
10200.0 0.0
