decam/transmission_system/s31/g_decam_sdss_c0001_4720.0_1520.0/2012-09-12T00:00:00.ecsv
# %ECSV 1.0
# ---
# datatype:
# - {name: wavelength, unit: Angstrom, datatype: float64}
# - {name: throughput, datatype: float64}
# meta: !!omap
# - {MODE: DETECTOR}
# - {TYPE: transmission_system}
# - {CALIBDATE: '2012-09-12T00:00:00'}
# - {INSTRUME: DECam}
# - {OBSTYPE: transmission_system}
# - {CALIBCLS: lsst.ip.isr.IntermediateSystemTransmissionCurve}
# - {DETECTOR: 3}
# - {DETECTOR_NAME: S31}
# - {SOURCE: g_band_per_detector_throughput.fits}
# - {FILTER: g DECam SDSS c0001 4720.0 1520.0}
# - {CALIB_CREATION_DATE: '2012-09-12'}
# - {CALIB_CREATION_TIME: '00:00:00'}
# schema: astropy-2.0
wavelength throughput
3750.0 0.0
3760.0 0.0
3770.0 0.0
3780.0 0.0
3790.0 0.0
3800.0 0.0
3810.0 0.0009665184770710766
3820.0 0.0011357120238244534
3830.0 0.001224639592692256
3840.0 0.0016324823955073953
3850.0 0.0019004588248208165
3860.0 0.0021684356033802032
3870.0 0.002584326546639204
3880.0 0.003000217955559492
3890.0 0.0036603037733584642
3900.0 0.004320389591157436
3910.0 0.00435835774987936
3920.0 0.0072259786538779736
3930.0 0.014060741290450096
3940.0 0.020895514637231827
3950.0 0.021147331222891808
3960.0 0.1129532903432846
3970.0 0.21431489288806915
3980.0 0.3156765103340149
3990.0 0.3109737038612366
4000.0 0.34961947798728943
4010.0 0.36582332849502563
4020.0 0.38202717900276184
4030.0 0.38858097791671753
4040.0 0.3924415707588196
4050.0 0.3936598300933838
4060.0 0.40370696783065796
4070.0 0.40670424699783325
4080.0 0.42066335678100586
4090.0 0.42079219222068787
4100.0 0.429841548204422
4110.0 0.43368181586265564
4120.0 0.43752211332321167
4130.0 0.4396086633205414
4140.0 0.4462772607803345
4150.0 0.448273241519928
4160.0 0.4617501497268677
4170.0 0.4701434075832367
4180.0 0.4785366654396057
4190.0 0.4791819751262665
4200.0 0.4813896119594574
4210.0 0.48171132802963257
4220.0 0.48922333121299744
4230.0 0.4893682301044464
4240.0 0.504838228225708
4250.0 0.5102147459983826
4260.0 0.5155912637710571
4270.0 0.5182766318321228
4280.0 0.5305274128913879
4290.0 0.5299186706542969
4300.0 0.5415313243865967
4310.0 0.5455231666564941
4320.0 0.5495150089263916
4330.0 0.554203450679779
4340.0 0.5588919520378113
4350.0 0.564659595489502
4360.0 0.5704272389411926
4370.0 0.5750762224197388
4380.0 0.5797252058982849
4390.0 0.586613655090332
4400.0 0.5935021042823792
4410.0 0.597981333732605
4420.0 0.602460503578186
4430.0 0.6057056188583374
4440.0 0.608950674533844
4450.0 0.6126888990402222
4460.0 0.6164270639419556
4470.0 0.6185527443885803
4480.0 0.6206784844398499
4490.0 0.6237794160842896
4500.0 0.6268803477287292
4510.0 0.6300909519195557
4520.0 0.6333015561103821
4530.0 0.6376330852508545
4540.0 0.6419646739959717
4550.0 0.6447821855545044
4560.0 0.6475995779037476
4570.0 0.6486721038818359
4580.0 0.6497445106506348
4590.0 0.6533671617507935
4600.0 0.6569899320602417
4610.0 0.6608166694641113
4620.0 0.6646433472633362
4630.0 0.6670172214508057
4640.0 0.6693910956382751
4650.0 0.6719688177108765
4660.0 0.6745466589927673
4670.0 0.6746782064437866
4680.0 0.6748098134994507
4690.0 0.6755307912826538
4700.0 0.6762517690658569
4710.0 0.678827702999115
4720.0 0.6814036965370178
4730.0 0.6850178241729736
4740.0 0.6886319518089294
4750.0 0.6926605105400085
4760.0 0.6966891288757324
4770.0 0.6975210309028625
4780.0 0.6983529925346375
4790.0 0.6991440057754517
4800.0 0.6999350190162659
4810.0 0.7019890546798706
4820.0 0.7040430903434753
4830.0 0.7041625380516052
4840.0 0.7042819857597351
4850.0 0.7043437957763672
4860.0 0.7044055461883545
4870.0 0.7076172232627869
4880.0 0.7108289003372192
4890.0 0.7143491506576538
4900.0 0.7178694009780884
4910.0 0.7202290892601013
4920.0 0.7225887775421143
4930.0 0.7216702103614807
4940.0 0.7207515835762024
4950.0 0.7198970913887024
4960.0 0.7190424799919128
4970.0 0.7253130674362183
4980.0 0.7315836548805237
4990.0 0.7353049516677856
5000.0 0.7390262484550476
5010.0 0.7406154870986938
5020.0 0.7422047853469849
5030.0 0.7435704469680786
5040.0 0.7449360489845276
5050.0 0.7470055222511292
5060.0 0.7490748763084412
5070.0 0.750868558883667
5080.0 0.752662181854248
5090.0 0.7544564008712769
5100.0 0.7562505602836609
5110.0 0.7563113570213318
5120.0 0.7563721537590027
5130.0 0.7564783096313477
5140.0 0.7565844058990479
5150.0 0.7594879865646362
5160.0 0.7623916268348694
5170.0 0.7653636336326599
5180.0 0.7683357000350952
5190.0 0.771561324596405
5200.0 0.7747869491577148
5210.0 0.7776411175727844
5220.0 0.7804952263832092
5230.0 0.7835964560508728
5240.0 0.7866976857185364
5250.0 0.790099024772644
5260.0 0.7935003638267517
5270.0 0.7947941422462463
5280.0 0.796087920665741
5290.0 0.7968791127204895
5300.0 0.797670304775238
5310.0 0.8001179695129395
5320.0 0.8025655746459961
5330.0 0.804395854473114
5340.0 0.8062261939048767
5350.0 0.8075719475746155
5360.0 0.808917760848999
5370.0 0.8057234287261963
5380.0 0.8025290966033936
5390.0 0.7961152791976929
5400.0 0.7897014617919922
5410.0 0.7896773219108582
5420.0 0.7896531224250793
5430.0 0.7939742803573608
5440.0 0.7982954382896423
5450.0 0.739150881767273
5460.0 0.6800064444541931
5470.0 0.4874585270881653
5480.0 0.29491063952445984
5490.0 0.1743244081735611
5500.0 0.053738199174404144
5510.0 0.032803576439619064
5520.0 0.011868949979543686
5530.0 0.007395546417683363
5540.0 0.00292214285582304
5550.0 0.002028070855885744
5560.0 0.0011340089840814471
5570.0 0.0008960245177149773
5580.0 0.0006580504705198109
5590.0 0.0005671810358762741
5600.0 0.00047630121116526425
5610.0 0.00042463545105420053
5620.0 0.00037295930087566376
5630.0 0.0003511818067636341
5640.0 0.00032939392258413136
5650.0 0.0
5660.0 0.0
5670.0 0.0
5680.0 0.0
5690.0 0.0
5700.0 0.0
