decam/transmission_system/n4/z_decam_sdss_c0004_9260.0_1520.0/2012-09-12T00:00:00.ecsv
# %ECSV 1.0
# ---
# datatype:
# - {name: wavelength, unit: Angstrom, datatype: float64}
# - {name: throughput, datatype: float64}
# meta: !!omap
# - {MODE: DETECTOR}
# - {TYPE: transmission_system}
# - {CALIBDATE: '2012-09-12T00:00:00'}
# - {INSTRUME: DECam}
# - {OBSTYPE: transmission_system}
# - {CALIBCLS: lsst.ip.isr.IntermediateSystemTransmissionCurve}
# - {DETECTOR: 35}
# - {DETECTOR_NAME: N4}
# - {SOURCE: z_band_per_detector_throughput.fits}
# - {FILTER: z DECam SDSS c0004 9260.0 1520.0}
# - {CALIB_CREATION_DATE: '2012-09-12'}
# - {CALIB_CREATION_TIME: '00:00:00'}
# schema: astropy-2.0
wavelength throughput
8200.0 0.0
8210.0 0.0
8220.0 0.0
8230.0 0.0
8240.0 0.0
8250.0 0.0
8260.0 0.0038837699685245752
8270.0 0.004537925589829683
8280.0 0.005164436995983124
8290.0 0.00536497263237834
8300.0 0.005565518978983164
8310.0 0.006434064358472824
8320.0 0.0074652717448771
8330.0 0.008496489375829697
8340.0 0.009527696296572685
8350.0 0.013505014590919018
8360.0 0.014062652364373207
8370.0 0.014620289206504822
8380.0 0.015177937224507332
8390.0 0.021378856152296066
8400.0 0.024701323360204697
8410.0 0.028023788705468178
8420.0 0.03134625777602196
8430.0 0.054407328367233276
8440.0 0.04971154034137726
8450.0 0.07252202183008194
8460.0 0.09533251076936722
8470.0 0.20469775795936584
8480.0 0.20174641907215118
8490.0 0.3106005787849426
8500.0 0.4194547235965729
8510.0 0.550403356552124
8520.0 0.6813520193099976
8530.0 0.7833655476570129
8540.0 0.8853791356086731
8550.0 0.9317702054977417
8560.0 0.9781613349914551
8570.0 1.0019944906234741
8580.0 1.013360857963562
8590.0 0.997452437877655
8600.0 0.9969751238822937
8610.0 0.9893937110900879
8620.0 0.9951361417770386
8630.0 0.9956327080726624
8640.0 1.005088210105896
8650.0 1.0049951076507568
8660.0 1.0031206607818604
8670.0 1.0119365453720093
8680.0 1.0123313665390015
8690.0 1.012726068496704
8700.0 1.0135962963104248
8710.0 1.014466643333435
8720.0 1.0151177644729614
8730.0 1.0157690048217773
8740.0 1.015263557434082
8750.0 1.0184636116027832
8760.0 1.020025372505188
8770.0 1.0215872526168823
8780.0 1.0229904651641846
8790.0 1.0243937969207764
8800.0 1.0247596502304077
8810.0 1.025125503540039
8820.0 1.0255649089813232
8830.0 1.026004433631897
8840.0 1.0260241031646729
8850.0 1.0260437726974487
8860.0 1.0268765687942505
8870.0 1.0277094841003418
8880.0 1.0295803546905518
8890.0 1.0314512252807617
8900.0 1.0275887250900269
8910.0 1.0296279191970825
8920.0 1.029490351676941
8930.0 1.0293529033660889
8940.0 1.0292154550552368
8950.0 1.0289729833602905
8960.0 1.0287305116653442
8970.0 1.0287469625473022
8980.0 1.0287634134292603
8990.0 1.0291306972503662
9000.0 1.0294978618621826
9010.0 1.0305286645889282
9020.0 1.0315594673156738
9030.0 1.0328561067581177
9040.0 1.034152865409851
9050.0 1.03424072265625
9060.0 1.0365605354309082
9070.0 1.0358654260635376
9080.0 1.0351701974868774
9090.0 1.0327621698379517
9100.0 1.0303540229797363
9110.0 1.0274336338043213
9120.0 1.029727578163147
9130.0 1.0253578424453735
9140.0 1.0253944396972656
9150.0 1.024670958518982
9160.0 1.0233044624328613
9170.0 1.0219378471374512
9180.0 1.0211765766143799
9190.0 1.0204154253005981
9200.0 1.0177123546600342
9210.0 1.0150094032287598
9220.0 1.0122206211090088
9230.0 1.0094319581985474
9240.0 1.0034185647964478
9250.0 0.9974051713943481
9260.0 0.994004487991333
9270.0 0.9906039237976074
9280.0 0.9845312237739563
9290.0 0.9784584641456604
9300.0 0.9747504591941833
9310.0 0.9710425138473511
9320.0 0.9669390320777893
9330.0 0.9628356099128723
9340.0 0.9543934464454651
9350.0 0.9459512829780579
9360.0 0.933381974697113
9370.0 0.920812726020813
9380.0 0.9109088778495789
9390.0 0.9010049104690552
9400.0 0.8880561590194702
9410.0 0.8751074075698853
9420.0 0.8667750954627991
9430.0 0.8584427833557129
9440.0 0.851737916469574
9450.0 0.8568583726882935
9460.0 0.857336163520813
9470.0 0.859906792640686
9480.0 0.8621454238891602
9490.0 0.8643840551376343
9500.0 0.8639567494392395
9510.0 0.8678146600723267
9520.0 0.8675507307052612
9530.0 0.8672866821289062
9540.0 0.8663073778152466
9550.0 0.8653280735015869
9560.0 0.8643872737884521
9570.0 0.8634463548660278
9580.0 0.8617293238639832
9590.0 0.8600122928619385
9600.0 0.857556939125061
9610.0 0.8551016449928284
9620.0 0.8546781539916992
9630.0 0.8542545437812805
9640.0 0.8541097640991211
9650.0 0.8539649844169617
9660.0 0.8542730808258057
9670.0 0.8545811176300049
9680.0 0.8519374132156372
9690.0 0.8492936491966248
9700.0 0.8466498851776123
9710.0 0.8440061807632446
9720.0 0.8393465280532837
9730.0 0.8346869349479675
9740.0 0.8303684592247009
9750.0 0.8260499238967896
9760.0 0.8207636475563049
9770.0 0.8154773712158203
9780.0 0.8105916380882263
9790.0 0.8057059049606323
9800.0 0.7988380193710327
9810.0 0.7919700145721436
9820.0 0.7839706540107727
9830.0 0.7759712934494019
9840.0 0.7668634653091431
9850.0 0.7577556371688843
9860.0 0.7486322522163391
9870.0 0.7395088076591492
9880.0 0.7346451282501221
9890.0 0.7297815084457397
9900.0 0.7278868556022644
9910.0 0.7259922027587891
9920.0 0.7205815315246582
9930.0 0.7151708602905273
9940.0 0.6775886416435242
9950.0 0.6400063037872314
9960.0 0.5576521754264832
9970.0 0.475298136472702
9980.0 0.37437546253204346
9990.0 0.2734527885913849
10000.0 0.20301160216331482
10010.0 0.13257041573524475
10020.0 0.09498324990272522
10030.0 0.05739608407020569
10040.0 0.04076657071709633
10050.0 0.024137061089277267
10060.0 0.017221441492438316
10070.0 0.010305819101631641
10080.0 0.007928654551506042
10090.0 0.005551488604396582
10100.0 0.004403252620249987
10110.0 0.003255015704780817
10120.0 0.0024442318826913834
10130.0 0.0016334480606019497
10140.0 0.0017212539678439498
10150.0 0.0
10160.0 0.0
10170.0 0.0
10180.0 0.0
10190.0 0.0
10200.0 0.0
