decam/transmission_system/n30/z_decam_sdss_c0004_9260.0_1520.0/2012-09-12T00:00:00.ecsv
# %ECSV 1.0
# ---
# datatype:
# - {name: wavelength, unit: Angstrom, datatype: float64}
# - {name: throughput, datatype: float64}
# meta: !!omap
# - {MODE: DETECTOR}
# - {TYPE: transmission_system}
# - {CALIBDATE: '2012-09-12T00:00:00'}
# - {INSTRUME: DECam}
# - {OBSTYPE: transmission_system}
# - {CALIBCLS: lsst.ip.isr.IntermediateSystemTransmissionCurve}
# - {DETECTOR: 61}
# - {DETECTOR_NAME: N30}
# - {SOURCE: z_band_per_detector_throughput.fits}
# - {FILTER: z DECam SDSS c0004 9260.0 1520.0}
# - {CALIB_CREATION_DATE: '2012-09-12'}
# - {CALIB_CREATION_TIME: '00:00:00'}
# schema: astropy-2.0
wavelength throughput
8200.0 0.0
8210.0 0.0
8220.0 0.0
8230.0 0.0
8240.0 0.0
8250.0 0.0
8260.0 0.005634475965052843
8270.0 0.006292526610195637
8280.0 0.0070088994689285755
8290.0 0.0071531482972204685
8300.0 0.0072973971255123615
8310.0 0.007979821413755417
8320.0 0.009047095663845539
8330.0 0.01011435966938734
8340.0 0.011181634850800037
8350.0 0.015848761424422264
8360.0 0.016803637146949768
8370.0 0.01775851473212242
8380.0 0.018713390454649925
8390.0 0.027622073888778687
8400.0 0.0335119292140007
8410.0 0.03940177336335182
8420.0 0.04529162868857384
8430.0 0.09257354587316513
8440.0 0.08832178264856339
8450.0 0.14007797837257385
8460.0 0.19183416664600372
8470.0 0.38054612278938293
8480.0 0.3764432966709137
8490.0 0.5029029846191406
8500.0 0.6293626427650452
8510.0 0.7351675033569336
8520.0 0.840972363948822
8530.0 0.8990989923477173
8540.0 0.957225501537323
8550.0 0.9695718884468079
8560.0 0.9819181561470032
8570.0 0.9760436415672302
8580.0 0.9869846701622009
8590.0 0.9706906676292419
8600.0 0.9710677862167358
8610.0 0.974829912185669
8620.0 0.980708122253418
8630.0 0.9897409677505493
8640.0 0.9994761943817139
8650.0 1.0013495683670044
8660.0 0.9989912509918213
8670.0 1.007050633430481
8680.0 1.0063998699188232
8690.0 1.0057491064071655
8700.0 1.0053999423980713
8710.0 1.005050539970398
8720.0 1.005075216293335
8730.0 1.0050996541976929
8740.0 1.005523443222046
8750.0 1.0081310272216797
8760.0 1.0106972455978394
8770.0 1.0132637023925781
8780.0 1.0167654752731323
8790.0 1.020267367362976
8800.0 1.0230817794799805
8810.0 1.0258960723876953
8820.0 1.028341293334961
8830.0 1.0307862758636475
8840.0 1.03163743019104
8850.0 1.0324885845184326
8860.0 1.0327154397964478
8870.0 1.0329424142837524
8880.0 1.0327411890029907
8890.0 1.032539963722229
8900.0 1.029506802558899
8910.0 1.0263546705245972
8920.0 1.0252716541290283
8930.0 1.0241886377334595
8940.0 1.0231056213378906
8950.0 1.0225791931152344
8960.0 1.0220528841018677
8970.0 1.022910714149475
8980.0 1.023768663406372
8990.0 1.0255640745162964
9000.0 1.0273594856262207
9010.0 1.0297002792358398
9020.0 1.0320411920547485
9030.0 1.0339103937149048
9040.0 1.035779595375061
9050.0 1.0349503755569458
9060.0 1.0379743576049805
9070.0 1.0367069244384766
9080.0 1.035439372062683
9090.0 1.032315731048584
9100.0 1.0291920900344849
9110.0 1.0265717506408691
9120.0 1.0278260707855225
9130.0 1.0264408588409424
9140.0 1.0250625610351562
9150.0 1.02752685546875
9160.0 1.028395175933838
9170.0 1.0292636156082153
9180.0 1.0309487581253052
9190.0 1.0326337814331055
9200.0 1.0316598415374756
9210.0 1.0306859016418457
9220.0 1.0288795232772827
9230.0 1.0270732641220093
9240.0 1.0201225280761719
9250.0 1.0131717920303345
9260.0 1.007436752319336
9270.0 1.0017017126083374
9280.0 0.9924914240837097
9290.0 0.9832810759544373
9300.0 0.9766870737075806
9310.0 0.9700930714607239
9320.0 0.9642651677131653
9330.0 0.9584373831748962
9340.0 0.9500426650047302
9350.0 0.9416478872299194
9360.0 0.930342435836792
9370.0 0.9190369248390198
9380.0 0.9106556177139282
9390.0 0.9022743105888367
9400.0 0.8899408578872681
9410.0 0.877607524394989
9420.0 0.8683901429176331
9430.0 0.8591727614402771
9440.0 0.8534480929374695
9450.0 0.8542800545692444
9460.0 0.8560939431190491
9470.0 0.8540281057357788
9480.0 0.8553158044815063
9490.0 0.8566035628318787
9500.0 0.8572312593460083
9510.0 0.8629907369613647
9520.0 0.8659457564353943
9530.0 0.8689007759094238
9540.0 0.8720011711120605
9550.0 0.875101625919342
9560.0 0.8776061534881592
9570.0 0.8801106810569763
9580.0 0.8797373175621033
9590.0 0.8793638944625854
9600.0 0.8755828142166138
9610.0 0.8718018531799316
9620.0 0.8681262135505676
9630.0 0.8644505143165588
9640.0 0.8605109453201294
9650.0 0.8565714359283447
9660.0 0.8540665507316589
9670.0 0.8515616655349731
9680.0 0.8505563139915466
9690.0 0.8495509624481201
9700.0 0.8485456705093384
9710.0 0.8475403189659119
9720.0 0.8436881899833679
9730.0 0.8398360013961792
9740.0 0.8349299430847168
9750.0 0.8300239443778992
9760.0 0.822437584400177
9770.0 0.8148511648178101
9780.0 0.8035895228385925
9790.0 0.7923280000686646
9800.0 0.7863573431968689
9810.0 0.7803866863250732
9820.0 0.7727627754211426
9830.0 0.7651388049125671
9840.0 0.7568446397781372
9850.0 0.7485503554344177
9860.0 0.7385185360908508
9870.0 0.7284866571426392
9880.0 0.7174887657165527
9890.0 0.7064909934997559
9900.0 0.6904998421669006
9910.0 0.6745085716247559
9920.0 0.6481388807296753
9930.0 0.6217690706253052
9940.0 0.5748556852340698
9950.0 0.5279422402381897
9960.0 0.47237011790275574
9970.0 0.41679802536964417
9980.0 0.3516780138015747
9990.0 0.28655797243118286
10000.0 0.21813218295574188
10010.0 0.1497063934803009
10020.0 0.10413029789924622
10030.0 0.05855420604348183
10040.0 0.04049200192093849
10050.0 0.022429784759879112
10060.0 0.015859000384807587
10070.0 0.00928820576518774
10080.0 0.00718983868137002
10090.0 0.00509148184210062
10100.0 0.004087089095264673
10110.0 0.003082706592977047
10120.0 0.0023281059693545103
10130.0 0.001573494984768331
10140.0 0.0017063202103599906
10150.0 0.0
10160.0 0.0
10170.0 0.0
10180.0 0.0
10190.0 0.0
10200.0 0.0
