decam/transmission_system/s3/r_decam_sdss_c0002_6415.0_1480.0/2012-09-12T00:00:00.ecsv
# %ECSV 1.0
# ---
# datatype:
# - {name: wavelength, unit: Angstrom, datatype: float64}
# - {name: throughput, datatype: float64}
# meta: !!omap
# - {MODE: DETECTOR}
# - {TYPE: transmission_system}
# - {CALIBDATE: '2012-09-12T00:00:00'}
# - {INSTRUME: DECam}
# - {OBSTYPE: transmission_system}
# - {CALIBCLS: lsst.ip.isr.IntermediateSystemTransmissionCurve}
# - {DETECTOR: 27}
# - {DETECTOR_NAME: S3}
# - {SOURCE: r_band_per_detector_throughput.fits}
# - {FILTER: r DECam SDSS c0002 6415.0 1480.0}
# - {CALIB_CREATION_DATE: '2012-09-12'}
# - {CALIB_CREATION_TIME: '00:00:00'}
# schema: astropy-2.0
wavelength throughput
5350.0 0.0
5360.0 0.0
5370.0 0.0
5380.0 0.0
5390.0 0.0
5400.0 0.0
5410.0 0.0016337597044184804
5420.0 0.0018802494741976261
5430.0 0.0022302058059722185
5440.0 0.002580162137746811
5450.0 0.003027520142495632
5460.0 0.003474888624623418
5470.0 0.003966850694268942
5480.0 0.004458812531083822
5490.0 0.005215095356106758
5500.0 0.005971378181129694
5510.0 0.006988929118961096
5520.0 0.00800647959113121
5530.0 0.009271901100873947
5540.0 0.010537323541939259
5550.0 0.012209299951791763
5560.0 0.013881267048418522
5570.0 0.016103921458125114
5580.0 0.01832657866179943
5590.0 0.021962560713291168
5600.0 0.02559853158891201
5610.0 0.03498993441462517
5620.0 0.04438132792711258
5630.0 0.08023077249526978
5640.0 0.11608019471168518
5650.0 0.23219183087348938
5660.0 0.34830349683761597
5670.0 0.5057826042175293
5680.0 0.6632617712020874
5690.0 0.726550281047821
5700.0 0.7898387908935547
5710.0 0.8018798828125
5720.0 0.8139210343360901
5730.0 0.8166030049324036
5740.0 0.8192850947380066
5750.0 0.8229080438613892
5760.0 0.8265310525894165
5770.0 0.8324234485626221
5780.0 0.8383158445358276
5790.0 0.8414053916931152
5800.0 0.8444949388504028
5810.0 0.8487357497215271
5820.0 0.8529766201972961
5830.0 0.854759931564331
5840.0 0.8565433025360107
5850.0 0.8553863763809204
5860.0 0.8542295098304749
5870.0 0.852979838848114
5880.0 0.851730227470398
5890.0 0.8521003723144531
5900.0 0.8524705767631531
5910.0 0.8553525805473328
5920.0 0.8582345247268677
5930.0 0.8603708744049072
5940.0 0.8625072240829468
5950.0 0.8618515133857727
5960.0 0.8611958026885986
5970.0 0.8616589307785034
5980.0 0.8621219992637634
5990.0 0.8648971915245056
6000.0 0.867672324180603
6010.0 0.8701953291893005
6020.0 0.8727182745933533
6030.0 0.8720621466636658
6040.0 0.8742691874504089
6050.0 0.8745570182800293
6060.0 0.8748448491096497
6070.0 0.8744626045227051
6080.0 0.8740804195404053
6090.0 0.8740588426589966
6100.0 0.8740373849868774
6110.0 0.8772377371788025
6120.0 0.8804380893707275
6130.0 0.8844296932220459
6140.0 0.888421356678009
6150.0 0.8892128467559814
6160.0 0.8900042176246643
6170.0 0.8908020257949829
6180.0 0.8915998339653015
6190.0 0.8921254277229309
6200.0 0.8926510810852051
6210.0 0.8927783966064453
6220.0 0.892905592918396
6230.0 0.8942104578018188
6240.0 0.8955152630805969
6250.0 0.8970167636871338
6260.0 0.8985183238983154
6270.0 0.8985381722450256
6280.0 0.8985579013824463
6290.0 0.8998226523399353
6300.0 0.9010874032974243
6310.0 0.9027032852172852
6320.0 0.9043192267417908
6330.0 0.9038349986076355
6340.0 0.9033507704734802
6350.0 0.904560923576355
6360.0 0.905771017074585
6370.0 0.9086622595787048
6380.0 0.9115534424781799
6390.0 0.9119190573692322
6400.0 0.9122846722602844
6410.0 0.9128164649009705
6420.0 0.9133482575416565
6430.0 0.9140514135360718
6440.0 0.9147545695304871
6450.0 0.914110541343689
6460.0 0.9134666323661804
6470.0 0.9136636257171631
6480.0 0.9138606190681458
6490.0 0.9150458574295044
6500.0 0.916231095790863
6510.0 0.9160797595977783
6520.0 0.9159284830093384
6530.0 0.9168040156364441
6540.0 0.9176795482635498
6550.0 0.9201363325119019
6560.0 0.9225931167602539
6570.0 0.9237320423126221
6580.0 0.9248709678649902
6590.0 0.9249246120452881
6600.0 0.9249782562255859
6610.0 0.9253262281417847
6620.0 0.9256742000579834
6630.0 0.9251989126205444
6640.0 0.9247236251831055
6650.0 0.9240822792053223
6660.0 0.9234409332275391
6670.0 0.9247259497642517
6680.0 0.9260110259056091
6690.0 0.9281410574913025
6700.0 0.9302710294723511
6710.0 0.9310370683670044
6720.0 0.9318031072616577
6730.0 0.9315673112869263
6740.0 0.9313315153121948
6750.0 0.9306694865226746
6760.0 0.9300073981285095
6770.0 0.9297766089439392
6780.0 0.9295458793640137
6790.0 0.9302551746368408
6800.0 0.930964469909668
6810.0 0.9313399791717529
6820.0 0.9317154288291931
6830.0 0.9321268796920776
6840.0 0.9325383305549622
6850.0 0.9322241544723511
6860.0 0.9319099187850952
6870.0 0.9312317371368408
6880.0 0.9305536150932312
6890.0 0.930689811706543
6900.0 0.9308261275291443
6910.0 0.9296213388442993
6920.0 0.9284165501594543
6930.0 0.9276798963546753
6940.0 0.9269431233406067
6950.0 0.9267809987068176
6960.0 0.926618754863739
6970.0 0.92606121301651
6980.0 0.9255036115646362
6990.0 0.924994170665741
7000.0 0.9244846701622009
7010.0 0.9253865480422974
7020.0 0.9262884259223938
7030.0 0.9251785278320312
7040.0 0.9240685701370239
7050.0 0.9212049245834351
7060.0 0.9183412194252014
7070.0 0.9157755374908447
7080.0 0.913209855556488
7090.0 0.9029667973518372
7100.0 0.8927237391471863
7110.0 0.8810338377952576
7120.0 0.8693439960479736
7130.0 0.8583263158798218
7140.0 0.8473086357116699
7150.0 0.7576748728752136
7160.0 0.6680411100387573
7170.0 0.4932507574558258
7180.0 0.3184603452682495
7190.0 0.21201905608177185
7200.0 0.10557775944471359
7210.0 0.0677228569984436
7220.0 0.02986796200275421
7230.0 0.022890394553542137
7240.0 0.015912827104330063
7250.0 0.010561665520071983
7260.0 0.005210494622588158
7270.0 0.003685362869873643
7280.0 0.0021602415945380926
7290.0 0.0016328353667631745
7300.0 0.0011054292554035783
7310.0 0.0009203775553032756
7320.0 0.0007353362161666155
7330.0 0.0006292629987001419
7340.0 0.0005231794202700257
7350.0 0.0
7360.0 0.0
7370.0 0.0
7380.0 0.0
7390.0 0.0
7400.0 0.0
