decam/transmission_system/s20/r_decam_sdss_c0002_6415.0_1480.0/2012-09-12T00:00:00.ecsv
# %ECSV 1.0
# ---
# datatype:
# - {name: wavelength, unit: Angstrom, datatype: float64}
# - {name: throughput, datatype: float64}
# meta: !!omap
# - {MODE: DETECTOR}
# - {TYPE: transmission_system}
# - {CALIBDATE: '2012-09-12T00:00:00'}
# - {INSTRUME: DECam}
# - {OBSTYPE: transmission_system}
# - {CALIBCLS: lsst.ip.isr.IntermediateSystemTransmissionCurve}
# - {DETECTOR: 8}
# - {DETECTOR_NAME: S20}
# - {SOURCE: r_band_per_detector_throughput.fits}
# - {FILTER: r DECam SDSS c0002 6415.0 1480.0}
# - {CALIB_CREATION_DATE: '2012-09-12'}
# - {CALIB_CREATION_TIME: '00:00:00'}
# schema: astropy-2.0
wavelength throughput
5350.0 0.0
5360.0 0.0
5370.0 0.0
5380.0 0.0
5390.0 0.0
5400.0 0.0
5410.0 0.003467380302026868
5420.0 0.0038418660406023264
5430.0 0.004413076676428318
5440.0 0.004984287079423666
5450.0 0.005641786847263575
5460.0 0.0062992870807647705
5470.0 0.006967140827327967
5480.0 0.0076349955052137375
5490.0 0.008623768575489521
5500.0 0.009612532332539558
5510.0 0.010686494410037994
5520.0 0.01176045648753643
5530.0 0.013036596588790417
5540.0 0.014312734827399254
5550.0 0.016012273728847504
5560.0 0.01771182380616665
5570.0 0.019936108961701393
5580.0 0.022160405293107033
5590.0 0.025446640327572823
5600.0 0.028732871636748314
5610.0 0.03572743013501167
5620.0 0.04272199794650078
5630.0 0.06715579330921173
5640.0 0.09158958494663239
5650.0 0.18095414340496063
5660.0 0.2703186869621277
5670.0 0.44087979197502136
5680.0 0.6114408373832703
5690.0 0.7068390846252441
5700.0 0.802237331867218
5710.0 0.8151644468307495
5720.0 0.828091561794281
5730.0 0.8319159746170044
5740.0 0.8357403874397278
5750.0 0.8383235335350037
5760.0 0.8409066200256348
5770.0 0.8416872024536133
5780.0 0.8424676656723022
5790.0 0.844265341758728
5800.0 0.8460630178451538
5810.0 0.8505280017852783
5820.0 0.8549929261207581
5830.0 0.8568020462989807
5840.0 0.8586110472679138
5850.0 0.8572510480880737
5860.0 0.8558910489082336
5870.0 0.8530205488204956
5880.0 0.8501501083374023
5890.0 0.850908637046814
5900.0 0.8516671061515808
5910.0 0.855708658695221
5920.0 0.8597502112388611
5930.0 0.8621698617935181
5940.0 0.8645895719528198
5950.0 0.8649526238441467
5960.0 0.8653156757354736
5970.0 0.8664413094520569
5980.0 0.8675670623779297
5990.0 0.8692073822021484
6000.0 0.8708477020263672
6010.0 0.8724848628044128
6020.0 0.8741220235824585
6030.0 0.8750600218772888
6040.0 0.8777463436126709
6050.0 0.8775503635406494
6060.0 0.8773543238639832
6070.0 0.8762016892433167
6080.0 0.8750491142272949
6090.0 0.8764130473136902
6100.0 0.8777768611907959
6110.0 0.8808578252792358
6120.0 0.8839388489723206
6130.0 0.8864657282829285
6140.0 0.8889924883842468
6150.0 0.8907729387283325
6160.0 0.892553448677063
6170.0 0.8939204216003418
6180.0 0.8952875137329102
6190.0 0.8949360847473145
6200.0 0.8945846557617188
6210.0 0.8950713276863098
6220.0 0.8955579996109009
6230.0 0.895923376083374
6240.0 0.8962887525558472
6250.0 0.896460771560669
6260.0 0.8966329097747803
6270.0 0.8984730243682861
6280.0 0.9003131985664368
6290.0 0.9019259214401245
6300.0 0.9035387635231018
6310.0 0.9035612344741821
6320.0 0.9035837054252625
6330.0 0.904269814491272
6340.0 0.9049559235572815
6350.0 0.9069094061851501
6360.0 0.908862829208374
6370.0 0.9102959036827087
6380.0 0.9117290377616882
6390.0 0.9119489789009094
6400.0 0.9121688604354858
6410.0 0.912671685218811
6420.0 0.9131745100021362
6430.0 0.9129276275634766
6440.0 0.9126807451248169
6450.0 0.9128649830818176
6460.0 0.9130492210388184
6470.0 0.9136413335800171
6480.0 0.9142335057258606
6490.0 0.9141505360603333
6500.0 0.9140676259994507
6510.0 0.9144021272659302
6520.0 0.9147366285324097
6530.0 0.9167218804359436
6540.0 0.9187071323394775
6550.0 0.920529842376709
6560.0 0.9223524928092957
6570.0 0.9230509996414185
6580.0 0.9237495064735413
6590.0 0.9239503145217896
6600.0 0.9241511225700378
6610.0 0.9232057332992554
6620.0 0.9222604632377625
6630.0 0.9209719896316528
6640.0 0.9196834564208984
6650.0 0.9201465249061584
6660.0 0.9206095337867737
6670.0 0.9229985475540161
6680.0 0.9253875017166138
6690.0 0.9271785616874695
6700.0 0.9289696216583252
6710.0 0.9294734001159668
6720.0 0.9299771785736084
6730.0 0.9293089509010315
6740.0 0.9286407828330994
6750.0 0.9276115298271179
6760.0 0.926582396030426
6770.0 0.9267100095748901
6780.0 0.9268377423286438
6790.0 0.9279131293296814
6800.0 0.9289885759353638
6810.0 0.929067075252533
6820.0 0.9291456341743469
6830.0 0.9292879104614258
6840.0 0.9294302463531494
6850.0 0.929558277130127
6860.0 0.9296863079071045
6870.0 0.9291459321975708
6880.0 0.9286054968833923
6890.0 0.9281345009803772
6900.0 0.9276635646820068
6910.0 0.9266253709793091
6920.0 0.9255871176719666
6930.0 0.9250119924545288
6940.0 0.9244369268417358
6950.0 0.9235427379608154
6960.0 0.9226484894752502
6970.0 0.9222946166992188
6980.0 0.9219406247138977
6990.0 0.9226409792900085
7000.0 0.9233413338661194
7010.0 0.922566831111908
7020.0 0.9217922687530518
7030.0 0.9178044199943542
7040.0 0.9138165712356567
7050.0 0.907854437828064
7060.0 0.9018923044204712
7070.0 0.886972963809967
7080.0 0.8720536231994629
7090.0 0.8597592711448669
7100.0 0.8474648594856262
7110.0 0.8275419473648071
7120.0 0.807619035243988
7130.0 0.6932582259178162
7140.0 0.5788973569869995
7150.0 0.41177207231521606
7160.0 0.2446468025445938
7170.0 0.15702053904533386
7180.0 0.06939427554607391
7190.0 0.04531032219529152
7200.0 0.02122638188302517
7210.0 0.013888359069824219
7220.0 0.00655032554641366
7230.0 0.0052580274641513824
7240.0 0.0039657289162278175
7250.0 0.0029068663716316223
7260.0 0.0018479934660717845
7270.0 0.0014114879304543138
7280.0 0.0009749822784215212
7290.0 0.0007862438797019422
7300.0 0.0005974950618110597
7310.0 0.0005425061099231243
7320.0 0.000487517099827528
7330.0 0.0004304199246689677
7340.0 0.00037331238854676485
7350.0 0.0
7360.0 0.0
7370.0 0.0
7380.0 0.0
7390.0 0.0
7400.0 0.0
