decam/transmission_system/n11/i_decam_sdss_c0003_7835.0_1470.0/2012-09-12T00:00:00.ecsv
# %ECSV 1.0
# ---
# datatype:
# - {name: wavelength, unit: Angstrom, datatype: float64}
# - {name: throughput, datatype: float64}
# meta: !!omap
# - {MODE: DETECTOR}
# - {TYPE: transmission_system}
# - {CALIBDATE: '2012-09-12T00:00:00'}
# - {INSTRUME: DECam}
# - {OBSTYPE: transmission_system}
# - {CALIBCLS: lsst.ip.isr.IntermediateSystemTransmissionCurve}
# - {DETECTOR: 42}
# - {DETECTOR_NAME: N11}
# - {SOURCE: i_band_per_detector_throughput.fits}
# - {FILTER: i DECam SDSS c0003 7835.0 1470.0}
# - {CALIB_CREATION_DATE: '2012-09-12'}
# - {CALIB_CREATION_TIME: '00:00:00'}
# schema: astropy-2.0
wavelength throughput
6700.0 0.0
6710.0 0.0
6720.0 0.0
6730.0 0.0
6740.0 0.0
6750.0 0.0
6760.0 0.0006139035103842616
6770.0 0.0007150645251385868
6780.0 0.0008162359590642154
6790.0 0.0009106570505537093
6800.0 0.0010050885612145066
6810.0 0.0011416316265240312
6820.0 0.0012781746918335557
6830.0 0.001443920424208045
6840.0 0.0016096559120342135
6850.0 0.0018768847221508622
6860.0 0.002144113415852189
6870.0 0.002516533015295863
6880.0 0.00288895214907825
6890.0 0.003429163247346878
6900.0 0.0039693741127848625
6910.0 0.004851285368204117
6920.0 0.005733196623623371
6930.0 0.007634683512151241
6940.0 0.009536180645227432
6950.0 0.014337451197206974
6960.0 0.01913871243596077
6970.0 0.032408565282821655
6980.0 0.04567842185497284
6990.0 0.07828004658222198
7000.0 0.11088168621063232
7010.0 0.1737787425518036
7020.0 0.23667579889297485
7030.0 0.3298088610172272
7040.0 0.4229419529438019
7050.0 0.5294678807258606
7060.0 0.6359937191009521
7070.0 0.7250056266784668
7080.0 0.8140174746513367
7090.0 0.864551842212677
7100.0 0.9150862097740173
7110.0 0.9365094304084778
7120.0 0.9579325318336487
7130.0 0.9667721390724182
7140.0 0.9756118059158325
7150.0 0.9818565845489502
7160.0 0.9881013631820679
7170.0 0.994260847568512
7180.0 1.000420331954956
7190.0 1.0024604797363281
7200.0 1.0045007467269897
7210.0 1.0040751695632935
7220.0 1.0036495923995972
7230.0 1.0031121969223022
7240.0 1.0025746822357178
7250.0 1.0039538145065308
7260.0 1.0053328275680542
7270.0 1.0083272457122803
7280.0 1.0113216638565063
7290.0 1.0122060775756836
7300.0 1.0130903720855713
7310.0 1.0113756656646729
7320.0 1.009661078453064
7330.0 1.007066249847412
7340.0 1.0044715404510498
7350.0 1.0042327642440796
7360.0 1.0039939880371094
7370.0 1.0063883066177368
7380.0 1.0087825059890747
7390.0 1.0117530822753906
7400.0 1.0147236585617065
7410.0 1.0148972272872925
7420.0 1.0150707960128784
7430.0 1.0135588645935059
7440.0 1.0120470523834229
7450.0 1.0108909606933594
7460.0 1.009734869003296
7470.0 1.0100656747817993
7480.0 1.0103965997695923
7490.0 1.011839509010315
7500.0 1.0132824182510376
7510.0 1.0134296417236328
7520.0 1.0135769844055176
7530.0 1.0124387741088867
7540.0 1.0113005638122559
7550.0 1.0088155269622803
7560.0 1.0063306093215942
7570.0 1.0044171810150146
7580.0 1.0025038719177246
7590.0 0.9948059916496277
7600.0 0.9871081113815308
7610.0 0.9906564950942993
7620.0 0.9942049384117126
7630.0 0.9962043166160583
7640.0 0.9982037544250488
7650.0 1.0012649297714233
7660.0 1.0043261051177979
7670.0 1.0045528411865234
7680.0 1.004779577255249
7690.0 1.0033183097839355
7700.0 1.0018571615219116
7710.0 1.0013502836227417
7720.0 1.0008434057235718
7730.0 1.0008695125579834
7740.0 1.000895619392395
7750.0 1.0031709671020508
7760.0 1.0054463148117065
7770.0 1.0061984062194824
7780.0 1.0069504976272583
7790.0 1.007307529449463
7800.0 1.0076645612716675
7810.0 1.007026195526123
7820.0 1.0063878297805786
7830.0 1.00535249710083
7840.0 1.004317045211792
7850.0 1.0037124156951904
7860.0 1.0031076669692993
7870.0 1.0015671253204346
7880.0 1.0000267028808594
7890.0 0.9966486096382141
7900.0 0.9932706356048584
7910.0 0.9895537495613098
7920.0 0.985836923122406
7930.0 0.9831001162528992
7940.0 0.9803631901741028
7950.0 0.977961540222168
7960.0 0.9755599498748779
7970.0 0.9752494692802429
7980.0 0.9749389886856079
7990.0 0.9777066111564636
8000.0 0.9804743528366089
8010.0 0.9821405410766602
8020.0 0.9838066697120667
8030.0 0.9841358065605164
8040.0 0.9844650030136108
8050.0 0.9832070469856262
8060.0 0.9819491505622864
8070.0 0.9837010502815247
8080.0 0.9854530096054077
8090.0 0.9842733144760132
8100.0 0.9830937385559082
8110.0 0.9773909449577332
8120.0 0.9820400476455688
8130.0 0.9806897044181824
8140.0 0.9793394207954407
8150.0 0.9771990776062012
8160.0 0.9750586152076721
8170.0 0.9738330841064453
8180.0 0.9732092618942261
8190.0 0.964522123336792
8200.0 0.9626213312149048
8210.0 0.9607204794883728
8220.0 0.9601417779922485
8230.0 0.9595630168914795
8240.0 0.9612761735916138
8250.0 0.962989330291748
8260.0 0.9650847315788269
8270.0 0.9671801328659058
8280.0 0.9696027636528015
8290.0 0.972025454044342
8300.0 0.9744480848312378
8310.0 0.9795751571655273
8320.0 0.9807735681533813
8330.0 0.9819720983505249
8340.0 0.9831705093383789
8350.0 0.9825954437255859
8360.0 0.9819223284721375
8370.0 0.9812491536140442
8380.0 0.9805760383605957
8390.0 0.9852539896965027
8400.0 0.9799896478652954
8410.0 0.9823468327522278
8420.0 0.9847040176391602
8430.0 0.9875608086585999
8440.0 0.9926778674125671
8450.0 0.9955847263336182
8460.0 0.998491644859314
8470.0 1.0137567520141602
8480.0 1.0290217399597168
8490.0 1.0444108247756958
8500.0 1.0598000288009644
8510.0 1.0503644943237305
8520.0 1.0409289598464966
8530.0 0.9581974744796753
8540.0 0.875465989112854
8550.0 0.7154234051704407
8560.0 0.5553808808326721
8570.0 0.2619266211986542
8580.0 0.2644297778606415
8590.0 0.09914695471525192
8600.0 0.09913291782140732
8610.0 0.03599011152982712
8620.0 0.03616177663207054
8630.0 0.013745097443461418
8640.0 0.013975209556519985
8650.0 0.006014694459736347
8660.0 0.005671135149896145
8670.0 0.0028715571388602257
8680.0 0.0024017984978854656
8690.0 0.001932029495947063
8700.0 0.0
8710.0 0.0
8720.0 0.0
8730.0 0.0
8740.0 0.0
8750.0 0.0
