decam/transmission_system/n9/i_decam_sdss_c0003_7835.0_1470.0/2012-09-12T00:00:00.ecsv
# %ECSV 1.0
# ---
# datatype:
# - {name: wavelength, unit: Angstrom, datatype: float64}
# - {name: throughput, datatype: float64}
# meta: !!omap
# - {MODE: DETECTOR}
# - {TYPE: transmission_system}
# - {CALIBDATE: '2012-09-12T00:00:00'}
# - {INSTRUME: DECam}
# - {OBSTYPE: transmission_system}
# - {CALIBCLS: lsst.ip.isr.IntermediateSystemTransmissionCurve}
# - {DETECTOR: 40}
# - {DETECTOR_NAME: N9}
# - {SOURCE: i_band_per_detector_throughput.fits}
# - {FILTER: i DECam SDSS c0003 7835.0 1470.0}
# - {CALIB_CREATION_DATE: '2012-09-12'}
# - {CALIB_CREATION_TIME: '00:00:00'}
# schema: astropy-2.0
wavelength throughput
6700.0 0.0
6710.0 0.0
6720.0 0.0
6730.0 0.0
6740.0 0.0
6750.0 0.0
6760.0 0.0007645494770258665
6770.0 0.0008727308013476431
6780.0 0.0009809121256694198
6790.0 0.0010727370390668511
6800.0 0.001164551475085318
6810.0 0.0012880507856607437
6820.0 0.0014115502126514912
6830.0 0.0015911288792267442
6840.0 0.0017707077786326408
6850.0 0.00202544336207211
6860.0 0.002280168468132615
6870.0 0.002644861349835992
6880.0 0.0030095435213297606
6890.0 0.0035036136396229267
6900.0 0.003997694235295057
6910.0 0.004755804780870676
6920.0 0.005513926036655903
6930.0 0.007021558471024036
6940.0 0.008529181592166424
6950.0 0.01199047639966011
6960.0 0.015451770275831223
6970.0 0.02416071854531765
6980.0 0.03286965191364288
6990.0 0.0532575324177742
7000.0 0.07364540547132492
7010.0 0.11416339129209518
7020.0 0.15468136966228485
7030.0 0.2210712730884552
7040.0 0.28746116161346436
7050.0 0.3772642910480499
7060.0 0.4670673608779907
7070.0 0.5621336102485657
7080.0 0.6571999192237854
7090.0 0.7344528436660767
7100.0 0.8117057681083679
7110.0 0.8611286282539368
7120.0 0.9105515480041504
7130.0 0.9338946342468262
7140.0 0.9572376608848572
7150.0 0.9659616351127625
7160.0 0.974685549736023
7170.0 0.9791454076766968
7180.0 0.9836053252220154
7190.0 0.9852625131607056
7200.0 0.986919641494751
7210.0 0.9885677099227905
7220.0 0.9902158379554749
7230.0 0.9922602772712708
7240.0 0.9943047761917114
7250.0 0.9962111115455627
7260.0 0.9981173872947693
7270.0 1.0002079010009766
7280.0 1.002298355102539
7290.0 1.0028777122497559
7300.0 1.003456950187683
7310.0 1.003043293952942
7320.0 1.0026296377182007
7330.0 1.001253604888916
7340.0 0.9998775124549866
7350.0 0.9992683529853821
7360.0 0.9986591935157776
7370.0 0.9999134540557861
7380.0 1.00116765499115
7390.0 1.004109263420105
7400.0 1.00705087184906
7410.0 1.0086733102798462
7420.0 1.0102958679199219
7430.0 1.0102839469909668
7440.0 1.0102721452713013
7450.0 1.009229302406311
7460.0 1.0081864595413208
7470.0 1.0073318481445312
7480.0 1.0064772367477417
7490.0 1.0070523023605347
7500.0 1.007627248764038
7510.0 1.00820791721344
7520.0 1.0087885856628418
7530.0 1.0091122388839722
7540.0 1.0094358921051025
7550.0 1.0080475807189941
7560.0 1.0066593885421753
7570.0 1.004665493965149
7580.0 1.0026715993881226
7590.0 0.9940044283866882
7600.0 0.9853372573852539
7610.0 0.9880335330963135
7620.0 0.9907296895980835
7630.0 0.9929590225219727
7640.0 0.9951884150505066
7650.0 0.9988917708396912
7660.0 1.0025951862335205
7670.0 1.0040407180786133
7680.0 1.0054863691329956
7690.0 1.0047317743301392
7700.0 1.0039770603179932
7710.0 1.0036020278930664
7720.0 1.0032271146774292
7730.0 1.0030972957611084
7740.0 1.0029675960540771
7750.0 1.005291223526001
7760.0 1.0076149702072144
7770.0 1.008542537689209
7780.0 1.0094702243804932
7790.0 1.010056495666504
7800.0 1.0106427669525146
7810.0 1.0101114511489868
7820.0 1.0095800161361694
7830.0 1.0085793733596802
7840.0 1.0075786113739014
7850.0 1.0072723627090454
7860.0 1.0069661140441895
7870.0 1.0059821605682373
7880.0 1.0049982070922852
7890.0 1.0020854473114014
7900.0 0.9991726279258728
7910.0 0.995540976524353
7920.0 0.991909384727478
7930.0 0.9889532327651978
7940.0 0.9859970211982727
7950.0 0.9832173585891724
7960.0 0.9804376363754272
7970.0 0.9800118803977966
7980.0 0.9795862436294556
7990.0 0.9828557372093201
8000.0 0.9861252903938293
8010.0 0.9882610440254211
8020.0 0.9903968572616577
8030.0 0.9911271333694458
8040.0 0.9918574690818787
8050.0 0.9906257390975952
8060.0 0.9893940687179565
8070.0 0.9906691908836365
8080.0 0.9919443130493164
8090.0 0.9901030659675598
8100.0 0.9882619380950928
8110.0 0.9814643263816833
8120.0 0.9867815375328064
8130.0 0.9859710335731506
8140.0 0.9851604700088501
8150.0 0.9841997027397156
8160.0 0.9832388758659363
8170.0 0.9846083521842957
8180.0 0.9832616448402405
8190.0 0.9757261276245117
8200.0 0.9735267758369446
8210.0 0.9713274836540222
8220.0 0.9702609181404114
8230.0 0.9691944122314453
8240.0 0.9707173109054565
8250.0 0.9722402691841125
8260.0 0.974854052066803
8270.0 0.9774678945541382
8280.0 0.9804309606552124
8290.0 0.9833940267562866
8300.0 0.9863571524620056
8310.0 0.9928836226463318
8320.0 0.9939502477645874
8330.0 0.9950169920921326
8340.0 0.996083676815033
8350.0 0.9946665167808533
8360.0 0.993523120880127
8370.0 0.9923796057701111
8380.0 0.9912362098693848
8390.0 0.9947555661201477
8400.0 0.9899535775184631
8410.0 0.9908723831176758
8420.0 0.9917911291122437
8430.0 0.9901952147483826
8440.0 0.9953470826148987
8450.0 0.9939327836036682
8460.0 0.992518424987793
8470.0 0.9989635944366455
8480.0 1.005408763885498
8490.0 1.010692834854126
8500.0 1.015976905822754
8510.0 1.0005581378936768
8520.0 0.9851392507553101
8530.0 0.9120142459869385
8540.0 0.8388893008232117
8550.0 0.6853352785110474
8560.0 0.5317811965942383
8570.0 0.24164624512195587
8580.0 0.2431708723306656
8590.0 0.0881316065788269
8600.0 0.08748991042375565
8610.0 0.03162228316068649
8620.0 0.03184836357831955
8630.0 0.012474783696234226
8640.0 0.01256953738629818
8650.0 0.005641786847263575
8660.0 0.0055006747134029865
8670.0 0.002701584482565522
8680.0 0.002324678935110569
8690.0 0.001947773271240294
8700.0 0.0
8710.0 0.0
8720.0 0.0
8730.0 0.0
8740.0 0.0
8750.0 0.0
