decam/transmission_system/s4/r_decam_sdss_c0002_6415.0_1480.0/2012-09-12T00:00:00.ecsv
# %ECSV 1.0
# ---
# datatype:
# - {name: wavelength, unit: Angstrom, datatype: float64}
# - {name: throughput, datatype: float64}
# meta: !!omap
# - {MODE: DETECTOR}
# - {TYPE: transmission_system}
# - {CALIBDATE: '2012-09-12T00:00:00'}
# - {INSTRUME: DECam}
# - {OBSTYPE: transmission_system}
# - {CALIBCLS: lsst.ip.isr.IntermediateSystemTransmissionCurve}
# - {DETECTOR: 28}
# - {DETECTOR_NAME: S4}
# - {SOURCE: r_band_per_detector_throughput.fits}
# - {FILTER: r DECam SDSS c0002 6415.0 1480.0}
# - {CALIB_CREATION_DATE: '2012-09-12'}
# - {CALIB_CREATION_TIME: '00:00:00'}
# schema: astropy-2.0
wavelength throughput
5350.0 0.0
5360.0 0.0
5370.0 0.0
5380.0 0.0
5390.0 0.0
5400.0 0.0
5410.0 0.0011350370477885008
5420.0 0.0013238898245617747
5430.0 0.0016310388455167413
5440.0 0.0019381878664717078
5450.0 0.0023731770925223827
5460.0 0.0028081664349883795
5470.0 0.0033256136812269688
5480.0 0.0038430604618042707
5490.0 0.004566329065710306
5500.0 0.005289608612656593
5510.0 0.0062231747433543205
5520.0 0.007156741339713335
5530.0 0.008416482247412205
5540.0 0.009676223620772362
5550.0 0.01146569661796093
5560.0 0.013255180791020393
5570.0 0.015568707138299942
5580.0 0.017882242798805237
5590.0 0.021641766652464867
5600.0 0.025401288643479347
5610.0 0.035359155386686325
5620.0 0.045317020267248154
5630.0 0.08650776743888855
5640.0 0.12769852578639984
5650.0 0.2706839442253113
5660.0 0.4136693477630615
5670.0 0.5644881725311279
5680.0 0.7153069972991943
5690.0 0.7527608275413513
5700.0 0.7902147173881531
5710.0 0.8023724555969238
5720.0 0.8145302534103394
5730.0 0.8172268867492676
5740.0 0.8199235796928406
5750.0 0.8243072628974915
5760.0 0.8286909461021423
5770.0 0.8367769122123718
5780.0 0.8448629975318909
5790.0 0.8482762575149536
5800.0 0.8516895174980164
5810.0 0.853996992111206
5820.0 0.8563043475151062
5830.0 0.8570113778114319
5840.0 0.8577183485031128
5850.0 0.8561090230941772
5860.0 0.8544995784759521
5870.0 0.8543355464935303
5880.0 0.8541715145111084
5890.0 0.8554048538208008
5900.0 0.8566381931304932
5910.0 0.8585339784622192
5920.0 0.8604298830032349
5930.0 0.8619993925094604
5940.0 0.8635690212249756
5950.0 0.863044261932373
5960.0 0.8625195026397705
5970.0 0.8630247116088867
5980.0 0.8635298609733582
5990.0 0.8665226697921753
6000.0 0.8695154190063477
6010.0 0.8718364834785461
6020.0 0.8741575479507446
6030.0 0.8741781115531921
6040.0 0.8737378716468811
6050.0 0.8734385967254639
6060.0 0.8731393814086914
6070.0 0.8739123940467834
6080.0 0.8746853470802307
6090.0 0.8753781914710999
6100.0 0.8760710954666138
6110.0 0.8788224458694458
6120.0 0.8815737366676331
6130.0 0.885826826095581
6140.0 0.890079915523529
6150.0 0.8906365036964417
6160.0 0.891193151473999
6170.0 0.8909838795661926
6180.0 0.8907745480537415
6190.0 0.8915731906890869
6200.0 0.8923718333244324
6210.0 0.8928095102310181
6220.0 0.8932471871376038
6230.0 0.8944251537322998
6240.0 0.8956031203269958
6250.0 0.8979174494743347
6260.0 0.9002317190170288
6270.0 0.9000183939933777
6280.0 0.8998050093650818
6290.0 0.8997150659561157
6300.0 0.8996251225471497
6310.0 0.9018211960792542
6320.0 0.9040172696113586
6330.0 0.9042205810546875
6340.0 0.9044238328933716
6350.0 0.9048240780830383
6360.0 0.9052242636680603
6370.0 0.9080473184585571
6380.0 0.9108704328536987
6390.0 0.9114077687263489
6400.0 0.9119450449943542
6410.0 0.9119940996170044
6420.0 0.9120431542396545
6430.0 0.91275554895401
6440.0 0.913468062877655
6450.0 0.9128501415252686
6460.0 0.9122322797775269
6470.0 0.911959171295166
6480.0 0.9116860032081604
6490.0 0.9134664535522461
6500.0 0.9152467846870422
6510.0 0.9159945249557495
6520.0 0.9167423248291016
6530.0 0.917214572429657
6540.0 0.9176868200302124
6550.0 0.9196117520332336
6560.0 0.9215365648269653
6570.0 0.9227054715156555
6580.0 0.9238743782043457
6590.0 0.9236161112785339
6600.0 0.9233577847480774
6610.0 0.9236558675765991
6620.0 0.9239540100097656
6630.0 0.9244378209114075
6640.0 0.9249216914176941
6650.0 0.9245656132698059
6660.0 0.9242095947265625
6670.0 0.9248642921447754
6680.0 0.9255190491676331
6690.0 0.9271835684776306
6700.0 0.928848147392273
6710.0 0.9295390844345093
6720.0 0.9302300810813904
6730.0 0.9299321174621582
6740.0 0.929634153842926
6750.0 0.9290887117385864
6760.0 0.9285433888435364
6770.0 0.9283736348152161
6780.0 0.9282039999961853
6790.0 0.9287506937980652
6800.0 0.9292973875999451
6810.0 0.9296191930770874
6820.0 0.9299409985542297
6830.0 0.9304220676422119
6840.0 0.9309030175209045
6850.0 0.9303050637245178
6860.0 0.9297070503234863
6870.0 0.928536593914032
6880.0 0.9273660778999329
6890.0 0.9274735450744629
6900.0 0.9275810718536377
6910.0 0.9265915751457214
6920.0 0.9256020784378052
6930.0 0.9247125387191772
6940.0 0.9238229393959045
6950.0 0.9237542152404785
6960.0 0.9236854910850525
6970.0 0.9233259558677673
6980.0 0.9229665398597717
6990.0 0.9216281771659851
7000.0 0.9202898144721985
7010.0 0.9203587174415588
7020.0 0.9204275608062744
7030.0 0.9194016456604004
7040.0 0.9183757901191711
7050.0 0.9141709208488464
7060.0 0.9099660515785217
7070.0 0.9066934585571289
7080.0 0.9034208655357361
7090.0 0.8945139050483704
7100.0 0.8856069445610046
7110.0 0.8626837730407715
7120.0 0.8397606015205383
7130.0 0.8311876058578491
7140.0 0.8226146697998047
7150.0 0.771392285823822
7160.0 0.7201698422431946
7170.0 0.5605160593986511
7180.0 0.4008622169494629
7190.0 0.27220478653907776
7200.0 0.14354737102985382
7210.0 0.09269442409276962
7220.0 0.04184146970510483
7230.0 0.03181802108883858
7240.0 0.021794570609927177
7250.0 0.014219342730939388
7260.0 0.006644102744758129
7270.0 0.004570524673908949
7280.0 0.002496936358511448
7290.0 0.0018473287345841527
7300.0 0.0011977213434875011
7310.0 0.000986447324976325
7320.0 0.0007751733646728098
7330.0 0.0006453079404309392
7340.0 0.0005154322134330869
7350.0 0.0
7360.0 0.0
7370.0 0.0
7380.0 0.0
7390.0 0.0
7400.0 0.0
