decam/transmission_system/s4/g_decam_sdss_c0001_4720.0_1520.0/2012-09-12T00:00:00.ecsv
# %ECSV 1.0
# ---
# datatype:
# - {name: wavelength, unit: Angstrom, datatype: float64}
# - {name: throughput, datatype: float64}
# meta: !!omap
# - {MODE: DETECTOR}
# - {TYPE: transmission_system}
# - {CALIBDATE: '2012-09-12T00:00:00'}
# - {INSTRUME: DECam}
# - {OBSTYPE: transmission_system}
# - {CALIBCLS: lsst.ip.isr.IntermediateSystemTransmissionCurve}
# - {DETECTOR: 28}
# - {DETECTOR_NAME: S4}
# - {SOURCE: g_band_per_detector_throughput.fits}
# - {FILTER: g DECam SDSS c0001 4720.0 1520.0}
# - {CALIB_CREATION_DATE: '2012-09-12'}
# - {CALIB_CREATION_TIME: '00:00:00'}
# schema: astropy-2.0
wavelength throughput
3750.0 0.0
3760.0 0.0
3770.0 0.0
3780.0 0.0
3790.0 0.0
3800.0 0.0
3810.0 0.0005812320159748197
3820.0 0.0007206620648503304
3830.0 0.0007223132997751236
3840.0 0.0010329829528927803
3850.0 0.001228637876920402
3860.0 0.0014242925681173801
3870.0 0.0017231752863153815
3880.0 0.002022047294303775
3890.0 0.00265996134839952
3900.0 0.003297885414212942
3910.0 0.0032830554991960526
3920.0 0.0062749446369707584
3930.0 0.01191982626914978
3940.0 0.01756470836699009
3950.0 0.018184904009103775
3960.0 0.10360492765903473
3970.0 0.20961926877498627
3980.0 0.3156335949897766
3990.0 0.3147300183773041
4000.0 0.3524841070175171
4010.0 0.3705759346485138
4020.0 0.3886677622795105
4030.0 0.3924051523208618
4040.0 0.39983153343200684
4050.0 0.3998279869556427
4060.0 0.4079380929470062
4070.0 0.4119442105293274
4080.0 0.42373380064964294
4090.0 0.42452260851860046
4100.0 0.4291055500507355
4110.0 0.4329993724822998
4120.0 0.43689316511154175
4130.0 0.43933042883872986
4140.0 0.44663307070732117
4150.0 0.4488491714000702
4160.0 0.4600164592266083
4170.0 0.4667767286300659
4180.0 0.47353699803352356
4190.0 0.4746076762676239
4200.0 0.47174617648124695
4210.0 0.4736981987953186
4220.0 0.47592979669570923
4230.0 0.47625821828842163
4240.0 0.4952339231967926
4250.0 0.49895286560058594
4260.0 0.5026718378067017
4270.0 0.5057806968688965
4280.0 0.5171048045158386
4290.0 0.5168095231056213
4300.0 0.5286110639572144
4310.0 0.5319628119468689
4320.0 0.5353145003318787
4330.0 0.539886474609375
4340.0 0.5444585680961609
4350.0 0.5511565804481506
4360.0 0.5578546524047852
4370.0 0.5626153945922852
4380.0 0.5673760771751404
4390.0 0.5736126899719238
4400.0 0.579849362373352
4410.0 0.583512544631958
4420.0 0.5871757864952087
4430.0 0.5903375148773193
4440.0 0.5934993028640747
4450.0 0.5966387987136841
4460.0 0.5997782349586487
4470.0 0.6033964157104492
4480.0 0.6070146560668945
4490.0 0.6093334555625916
4500.0 0.6116523742675781
4510.0 0.6154298782348633
4520.0 0.6192073822021484
4530.0 0.6240614056587219
4540.0 0.6289154291152954
4550.0 0.6310610771179199
4560.0 0.6332066655158997
4570.0 0.6351379156112671
4580.0 0.6370692849159241
4590.0 0.6409639120101929
4600.0 0.6448585391044617
4610.0 0.6500095129013062
4620.0 0.6551603674888611
4630.0 0.6587262153625488
4640.0 0.6622921824455261
4650.0 0.6643500924110413
4660.0 0.6664080619812012
4670.0 0.6673861742019653
4680.0 0.6683642864227295
4690.0 0.670393168926239
4700.0 0.6724220514297485
4710.0 0.6752500534057617
4720.0 0.6780779361724854
4730.0 0.6822601556777954
4740.0 0.6864423155784607
4750.0 0.6920614242553711
4760.0 0.6976805329322815
4770.0 0.6985964179039001
4780.0 0.6995123028755188
4790.0 0.6998533010482788
4800.0 0.7001942992210388
4810.0 0.7059662938117981
4820.0 0.7117382884025574
4830.0 0.7129906415939331
4840.0 0.7142429947853088
4850.0 0.7120572924613953
4860.0 0.7098716497421265
4870.0 0.7145653963088989
4880.0 0.7192592024803162
4890.0 0.723419189453125
4900.0 0.7275792360305786
4910.0 0.7288030982017517
4920.0 0.7300269603729248
4930.0 0.7314098477363586
4940.0 0.7327926158905029
4950.0 0.734076976776123
4960.0 0.7353612780570984
4970.0 0.7390950918197632
4980.0 0.7428288459777832
4990.0 0.7464603185653687
5000.0 0.7500918507575989
5010.0 0.7534451484680176
5020.0 0.7567984461784363
5030.0 0.7572640180587769
5040.0 0.7577295899391174
5050.0 0.7606970071792603
5060.0 0.7636644244194031
5070.0 0.768704891204834
5080.0 0.7737452387809753
5090.0 0.7746405601501465
5100.0 0.7755358219146729
5110.0 0.7731654047966003
5120.0 0.7707948684692383
5130.0 0.7728380560874939
5140.0 0.7748811841011047
5150.0 0.7782912850379944
5160.0 0.781701385974884
5170.0 0.7825419902801514
5180.0 0.7833825945854187
5190.0 0.7876237034797668
5200.0 0.7918648719787598
5210.0 0.7977147698402405
5220.0 0.803564727306366
5230.0 0.8050833344459534
5240.0 0.8066019415855408
5250.0 0.8070446252822876
5260.0 0.8074872493743896
5270.0 0.8082842826843262
5280.0 0.8090813159942627
5290.0 0.8097234964370728
5300.0 0.8103657364845276
5310.0 0.8126604557037354
5320.0 0.8149552345275879
5330.0 0.8179441094398499
5340.0 0.8209329843521118
5350.0 0.8243200778961182
5360.0 0.8277072310447693
5370.0 0.8256564736366272
5380.0 0.8236057162284851
5390.0 0.8178125619888306
5400.0 0.8120192885398865
5410.0 0.814224362373352
5420.0 0.8164294958114624
5430.0 0.8285120725631714
5440.0 0.8405945301055908
5450.0 0.8107527494430542
5460.0 0.7809109687805176
5470.0 0.5795471668243408
5480.0 0.37818339467048645
5490.0 0.2269710749387741
5500.0 0.07575873285531998
5510.0 0.046225279569625854
5520.0 0.016691843047738075
5530.0 0.01017171610146761
5540.0 0.00365160102955997
5550.0 0.0024678476620465517
5560.0 0.0012840940617024899
5570.0 0.0009977463632822037
5580.0 0.0007113986066542566
5590.0 0.0006167801329866052
5600.0 0.0005221617175266147
5610.0 0.00047387112863361835
5620.0 0.0004255805106367916
5630.0 0.00038986621075309813
5640.0 0.00035415193997323513
5650.0 0.0
5660.0 0.0
5670.0 0.0
5680.0 0.0
5690.0 0.0
5700.0 0.0
