decam/transmission_system/s27/y_decam_c0005_10095.0_1130.0/2012-09-12T00:00:00.ecsv
# %ECSV 1.0
# ---
# datatype:
# - {name: wavelength, unit: Angstrom, datatype: float64}
# - {name: throughput, datatype: float64}
# meta: !!omap
# - {MODE: DETECTOR}
# - {TYPE: transmission_system}
# - {CALIBDATE: '2012-09-12T00:00:00'}
# - {INSTRUME: DECam}
# - {OBSTYPE: transmission_system}
# - {CALIBCLS: lsst.ip.isr.IntermediateSystemTransmissionCurve}
# - {DETECTOR: 6}
# - {DETECTOR_NAME: S27}
# - {SOURCE: Y_band_per_detector_throughput.fits}
# - {FILTER: Y DECam c0005 10095.0 1130.0}
# - {CALIB_CREATION_DATE: '2012-09-12'}
# - {CALIB_CREATION_TIME: '00:00:00'}
# schema: astropy-2.0
wavelength throughput
9250.0 0.0
9260.0 0.0
9270.0 0.0
9280.0 0.0
9290.0 0.0
9300.0 0.0
9310.0 0.006656232755631208
9320.0 0.00747960340231657
9330.0 0.008302973583340645
9340.0 0.009355947375297546
9350.0 0.010408911854028702
9360.0 0.011777706444263458
9370.0 0.013146490789949894
9380.0 0.015421612188220024
9390.0 0.01769673265516758
9400.0 0.021727971732616425
9410.0 0.02575920894742012
9420.0 0.03377113863825798
9430.0 0.04178307577967644
9440.0 0.059240929782390594
9450.0 0.07669878005981445
9460.0 0.08108285069465637
9470.0 0.15311355888843536
9480.0 0.16134695708751678
9490.0 0.28666171431541443
9500.0 0.2991616427898407
9510.0 0.4853983223438263
9520.0 0.5861635208129883
9530.0 0.6869287490844727
9540.0 0.7496219873428345
9550.0 0.8123153448104858
9560.0 0.8299755454063416
9570.0 0.847635805606842
9580.0 0.8466039299964905
9590.0 0.8455720543861389
9600.0 0.8430567979812622
9610.0 0.8405415415763855
9620.0 0.8382598161697388
9630.0 0.8359780311584473
9640.0 0.8343181610107422
9650.0 0.8326582312583923
9660.0 0.8308162093162537
9670.0 0.828974187374115
9680.0 0.8248964548110962
9690.0 0.8208188414573669
9700.0 0.8189141750335693
9710.0 0.8170095086097717
9720.0 0.8086646199226379
9730.0 0.8003197312355042
9740.0 0.795098602771759
9750.0 0.7898775339126587
9760.0 0.7839562892913818
9770.0 0.7780349850654602
9780.0 0.7720154523849487
9790.0 0.765995979309082
9800.0 0.7603374719619751
9810.0 0.7546790242195129
9820.0 0.7489650249481201
9830.0 0.7432509660720825
9840.0 0.7361403703689575
9850.0 0.7290298342704773
9860.0 0.7222340106964111
9870.0 0.715438187122345
9880.0 0.7062379717826843
9890.0 0.6970377564430237
9900.0 0.6885411739349365
9910.0 0.6800445914268494
9920.0 0.6704452633857727
9930.0 0.6608458161354065
9940.0 0.6529993414878845
9950.0 0.6451528072357178
9960.0 0.6356249451637268
9970.0 0.6260970830917358
9980.0 0.616865336894989
9990.0 0.6076335906982422
10000.0 0.5972914695739746
10010.0 0.5869492888450623
10020.0 0.5759963989257812
10030.0 0.5650435090065002
10040.0 0.5535014867782593
10050.0 0.5419594645500183
10060.0 0.5311622023582458
10070.0 0.5203649997711182
10080.0 0.5085179805755615
10090.0 0.49667099118232727
10100.0 0.48427972197532654
10110.0 0.4718884825706482
10120.0 0.46043166518211365
10130.0 0.4489749073982239
10140.0 0.4373285472393036
10150.0 0.4256822168827057
10160.0 0.41461077332496643
10170.0 0.4035392999649048
10180.0 0.39155107736587524
10190.0 0.3795628547668457
10200.0 0.36838677525520325
10210.0 0.3572106957435608
10220.0 0.3458208739757538
10230.0 0.3344310522079468
10240.0 0.3230251967906952
10250.0 0.31161928176879883
10260.0 0.3010106086730957
10270.0 0.2904019057750702
10280.0 0.28095361590385437
10290.0 0.27150535583496094
10300.0 0.26086437702178955
10310.0 0.25022339820861816
10320.0 0.23949527740478516
10330.0 0.22876715660095215
10340.0 0.2161790430545807
10350.0 0.20359092950820923
10360.0 0.1914007067680359
10370.0 0.17921048402786255
10380.0 0.17281462252140045
10390.0 0.16641876101493835
10400.0 0.1617562174797058
10410.0 0.15709367394447327
10420.0 0.1527320295572281
10430.0 0.1483704000711441
10440.0 0.14389260113239288
10450.0 0.13941481709480286
10460.0 0.13497135043144226
10470.0 0.13052788376808167
10480.0 0.12641438841819763
10490.0 0.122300885617733
10500.0 0.11773423105478287
10510.0 0.11316755414009094
10520.0 0.10974549502134323
10530.0 0.10632343590259552
10540.0 0.10379740595817566
10550.0 0.10127140581607819
10560.0 0.09953590482473373
10570.0 0.09780041873455048
10580.0 0.09531726688146591
10590.0 0.09283412247896194
10600.0 0.08659713715314865
10610.0 0.08036014437675476
10620.0 0.06805270165205002
10630.0 0.055745240300893784
10640.0 0.04249223694205284
10650.0 0.02923922799527645
10660.0 0.020760975778102875
10670.0 0.012282722629606724
10680.0 0.008437855169177055
10690.0 0.004592987708747387
10700.0 0.0
10710.0 0.0
10720.0 0.0
10730.0 0.0
10740.0 0.0
10750.0 0.0
