decam/transmission_system/s22/g_decam_sdss_c0001_4720.0_1520.0/2012-09-12T00:00:00.ecsv
# %ECSV 1.0
# ---
# datatype:
# - {name: wavelength, unit: Angstrom, datatype: float64}
# - {name: throughput, datatype: float64}
# meta: !!omap
# - {MODE: DETECTOR}
# - {TYPE: transmission_system}
# - {CALIBDATE: '2012-09-12T00:00:00'}
# - {INSTRUME: DECam}
# - {OBSTYPE: transmission_system}
# - {CALIBCLS: lsst.ip.isr.IntermediateSystemTransmissionCurve}
# - {DETECTOR: 10}
# - {DETECTOR_NAME: S22}
# - {SOURCE: g_band_per_detector_throughput.fits}
# - {FILTER: g DECam SDSS c0001 4720.0 1520.0}
# - {CALIB_CREATION_DATE: '2012-09-12'}
# - {CALIB_CREATION_TIME: '00:00:00'}
# schema: astropy-2.0
wavelength throughput
3750.0 0.0
3760.0 0.0
3770.0 0.0
3780.0 0.0
3790.0 0.0
3800.0 0.0
3810.0 0.0007909691194072366
3820.0 0.0009134610882028937
3830.0 0.0009047479834407568
3840.0 0.0012636666651815176
3850.0 0.0014213641406968236
3860.0 0.0015790511388331652
3870.0 0.0019058383768424392
3880.0 0.0022326153703033924
3890.0 0.0027616519946604967
3900.0 0.0032906781416386366
3910.0 0.0033879345282912254
3920.0 0.006056722719222307
3930.0 0.012236903421580791
3940.0 0.018417073413729668
3950.0 0.019380247220396996
3960.0 0.10403412580490112
3970.0 0.20565664768218994
3980.0 0.30727913975715637
3990.0 0.30787065625190735
4000.0 0.3489122688770294
4010.0 0.366131067276001
4020.0 0.38334983587265015
4030.0 0.3880058228969574
4040.0 0.39541950821876526
4050.0 0.3952205777168274
4060.0 0.40346017479896545
4070.0 0.4071059226989746
4080.0 0.4207684397697449
4090.0 0.42105787992477417
4100.0 0.42873504757881165
4110.0 0.4325883388519287
4120.0 0.4364416003227234
4130.0 0.43893009424209595
4140.0 0.44676852226257324
4150.0 0.4489347040653229
4160.0 0.4606441855430603
4170.0 0.4685136377811432
4180.0 0.4763830602169037
4190.0 0.47675982117652893
4200.0 0.4796558618545532
4210.0 0.4812559187412262
4220.0 0.48589015007019043
4230.0 0.4856528043746948
4240.0 0.5025309920310974
4250.0 0.5075280070304871
4260.0 0.5125250220298767
4270.0 0.5151904821395874
4280.0 0.5266472697257996
4290.0 0.5259429216384888
4300.0 0.5379547476768494
4310.0 0.542178750038147
4320.0 0.5464028716087341
4330.0 0.5509327054023743
4340.0 0.5554625391960144
4350.0 0.5617009997367859
4360.0 0.5679394602775574
4370.0 0.5726457834243774
4380.0 0.5773520469665527
4390.0 0.5836801528930664
4400.0 0.5900083780288696
4410.0 0.5944058299064636
4420.0 0.5988032817840576
4430.0 0.6021836400032043
4440.0 0.6055640578269958
4450.0 0.609076976776123
4460.0 0.6125897765159607
4470.0 0.6156112551689148
4480.0 0.6186326146125793
4490.0 0.6216261386871338
4500.0 0.6246196627616882
4510.0 0.627450704574585
4520.0 0.6302818059921265
4530.0 0.6350076794624329
4540.0 0.6397335529327393
4550.0 0.6422817707061768
4560.0 0.6448299288749695
4570.0 0.646295964717865
4580.0 0.6477619409561157
4590.0 0.6511514186859131
4600.0 0.6545409560203552
4610.0 0.6584801077842712
4620.0 0.662419319152832
4630.0 0.6652811765670776
4640.0 0.6681429743766785
4650.0 0.6707735657691956
4660.0 0.6734040975570679
4670.0 0.6741262674331665
4680.0 0.6748483777046204
4690.0 0.6759991645812988
4700.0 0.6771500110626221
4710.0 0.6796645522117615
4720.0 0.6821790933609009
4730.0 0.6852452754974365
4740.0 0.6883113384246826
4750.0 0.6924667358398438
4760.0 0.6966220736503601
4770.0 0.6982383131980896
4780.0 0.6998544931411743
4790.0 0.6999216079711914
4800.0 0.6999887228012085
4810.0 0.7028880715370178
4820.0 0.7057874798774719
4830.0 0.7076038718223572
4840.0 0.7094203233718872
4850.0 0.7083072662353516
4860.0 0.7071941494941711
4870.0 0.7094813585281372
4880.0 0.7117685675621033
4890.0 0.7156538367271423
4900.0 0.7195390462875366
4910.0 0.7214037179946899
4920.0 0.7232683300971985
4930.0 0.7233003377914429
4940.0 0.7233323454856873
4950.0 0.7235777378082275
4960.0 0.7238231301307678
4970.0 0.7278854846954346
4980.0 0.7319478988647461
4990.0 0.7348654866218567
5000.0 0.7377830743789673
5010.0 0.7406327724456787
5020.0 0.7434824705123901
5030.0 0.7445916533470154
5040.0 0.7457008361816406
5050.0 0.7474175095558167
5060.0 0.7491341233253479
5070.0 0.7520709037780762
5080.0 0.7550076842308044
5090.0 0.7568442225456238
5100.0 0.7586808204650879
5110.0 0.7573842406272888
5120.0 0.7560877203941345
5130.0 0.7567911148071289
5140.0 0.7574945688247681
5150.0 0.7615628838539124
5160.0 0.7656311988830566
5170.0 0.7669628262519836
5180.0 0.7682944536209106
5190.0 0.7696409225463867
5200.0 0.7709873914718628
5210.0 0.7749232053756714
5220.0 0.7788590788841248
5230.0 0.7823117971420288
5240.0 0.7857645153999329
5250.0 0.787649393081665
5260.0 0.789534330368042
5270.0 0.7898578643798828
5280.0 0.7901813983917236
5290.0 0.7906854152679443
5300.0 0.7911893725395203
5310.0 0.7935407161712646
5320.0 0.795892059803009
5330.0 0.7979560494422913
5340.0 0.8000200986862183
5350.0 0.802830159664154
5360.0 0.8056402206420898
5370.0 0.805077075958252
5380.0 0.8045138716697693
5390.0 0.7993699312210083
5400.0 0.7942259311676025
5410.0 0.7929679155349731
5420.0 0.7917097806930542
5430.0 0.8000684380531311
5440.0 0.8084271550178528
5450.0 0.7788357734680176
5460.0 0.7492443323135376
5470.0 0.5726674199104309
5480.0 0.39609044790267944
5490.0 0.24055109918117523
5500.0 0.08501176536083221
5510.0 0.05147836357355118
5520.0 0.01794496923685074
5530.0 0.010942372493445873
5540.0 0.003939776681363583
5550.0 0.002652951283380389
5560.0 0.0013661362463608384
5570.0 0.0010548954596742988
5580.0 0.0007436650921590626
5590.0 0.000635722535662353
5600.0 0.0005277800373733044
5610.0 0.00047505501424893737
5620.0 0.00042234035208821297
5630.0 0.0003758463717531413
5640.0 0.0003293627523817122
5650.0 0.0
5660.0 0.0
5670.0 0.0
5680.0 0.0
5690.0 0.0
5700.0 0.0
