decam/transmission_system/n7/r_decam_sdss_c0002_6415.0_1480.0/2012-09-12T00:00:00.ecsv
# %ECSV 1.0
# ---
# datatype:
# - {name: wavelength, unit: Angstrom, datatype: float64}
# - {name: throughput, datatype: float64}
# meta: !!omap
# - {MODE: DETECTOR}
# - {TYPE: transmission_system}
# - {CALIBDATE: '2012-09-12T00:00:00'}
# - {INSTRUME: DECam}
# - {OBSTYPE: transmission_system}
# - {CALIBCLS: lsst.ip.isr.IntermediateSystemTransmissionCurve}
# - {DETECTOR: 38}
# - {DETECTOR_NAME: N7}
# - {SOURCE: r_band_per_detector_throughput.fits}
# - {FILTER: r DECam SDSS c0002 6415.0 1480.0}
# - {CALIB_CREATION_DATE: '2012-09-12'}
# - {CALIB_CREATION_TIME: '00:00:00'}
# schema: astropy-2.0
wavelength throughput
5350.0 0.0
5360.0 0.0
5370.0 0.0
5380.0 0.0
5390.0 0.0
5400.0 0.0
5410.0 0.003728118259459734
5420.0 0.004147353582084179
5430.0 0.00474471366032958
5440.0 0.005342073738574982
5450.0 0.00606040982529521
5460.0 0.0067787556909024715
5470.0 0.007469197269529104
5480.0 0.00815964862704277
5490.0 0.009141662158071995
5500.0 0.010123664513230324
5510.0 0.011184947565197945
5520.0 0.012246239930391312
5530.0 0.013486488722264767
5540.0 0.014726746827363968
5550.0 0.01636357046663761
5560.0 0.018000392243266106
5570.0 0.020031027495861053
5580.0 0.0220616664737463
5590.0 0.02510342188179493
5600.0 0.028145181015133858
5610.0 0.03492554649710655
5620.0 0.041705913841724396
5630.0 0.0662439838051796
5640.0 0.0907820537686348
5650.0 0.18367330729961395
5660.0 0.2765645682811737
5670.0 0.4483239948749542
5680.0 0.6200834512710571
5690.0 0.707671046257019
5700.0 0.795258641242981
5710.0 0.8062008619308472
5720.0 0.8171430826187134
5730.0 0.821258008480072
5740.0 0.8253729939460754
5750.0 0.8278656005859375
5760.0 0.8303581476211548
5770.0 0.8313336968421936
5780.0 0.8323091864585876
5790.0 0.8332785367965698
5800.0 0.834247887134552
5810.0 0.8388527631759644
5820.0 0.8434575796127319
5830.0 0.8455579876899719
5840.0 0.8476583957672119
5850.0 0.8462762832641602
5860.0 0.8448941707611084
5870.0 0.8423117399215698
5880.0 0.8397294282913208
5890.0 0.8405573964118958
5900.0 0.8413854241371155
5910.0 0.846193253993988
5920.0 0.8510010242462158
5930.0 0.853922963142395
5940.0 0.8568447828292847
5950.0 0.8571124076843262
5960.0 0.8573799729347229
5970.0 0.8583676218986511
5980.0 0.8593551516532898
5990.0 0.8610761165618896
6000.0 0.8627970814704895
6010.0 0.8659725189208984
6020.0 0.8691478371620178
6030.0 0.8675980567932129
6040.0 0.873777449131012
6050.0 0.8740822672843933
6060.0 0.8743870854377747
6070.0 0.8737151622772217
6080.0 0.8730433583259583
6090.0 0.8737496137619019
6100.0 0.8744559288024902
6110.0 0.877414345741272
6120.0 0.8803727030754089
6130.0 0.8836695551872253
6140.0 0.8869664669036865
6150.0 0.8888431787490845
6160.0 0.8907197713851929
6170.0 0.8921873569488525
6180.0 0.893655002117157
6190.0 0.8935397267341614
6200.0 0.8934245705604553
6210.0 0.8943119049072266
6220.0 0.895199179649353
6230.0 0.8956266641616821
6240.0 0.8960540294647217
6250.0 0.8970763087272644
6260.0 0.8980985283851624
6270.0 0.900099515914917
6280.0 0.9021005630493164
6290.0 0.9034836888313293
6300.0 0.9048668146133423
6310.0 0.9056748747825623
6320.0 0.9064828753471375
6330.0 0.9074717164039612
6340.0 0.9084606170654297
6350.0 0.9101535081863403
6360.0 0.911846399307251
6370.0 0.9136478900909424
6380.0 0.915449321269989
6390.0 0.915573239326477
6400.0 0.9156970977783203
6410.0 0.9157803654670715
6420.0 0.9158636331558228
6430.0 0.9158271551132202
6440.0 0.9157907962799072
6450.0 0.9160969853401184
6460.0 0.9164032340049744
6470.0 0.9169122576713562
6480.0 0.9174213409423828
6490.0 0.9177119731903076
6500.0 0.9180026054382324
6510.0 0.9191520810127258
6520.0 0.9203015565872192
6530.0 0.9223307967185974
6540.0 0.9243600964546204
6550.0 0.9263752102851868
6560.0 0.928390383720398
6570.0 0.9294496774673462
6580.0 0.9305089712142944
6590.0 0.9302859902381897
6600.0 0.930063009262085
6610.0 0.9294773936271667
6620.0 0.9288917779922485
6630.0 0.9279351830482483
6640.0 0.926978588104248
6650.0 0.9280438423156738
6660.0 0.9291091561317444
6670.0 0.9315595030784607
6680.0 0.9340099692344666
6690.0 0.9356198906898499
6700.0 0.9372298717498779
6710.0 0.9379009008407593
6720.0 0.9385719299316406
6730.0 0.9377009868621826
6740.0 0.9368300437927246
6750.0 0.9357451796531677
6760.0 0.9346603155136108
6770.0 0.9350036382675171
6780.0 0.9353469014167786
6790.0 0.9362326264381409
6800.0 0.9371183514595032
6810.0 0.937713086605072
6820.0 0.9383077621459961
6830.0 0.9388870596885681
6840.0 0.9394662976264954
6850.0 0.9398787617683411
6860.0 0.940291166305542
6870.0 0.9397022724151611
6880.0 0.9391133785247803
6890.0 0.9383869767189026
6900.0 0.9376606345176697
6910.0 0.9370882511138916
6920.0 0.9365158677101135
6930.0 0.9359983801841736
6940.0 0.9354808926582336
6950.0 0.9348658323287964
6960.0 0.9342508316040039
6970.0 0.9347954988479614
6980.0 0.935340166091919
6990.0 0.9357897639274597
7000.0 0.9362394213676453
7010.0 0.9357919096946716
7020.0 0.9353444576263428
7030.0 0.9316726922988892
7040.0 0.9280009865760803
7050.0 0.9195526838302612
7060.0 0.9111044406890869
7070.0 0.8980764150619507
7080.0 0.8850483894348145
7090.0 0.8754637241363525
7100.0 0.8658791780471802
7110.0 0.8170498013496399
7120.0 0.7682203650474548
7130.0 0.632677435874939
7140.0 0.4971345067024231
7150.0 0.3445071578025818
7160.0 0.19187982380390167
7170.0 0.12280020862817764
7180.0 0.05372058227658272
7190.0 0.03548416867852211
7200.0 0.017247755080461502
7210.0 0.011438321322202682
7220.0 0.005628899205476046
7230.0 0.0045608039945364
7240.0 0.003492719726637006
7250.0 0.002582903951406479
7260.0 0.0016730879433453083
7270.0 0.001293679466471076
7280.0 0.000914260745048523
7290.0 0.0007503218366764486
7300.0 0.000586383044719696
7310.0 0.0005314148147590458
7320.0 0.0004764569748658687
7330.0 0.0004356851859483868
7340.0 0.00039492372889071703
7350.0 0.0
7360.0 0.0
7370.0 0.0
7380.0 0.0
7390.0 0.0
7400.0 0.0
