decam/transmission_system/s31/i_decam_sdss_c0003_7835.0_1470.0/2012-09-12T00:00:00.ecsv
# %ECSV 1.0
# ---
# datatype:
# - {name: wavelength, unit: Angstrom, datatype: float64}
# - {name: throughput, datatype: float64}
# meta: !!omap
# - {MODE: DETECTOR}
# - {TYPE: transmission_system}
# - {CALIBDATE: '2012-09-12T00:00:00'}
# - {INSTRUME: DECam}
# - {OBSTYPE: transmission_system}
# - {CALIBCLS: lsst.ip.isr.IntermediateSystemTransmissionCurve}
# - {DETECTOR: 3}
# - {DETECTOR_NAME: S31}
# - {SOURCE: i_band_per_detector_throughput.fits}
# - {FILTER: i DECam SDSS c0003 7835.0 1470.0}
# - {CALIB_CREATION_DATE: '2012-09-12'}
# - {CALIB_CREATION_TIME: '00:00:00'}
# schema: astropy-2.0
wavelength throughput
6700.0 0.0
6710.0 0.0
6720.0 0.0
6730.0 0.0
6740.0 0.0
6750.0 0.0
6760.0 0.0013545153196901083
6770.0 0.0015755512285977602
6780.0 0.0017965768929570913
6790.0 0.0020172183867543936
6800.0 0.0022378491703420877
6810.0 0.0024976423010230064
6820.0 0.002757435431703925
6830.0 0.0030537424609065056
6840.0 0.0033500390127301216
6850.0 0.0037215445190668106
6860.0 0.0040930500254035
6870.0 0.004550138954073191
6880.0 0.005007217172533274
6890.0 0.005540241487324238
6900.0 0.006073266267776489
6910.0 0.00668336870148778
6920.0 0.0072934613563120365
6930.0 0.008132357150316238
6940.0 0.008971253409981728
6950.0 0.010166357271373272
6960.0 0.011361473239958286
6970.0 0.013522264547646046
6980.0 0.01568305678665638
6990.0 0.020502209663391113
7000.0 0.025321364402770996
7010.0 0.036388929933309555
7020.0 0.04745647311210632
7030.0 0.0701756402850151
7040.0 0.0928947925567627
7050.0 0.13365678489208221
7060.0 0.17441879212856293
7070.0 0.2372063398361206
7080.0 0.2999939024448395
7090.0 0.3854515850543976
7100.0 0.4709092974662781
7110.0 0.5664424896240234
7120.0 0.661975622177124
7130.0 0.7427887916564941
7140.0 0.823602020740509
7150.0 0.87384432554245
7160.0 0.9240865707397461
7170.0 0.9464012384414673
7180.0 0.9687159061431885
7190.0 0.9713049530982971
7200.0 0.9738938808441162
7210.0 0.9718786478042603
7220.0 0.9698633551597595
7230.0 0.9715515375137329
7240.0 0.9732397794723511
7250.0 0.9794837236404419
7260.0 0.9857276678085327
7270.0 0.9930761456489563
7280.0 1.0004245042800903
7290.0 1.0027340650558472
7300.0 1.005043625831604
7310.0 1.0018690824508667
7320.0 0.998694658279419
7330.0 0.993930459022522
7340.0 0.9891663193702698
7350.0 0.9877042174339294
7360.0 0.9862421154975891
7370.0 0.988936185836792
7380.0 0.9916302561759949
7390.0 0.9965609908103943
7400.0 1.001491665840149
7410.0 1.0043889284133911
7420.0 1.0072861909866333
7430.0 1.008021354675293
7440.0 1.0087565183639526
7450.0 1.0082660913467407
7460.0 1.0077757835388184
7470.0 1.0073530673980713
7480.0 1.0069304704666138
7490.0 1.0076568126678467
7500.0 1.0083832740783691
7510.0 1.0089857578277588
7520.0 1.0095882415771484
7530.0 1.0098867416381836
7540.0 1.0101851224899292
7550.0 1.008866548538208
7560.0 1.0075479745864868
7570.0 1.0052640438079834
7580.0 1.002980351448059
7590.0 0.9935435652732849
7600.0 0.9841068983078003
7610.0 0.9853716492652893
7620.0 0.9866364002227783
7630.0 0.9874330759048462
7640.0 0.9882297515869141
7650.0 0.9913197755813599
7660.0 0.9944098591804504
7670.0 0.9957646727561951
7680.0 0.9971195459365845
7690.0 0.9978430271148682
7700.0 0.9985665082931519
7710.0 1.0007286071777344
7720.0 1.002890706062317
7730.0 1.0055917501449585
7740.0 1.0082927942276
7750.0 1.012821912765503
7760.0 1.0173510313034058
7770.0 1.0189141035079956
7780.0 1.0204771757125854
7790.0 1.0199733972549438
7800.0 1.0194694995880127
7810.0 1.0174598693847656
7820.0 1.015450119972229
7830.0 1.0143423080444336
7840.0 1.0132344961166382
7850.0 1.0148484706878662
7860.0 1.0164623260498047
7870.0 1.0186214447021484
7880.0 1.0207805633544922
7890.0 1.0197458267211914
7900.0 1.0187110900878906
7910.0 1.0136619806289673
7920.0 1.008612871170044
7930.0 1.0010440349578857
7940.0 0.9934751987457275
7950.0 0.9857402443885803
7960.0 0.9780052304267883
7970.0 0.9758948683738708
7980.0 0.9737845063209534
7990.0 0.9793761968612671
8000.0 0.9849679470062256
8010.0 0.99056077003479
8020.0 0.9961536526679993
8030.0 1.001348614692688
8040.0 1.006543517112732
8050.0 1.007080316543579
8060.0 1.0076171159744263
8070.0 1.0057401657104492
8080.0 1.0038633346557617
8090.0 0.9967249035835266
8100.0 0.9895865321159363
8110.0 0.9753811359405518
8120.0 0.982306957244873
8130.0 0.9827823638916016
8140.0 0.9832577705383301
8150.0 0.9881443381309509
8160.0 0.9930307865142822
8170.0 1.007131576538086
8180.0 1.006037950515747
8190.0 1.0033342838287354
8200.0 0.9981417655944824
8210.0 0.9929492473602295
8220.0 0.9855514764785767
8230.0 0.978153645992279
8240.0 0.9749811887741089
8250.0 0.9718086123466492
8260.0 0.974498987197876
8270.0 0.9771893620491028
8280.0 0.9837239384651184
8290.0 0.9902584552764893
8300.0 0.9967930316925049
8310.0 1.0161548852920532
8320.0 1.019250750541687
8330.0 1.0223466157913208
8340.0 1.0254424810409546
8350.0 1.018172264099121
8360.0 1.0129474401474
8370.0 1.0077226161956787
8380.0 1.002497673034668
8390.0 0.9960259199142456
8400.0 0.9899196028709412
8410.0 0.9897922873497009
8420.0 0.9896649718284607
8430.0 0.991074800491333
8440.0 0.9973665475845337
8450.0 0.9984614849090576
8460.0 0.9995564222335815
8470.0 1.0075551271438599
8480.0 1.0155539512634277
8490.0 1.0178619623184204
8500.0 1.0201700925827026
8510.0 0.9961859583854675
8520.0 0.9722018241882324
8530.0 0.895117998123169
8540.0 0.8180341720581055
8550.0 0.6847692728042603
8560.0 0.5515043139457703
8570.0 0.2929525673389435
8580.0 0.2960829734802246
8590.0 0.12290077656507492
8600.0 0.12224911898374557
8610.0 0.04468800872564316
8620.0 0.04488072171807289
8630.0 0.01584482565522194
8640.0 0.01602349989116192
8650.0 0.00626243045553565
8660.0 0.0059362249448895454
8670.0 0.002680274425074458
8680.0 0.0021574480924755335
8690.0 0.001634621643461287
8700.0 0.0
8710.0 0.0
8720.0 0.0
8730.0 0.0
8740.0 0.0
8750.0 0.0
