decam/transmission_system/n3/g_decam_sdss_c0001_4720.0_1520.0/2012-09-12T00:00:00.ecsv
# %ECSV 1.0
# ---
# datatype:
# - {name: wavelength, unit: Angstrom, datatype: float64}
# - {name: throughput, datatype: float64}
# meta: !!omap
# - {MODE: DETECTOR}
# - {TYPE: transmission_system}
# - {CALIBDATE: '2012-09-12T00:00:00'}
# - {INSTRUME: DECam}
# - {OBSTYPE: transmission_system}
# - {CALIBCLS: lsst.ip.isr.IntermediateSystemTransmissionCurve}
# - {DETECTOR: 34}
# - {DETECTOR_NAME: N3}
# - {SOURCE: g_band_per_detector_throughput.fits}
# - {FILTER: g DECam SDSS c0001 4720.0 1520.0}
# - {CALIB_CREATION_DATE: '2012-09-12'}
# - {CALIB_CREATION_TIME: '00:00:00'}
# schema: astropy-2.0
wavelength throughput
3750.0 0.0
3760.0 0.0
3770.0 0.0
3780.0 0.0
3790.0 0.0
3800.0 0.0
3810.0 0.0005508764879778028
3820.0 0.0006292214966379106
3830.0 0.0006256074993871152
3840.0 0.0007397914305329323
3850.0 0.0009488223004154861
3860.0 0.0011578635312616825
3870.0 0.0014900302048772573
3880.0 0.0018221865175291896
3890.0 0.002381589263677597
3900.0 0.0029409918934106827
3910.0 0.0028343889862298965
3920.0 0.00559112848713994
3930.0 0.011002928018569946
3940.0 0.016414716839790344
3950.0 0.017373373731970787
3960.0 0.10036550462245941
3970.0 0.20357052981853485
3980.0 0.3067755699157715
3990.0 0.3082696199417114
4000.0 0.3449912965297699
4010.0 0.3622530996799469
4020.0 0.3795149028301239
4030.0 0.3817872405052185
4040.0 0.3917222321033478
4050.0 0.3907238245010376
4060.0 0.3993642330169678
4070.0 0.403838187456131
4080.0 0.41636931896209717
4090.0 0.41746804118156433
4100.0 0.422584593296051
4110.0 0.4266418218612671
4120.0 0.43069908022880554
4130.0 0.4334472119808197
4140.0 0.4397859275341034
4150.0 0.44235318899154663
4160.0 0.45524686574935913
4170.0 0.4639090597629547
4180.0 0.4725712239742279
4190.0 0.47360602021217346
4200.0 0.4729609787464142
4210.0 0.47623753547668457
4220.0 0.4784238934516907
4230.0 0.47858086228370667
4240.0 0.4960857629776001
4250.0 0.4995702803134918
4260.0 0.5030547976493835
4270.0 0.5064799785614014
4280.0 0.5168579816818237
4290.0 0.5167626738548279
4300.0 0.528590202331543
4310.0 0.532212495803833
4320.0 0.535834789276123
4330.0 0.5403249859809875
4340.0 0.5448151230812073
4350.0 0.5513003468513489
4360.0 0.5577855706214905
4370.0 0.5627192854881287
4380.0 0.5676528811454773
4390.0 0.5741443634033203
4400.0 0.5806359052658081
4410.0 0.5848560333251953
4420.0 0.5890761017799377
4430.0 0.5928104519844055
4440.0 0.5965448021888733
4450.0 0.6000252962112427
4460.0 0.6035057306289673
4470.0 0.6073957085609436
4480.0 0.6112856864929199
4490.0 0.6139698624610901
4500.0 0.616654098033905
4510.0 0.6202081441879272
4520.0 0.6237621307373047
4530.0 0.6289157867431641
4540.0 0.6340694427490234
4550.0 0.6361121535301208
4560.0 0.6381548643112183
4570.0 0.6395803689956665
4580.0 0.64100581407547
4590.0 0.6448381543159485
4600.0 0.6486704349517822
4610.0 0.6537306904792786
4620.0 0.6587909460067749
4630.0 0.6631566286087036
4640.0 0.6675223708152771
4650.0 0.6702490448951721
4660.0 0.6729756593704224
4670.0 0.6738660335540771
4680.0 0.6747564077377319
4690.0 0.6761060953140259
4700.0 0.6774557828903198
4710.0 0.6797468662261963
4720.0 0.6820379495620728
4730.0 0.6861597299575806
4740.0 0.6902814507484436
4750.0 0.6956126093864441
4760.0 0.7009438872337341
4770.0 0.7019956111907959
4780.0 0.7030473351478577
4790.0 0.703170657157898
4800.0 0.7032939791679382
4810.0 0.7086809277534485
4820.0 0.7140678763389587
4830.0 0.716073751449585
4840.0 0.7180795669555664
4850.0 0.7157907485961914
4860.0 0.7135019898414612
4870.0 0.7168396711349487
4880.0 0.7201772928237915
4890.0 0.724760115146637
4900.0 0.7293429374694824
4910.0 0.7309972643852234
4920.0 0.7326515913009644
4930.0 0.7323587536811829
4940.0 0.7320659160614014
4950.0 0.7325761318206787
4960.0 0.733086347579956
4970.0 0.7376354932785034
4980.0 0.7421846389770508
4990.0 0.7451043128967285
5000.0 0.7480239868164062
5010.0 0.7509469985961914
5020.0 0.7538699507713318
5030.0 0.7538976669311523
5040.0 0.7539255023002625
5050.0 0.7560031414031982
5060.0 0.7580808997154236
5070.0 0.7636257410049438
5080.0 0.7691705822944641
5090.0 0.7719692587852478
5100.0 0.7747678756713867
5110.0 0.7730209827423096
5120.0 0.7712740898132324
5130.0 0.7716058492660522
5140.0 0.7719376087188721
5150.0 0.7741217017173767
5160.0 0.7763057351112366
5170.0 0.7761943936347961
5180.0 0.7760829925537109
5190.0 0.7786521911621094
5200.0 0.781221330165863
5210.0 0.7866500020027161
5220.0 0.7920787334442139
5230.0 0.7946223616600037
5240.0 0.7971660494804382
5250.0 0.7979450821876526
5260.0 0.7987241148948669
5270.0 0.7988479137420654
5280.0 0.7989717721939087
5290.0 0.7993032336235046
5300.0 0.7996347546577454
5310.0 0.8022082448005676
5320.0 0.8047817349433899
5330.0 0.8083766102790833
5340.0 0.8119715452194214
5350.0 0.816697359085083
5360.0 0.8214232325553894
5370.0 0.8226739168167114
5380.0 0.8239245414733887
5390.0 0.8251035809516907
5400.0 0.8262826800346375
5410.0 0.8391681909561157
5420.0 0.852053701877594
5430.0 0.8936406373977661
5440.0 0.9352275729179382
5450.0 0.9288219213485718
5460.0 0.9224162101745605
5470.0 0.6880420446395874
5480.0 0.45366787910461426
5490.0 0.2715282440185547
5500.0 0.08938862383365631
5510.0 0.05416474491357803
5520.0 0.01894087716937065
5530.0 0.011449102312326431
5540.0 0.003957337699830532
5550.0 0.0026393881998956203
5560.0 0.0013214388163760304
5570.0 0.0010172183392569423
5580.0 0.000712997920345515
5590.0 0.0006110891117714345
5600.0 0.000509180361405015
5610.0 0.0004460079362615943
5620.0 0.00038282512105070055
5630.0 0.0003503717889543623
5640.0 0.00031790800858289003
5650.0 0.0
5660.0 0.0
5670.0 0.0
5680.0 0.0
5690.0 0.0
5700.0 0.0
