decam/transmission_system/s21/z_decam_sdss_c0004_9260.0_1520.0/2012-09-12T00:00:00.ecsv
# %ECSV 1.0
# ---
# datatype:
# - {name: wavelength, unit: Angstrom, datatype: float64}
# - {name: throughput, datatype: float64}
# meta: !!omap
# - {MODE: DETECTOR}
# - {TYPE: transmission_system}
# - {CALIBDATE: '2012-09-12T00:00:00'}
# - {INSTRUME: DECam}
# - {OBSTYPE: transmission_system}
# - {CALIBCLS: lsst.ip.isr.IntermediateSystemTransmissionCurve}
# - {DETECTOR: 9}
# - {DETECTOR_NAME: S21}
# - {SOURCE: z_band_per_detector_throughput.fits}
# - {FILTER: z DECam SDSS c0004 9260.0 1520.0}
# - {CALIB_CREATION_DATE: '2012-09-12'}
# - {CALIB_CREATION_TIME: '00:00:00'}
# schema: astropy-2.0
wavelength throughput
8200.0 0.0
8210.0 0.0
8220.0 0.0
8230.0 0.0
8240.0 0.0
8250.0 0.0
8260.0 0.0047147939912974834
8270.0 0.005304023157805204
8280.0 0.00647165859118104
8290.0 0.006164769176393747
8300.0 0.005857879761606455
8310.0 0.006536284927278757
8320.0 0.00755840539932251
8330.0 0.0085805244743824
8340.0 0.00960264541208744
8350.0 0.013803794048726559
8360.0 0.01468303520232439
8370.0 0.015562278218567371
8380.0 0.016441520303487778
8390.0 0.024733807891607285
8400.0 0.030131379142403603
8410.0 0.035528961569070816
8420.0 0.04092654213309288
8430.0 0.08329526335000992
8440.0 0.07884791493415833
8450.0 0.12612007558345795
8460.0 0.17339223623275757
8470.0 0.36895495653152466
8480.0 0.36257538199424744
8490.0 0.49782779812812805
8500.0 0.633080244064331
8510.0 0.7371302843093872
8520.0 0.8411803841590881
8530.0 0.9014468789100647
8540.0 0.961713433265686
8550.0 0.9767217636108398
8560.0 0.9917300343513489
8570.0 0.9812553524971008
8580.0 0.991563618183136
8590.0 0.9735929369926453
8600.0 0.9727481007575989
8610.0 0.9798325300216675
8620.0 0.9845792055130005
8630.0 0.9967052936553955
8640.0 1.0049949884414673
8650.0 1.0069211721420288
8660.0 1.0048407316207886
8670.0 1.009109616279602
8680.0 1.0077183246612549
8690.0 1.0063271522521973
8700.0 1.0064404010772705
8710.0 1.0065537691116333
8720.0 1.00735604763031
8730.0 1.0081582069396973
8740.0 1.0068292617797852
8750.0 1.0114548206329346
8760.0 1.013196587562561
8770.0 1.014938235282898
8780.0 1.016831874847412
8790.0 1.0187252759933472
8800.0 1.0194486379623413
8810.0 1.0201719999313354
8820.0 1.0214241743087769
8830.0 1.0226762294769287
8840.0 1.0234190225601196
8850.0 1.0241619348526
8860.0 1.0253541469573975
8870.0 1.0265463590621948
8880.0 1.0280870199203491
8890.0 1.029627799987793
8900.0 1.025085687637329
8910.0 1.0260834693908691
8920.0 1.025054693222046
8930.0 1.0240259170532227
8940.0 1.0229971408843994
8950.0 1.022067666053772
8960.0 1.021138310432434
8970.0 1.0215846300125122
8980.0 1.0220310688018799
8990.0 1.0234756469726562
9000.0 1.0249202251434326
9010.0 1.027092695236206
9020.0 1.0292651653289795
9030.0 1.0310839414596558
9040.0 1.032902717590332
9050.0 1.032517671585083
9060.0 1.0352716445922852
9070.0 1.034019112586975
9080.0 1.032766342163086
9090.0 1.0298879146575928
9100.0 1.0270092487335205
9110.0 1.0242739915847778
9120.0 1.0265998840332031
9130.0 1.0234816074371338
9140.0 1.022689938545227
9150.0 1.0233873128890991
9160.0 1.0229331254959106
9170.0 1.0224790573120117
9180.0 1.0227197408676147
9190.0 1.0229604244232178
9200.0 1.0211918354034424
9210.0 1.0194233655929565
9220.0 1.0172560214996338
9230.0 1.0150889158248901
9240.0 1.0091164112091064
9250.0 1.0031437873840332
9260.0 0.9991388320922852
9270.0 0.9951338171958923
9280.0 0.9879535436630249
9290.0 0.9807733297348022
9300.0 0.9759072065353394
9310.0 0.9710411429405212
9320.0 0.9660810828208923
9330.0 0.961121141910553
9340.0 0.9526610970497131
9350.0 0.9442011117935181
9360.0 0.9321772456169128
9370.0 0.9201533794403076
9380.0 0.9111730456352234
9390.0 0.9021926522254944
9400.0 0.8898220658302307
9410.0 0.8774514198303223
9420.0 0.8689701557159424
9430.0 0.8604888319969177
9440.0 0.8539370894432068
9450.0 0.8573649525642395
9460.0 0.8581407070159912
9470.0 0.858858585357666
9480.0 0.8605338335037231
9490.0 0.8622090816497803
9500.0 0.8620309233665466
9510.0 0.8669155836105347
9520.0 0.8680499792098999
9530.0 0.8691843748092651
9540.0 0.8701799511909485
9550.0 0.8711755275726318
9560.0 0.8720659017562866
9570.0 0.872956395149231
9580.0 0.8721268177032471
9590.0 0.8712971806526184
9600.0 0.8684713840484619
9610.0 0.8656455874443054
9620.0 0.8638413548469543
9630.0 0.8620371222496033
9640.0 0.860137403011322
9650.0 0.8582376837730408
9660.0 0.8573527336120605
9670.0 0.8564678430557251
9680.0 0.8539797067642212
9690.0 0.8514915704727173
9700.0 0.8490034341812134
9710.0 0.8465152978897095
9720.0 0.8422284722328186
9730.0 0.837941586971283
9740.0 0.8335055112838745
9750.0 0.8290694355964661
9760.0 0.8228451013565063
9770.0 0.8166208267211914
9780.0 0.809935986995697
9790.0 0.8032510876655579
9800.0 0.7953543066978455
9810.0 0.7874575853347778
9820.0 0.7787441611289978
9830.0 0.7700307369232178
9840.0 0.7604084610939026
9850.0 0.7507861256599426
9860.0 0.7396968603134155
9870.0 0.7286075353622437
9880.0 0.719038724899292
9890.0 0.7094698548316956
9900.0 0.7007662653923035
9910.0 0.6920627951622009
9920.0 0.6813079118728638
9930.0 0.6705530881881714
9940.0 0.6380448341369629
9950.0 0.605536699295044
9960.0 0.5420213341712952
9970.0 0.47850602865219116
9980.0 0.3895028829574585
9990.0 0.30049970746040344
10000.0 0.22329987585544586
10010.0 0.14610004425048828
10020.0 0.10243269056081772
10030.0 0.05876535549759865
10040.0 0.04131133109331131
10050.0 0.02385730855166912
10060.0 0.01702302321791649
10070.0 0.010188748128712177
10080.0 0.007904695346951485
10090.0 0.0056206532754004
10100.0 0.004473008681088686
10110.0 0.0033253745641559362
10120.0 0.002494641114026308
10130.0 0.0016639179084450006
10140.0 0.0017763363430276513
10150.0 0.0
10160.0 0.0
10170.0 0.0
10180.0 0.0
10190.0 0.0
10200.0 0.0
