decam/transmission_system/s28/g_decam_sdss_c0001_4720.0_1520.0/2012-09-12T00:00:00.ecsv
# %ECSV 1.0
# ---
# datatype:
# - {name: wavelength, unit: Angstrom, datatype: float64}
# - {name: throughput, datatype: float64}
# meta: !!omap
# - {MODE: DETECTOR}
# - {TYPE: transmission_system}
# - {CALIBDATE: '2012-09-12T00:00:00'}
# - {INSTRUME: DECam}
# - {OBSTYPE: transmission_system}
# - {CALIBCLS: lsst.ip.isr.IntermediateSystemTransmissionCurve}
# - {DETECTOR: 7}
# - {DETECTOR_NAME: S28}
# - {SOURCE: g_band_per_detector_throughput.fits}
# - {FILTER: g DECam SDSS c0001 4720.0 1520.0}
# - {CALIB_CREATION_DATE: '2012-09-12'}
# - {CALIB_CREATION_TIME: '00:00:00'}
# schema: astropy-2.0
wavelength throughput
3750.0 0.0
3760.0 0.0
3770.0 0.0
3780.0 0.0
3790.0 0.0
3800.0 0.0
3810.0 0.000797283195424825
3820.0 0.0010305112227797508
3830.0 0.0011258047306910157
3840.0 0.001437575207091868
3850.0 0.0016797863645479083
3860.0 0.0019219975220039487
3870.0 0.002327970927581191
3880.0 0.0027339444495737553
3890.0 0.0032887982670217752
3900.0 0.003843652317300439
3910.0 0.003926442004740238
3920.0 0.0067486390471458435
3930.0 0.013085011392831802
3940.0 0.01942138373851776
3950.0 0.019424550235271454
3960.0 0.1097230538725853
3970.0 0.20900556445121765
3980.0 0.3082880675792694
3990.0 0.30481472611427307
4000.0 0.3413819968700409
4010.0 0.3576793372631073
4020.0 0.3739766776561737
4030.0 0.37949463725090027
4040.0 0.38428357243537903
4050.0 0.3845854699611664
4060.0 0.3948267102241516
4070.0 0.39763590693473816
4080.0 0.41194385290145874
4090.0 0.4116766154766083
4100.0 0.4208241105079651
4110.0 0.42503616213798523
4120.0 0.42924824357032776
4130.0 0.43067631125450134
4140.0 0.4380958080291748
4150.0 0.4399529993534088
4160.0 0.45397111773490906
4170.0 0.4623168706893921
4180.0 0.4706626236438751
4190.0 0.4708375334739685
4200.0 0.4739420711994171
4210.0 0.4742179811000824
4220.0 0.4816911518573761
4230.0 0.48090362548828125
4240.0 0.4976979196071625
4250.0 0.5034193992614746
4260.0 0.5091409087181091
4270.0 0.5109806656837463
4280.0 0.5242507457733154
4290.0 0.5226827263832092
4300.0 0.5353094339370728
4310.0 0.5394448637962341
4320.0 0.5435802340507507
4330.0 0.5482338070869446
4340.0 0.5528874397277832
4350.0 0.5590335726737976
4360.0 0.5651796460151672
4370.0 0.570099949836731
4380.0 0.5750201940536499
4390.0 0.5822340846061707
4400.0 0.5894479751586914
4410.0 0.5938922762870789
4420.0 0.5983365178108215
4430.0 0.6017932891845703
4440.0 0.6052501797676086
4450.0 0.6090964078903198
4460.0 0.6129425764083862
4470.0 0.6152912378311157
4480.0 0.61763995885849
4490.0 0.6208223104476929
4500.0 0.6240046620368958
4510.0 0.627269983291626
4520.0 0.630535364151001
4530.0 0.6352173686027527
4540.0 0.6398994326591492
4550.0 0.6427732706069946
4560.0 0.6456471085548401
4570.0 0.6465616226196289
4580.0 0.6474761366844177
4590.0 0.6515803337097168
4600.0 0.6556845307350159
4610.0 0.6593901515007019
4620.0 0.6630958914756775
4630.0 0.6656851172447205
4640.0 0.668274462223053
4650.0 0.6711211800575256
4660.0 0.6739679574966431
4670.0 0.6741244196891785
4680.0 0.6742809414863586
4690.0 0.675487756729126
4700.0 0.6766945719718933
4710.0 0.6793217062950134
4720.0 0.6819487810134888
4730.0 0.6857572793960571
4740.0 0.6895657181739807
4750.0 0.6939870119094849
4760.0 0.6984082460403442
4770.0 0.699579656124115
4780.0 0.7007511258125305
4790.0 0.7016730904579163
4800.0 0.7025951743125916
4810.0 0.7047718167304993
4820.0 0.7069483995437622
4830.0 0.7076519131660461
4840.0 0.7083553671836853
4850.0 0.7084022760391235
4860.0 0.7084491848945618
4870.0 0.7115434408187866
4880.0 0.7146377563476562
4890.0 0.7188404202461243
4900.0 0.7230431437492371
4910.0 0.7252926230430603
4920.0 0.7275421619415283
4930.0 0.7265287637710571
4940.0 0.7255154252052307
4950.0 0.7253004908561707
4960.0 0.7250855565071106
4970.0 0.7316436171531677
4980.0 0.7382016777992249
4990.0 0.7417435050010681
5000.0 0.7452854514122009
5010.0 0.747196614742279
5020.0 0.7491077184677124
5030.0 0.7507852911949158
5040.0 0.7524628639221191
5050.0 0.7544965147972107
5060.0 0.7565301656723022
5070.0 0.7587414383888245
5080.0 0.7609526515007019
5090.0 0.7630361318588257
5100.0 0.7651196122169495
5110.0 0.7646056413650513
5120.0 0.7640916705131531
5130.0 0.7645311951637268
5140.0 0.7649707794189453
5150.0 0.7687197327613831
5160.0 0.772468626499176
5170.0 0.7753002047538757
5180.0 0.7781316637992859
5190.0 0.7807608842849731
5200.0 0.7833899855613708
5210.0 0.786526083946228
5220.0 0.7896621823310852
5230.0 0.7933566570281982
5240.0 0.7970510125160217
5250.0 0.8002156615257263
5260.0 0.8033803105354309
5270.0 0.8042758703231812
5280.0 0.805171549320221
5290.0 0.8060906529426575
5300.0 0.8070098161697388
5310.0 0.809427797794342
5320.0 0.8118458986282349
5330.0 0.8138220906257629
5340.0 0.815798282623291
5350.0 0.8177418112754822
5360.0 0.8196852803230286
5370.0 0.8168046474456787
5380.0 0.8139239549636841
5390.0 0.8074917197227478
5400.0 0.8010594248771667
5410.0 0.8005012273788452
5420.0 0.7999430894851685
5430.0 0.8044077754020691
5440.0 0.8088725209236145
5450.0 0.7525585293769836
5460.0 0.6962445378303528
5470.0 0.5020056962966919
5480.0 0.3077668249607086
5490.0 0.1823151558637619
5500.0 0.05686347186565399
5510.0 0.03467308729887009
5520.0 0.012482698075473309
5530.0 0.007758182939141989
5540.0 0.0030336787458509207
5550.0 0.0020981179550290108
5560.0 0.0011625575134530663
5570.0 0.0009058695868588984
5580.0 0.000649171182885766
5590.0 0.0005739105399698019
5600.0 0.0004986498970538378
5610.0 0.0004406803927849978
5620.0 0.0003827004984486848
5630.0 0.00036134879337623715
5640.0 0.0003399970883037895
5650.0 0.0
5660.0 0.0
5670.0 0.0
5680.0 0.0
5690.0 0.0
5700.0 0.0
