decam/transmission_system/n20/y_decam_c0005_10095.0_1130.0/2012-09-12T00:00:00.ecsv
# %ECSV 1.0
# ---
# datatype:
# - {name: wavelength, unit: Angstrom, datatype: float64}
# - {name: throughput, datatype: float64}
# meta: !!omap
# - {MODE: DETECTOR}
# - {TYPE: transmission_system}
# - {CALIBDATE: '2012-09-12T00:00:00'}
# - {INSTRUME: DECam}
# - {OBSTYPE: transmission_system}
# - {CALIBCLS: lsst.ip.isr.IntermediateSystemTransmissionCurve}
# - {DETECTOR: 51}
# - {DETECTOR_NAME: N20}
# - {SOURCE: Y_band_per_detector_throughput.fits}
# - {FILTER: Y DECam c0005 10095.0 1130.0}
# - {CALIB_CREATION_DATE: '2012-09-12'}
# - {CALIB_CREATION_TIME: '00:00:00'}
# schema: astropy-2.0
wavelength throughput
9250.0 0.0
9260.0 0.0
9270.0 0.0
9280.0 0.0
9290.0 0.0
9300.0 0.0
9310.0 0.00728254672139883
9320.0 0.008106592111289501
9330.0 0.008930637501180172
9340.0 0.009953858330845833
9350.0 0.010977068915963173
9360.0 0.012273541651666164
9370.0 0.01357001531869173
9380.0 0.015740392729640007
9390.0 0.01791076920926571
9400.0 0.021740619093179703
9410.0 0.025570470839738846
9420.0 0.033351242542266846
9430.0 0.04113202169537544
9440.0 0.05891727656126022
9450.0 0.0767025351524353
9460.0 0.07822585105895996
9470.0 0.15550310909748077
9480.0 0.1591206043958664
9490.0 0.29416733980178833
9500.0 0.3040946125984192
9510.0 0.4944649934768677
9520.0 0.5925021171569824
9530.0 0.6905393004417419
9540.0 0.7517544031143188
9550.0 0.8129695057868958
9560.0 0.8321488499641418
9570.0 0.8513282537460327
9580.0 0.8512946963310242
9590.0 0.8512611985206604
9600.0 0.8493472337722778
9610.0 0.84743332862854
9620.0 0.8453919291496277
9630.0 0.8433505296707153
9640.0 0.842235267162323
9650.0 0.8411199450492859
9660.0 0.8390849232673645
9670.0 0.8370499014854431
9680.0 0.8330448865890503
9690.0 0.8290398716926575
9700.0 0.8262850642204285
9710.0 0.8235303163528442
9720.0 0.814904510974884
9730.0 0.8062787652015686
9740.0 0.8009079098701477
9750.0 0.7955370545387268
9760.0 0.7898914813995361
9770.0 0.7842459678649902
9780.0 0.778502345085144
9790.0 0.7727587223052979
9800.0 0.7672767639160156
9810.0 0.7617948651313782
9820.0 0.7563332915306091
9830.0 0.7508717775344849
9840.0 0.7436803579330444
9850.0 0.7364889979362488
9860.0 0.7295332551002502
9870.0 0.7225774526596069
9880.0 0.71319580078125
9890.0 0.7038140892982483
9900.0 0.6950956583023071
9910.0 0.686377227306366
9920.0 0.6767547130584717
9930.0 0.6671322584152222
9940.0 0.6592519283294678
9950.0 0.6513716578483582
9960.0 0.6417203545570374
9970.0 0.6320691108703613
9980.0 0.622678816318512
9990.0 0.6132886409759521
10000.0 0.6025564670562744
10010.0 0.5918243527412415
10020.0 0.5806089639663696
10030.0 0.569393515586853
10040.0 0.5575726628303528
10050.0 0.5457518696784973
10060.0 0.5347073078155518
10070.0 0.5236627459526062
10080.0 0.5116102695465088
10090.0 0.4995577931404114
10100.0 0.4869139492511749
10110.0 0.47427013516426086
10120.0 0.463114857673645
10130.0 0.4519595503807068
10140.0 0.4399678707122803
10150.0 0.42797622084617615
10160.0 0.4166213572025299
10170.0 0.4052664339542389
10180.0 0.39299002289772034
10190.0 0.3807135820388794
10200.0 0.3690508008003235
10210.0 0.3573880195617676
10220.0 0.3457856774330139
10230.0 0.33418336510658264
10240.0 0.3227263391017914
10250.0 0.31126928329467773
10260.0 0.3005610704421997
10270.0 0.2898528575897217
10280.0 0.2803118824958801
10290.0 0.2707709074020386
10300.0 0.2600615918636322
10310.0 0.24935223162174225
10320.0 0.23872998356819153
10330.0 0.22810772061347961
10340.0 0.21595779061317444
10350.0 0.20380783081054688
10360.0 0.19116708636283875
10370.0 0.17852634191513062
10380.0 0.17138172686100006
10390.0 0.1642371267080307
10400.0 0.15939481556415558
10410.0 0.15455247461795807
10420.0 0.1501772254705429
10430.0 0.14580196142196655
10440.0 0.1413366049528122
10450.0 0.13687124848365784
10460.0 0.13238801062107086
10470.0 0.12790478765964508
10480.0 0.123712457716465
10490.0 0.11952012777328491
10500.0 0.11483120918273926
10510.0 0.110142283141613
10520.0 0.10671422630548477
10530.0 0.10328616201877594
10540.0 0.1006549522280693
10550.0 0.09802373498678207
10560.0 0.09604886919260025
10570.0 0.09407401084899902
10580.0 0.09102851897478104
10590.0 0.08798303455114365
10600.0 0.08107678592205048
10610.0 0.0741705372929573
10620.0 0.06215578317642212
10630.0 0.05014103651046753
10640.0 0.037886135280132294
10650.0 0.025631234049797058
10660.0 0.018077213317155838
10670.0 0.01052318885922432
10680.0 0.007200877647846937
10690.0 0.003878566902130842
10700.0 0.0
10710.0 0.0
10720.0 0.0
10730.0 0.0
10740.0 0.0
10750.0 0.0
